13.348000
13.720000
14.750000
14.869000
17.199000
16.648000
17.018000
17.231000
18.139000
19.311000
19.497000
22.033000
21.811000
24.124000
23.938000
25.700000
26.515000
27.045000
25.990000
26.216000
27.562000
29.376000
29.844000
29.901000
30.807000
31.740000
31.938000
32.241000
33.424000
46.741000
35.905000
37.323000
37.299000
36.987000
39.440000
41.192000
40.790000
42.280000
41.826000
43.745000
44.088000
45.660000
45.768000
47.432000
47.216000
49.181000
49.449000
50.314000
49.524000
52.147000
52.864000
54.253000
53.567000
56.036000
56.242000
58.520000
58.463000
59.529000
60.570000
60.579000
61.551000
64.745000
64.505000
63.615000
65.256000
67.642000
68.182000
70.347000
69.130000
71.651000
70.933000
72.971000
74.506000
73.459000
75.888000
77.774000
77.514000
79.597000
80.298000
80.376000
81.684000
83.974000
83.552000
86.208000
86.491000
86.478000
89.095000
89.910000
90.356000
92.855000
91.519000
92.699000
93.754000
97.240000
96.256000
101.156000
99.619000
100.487000
102.194000
101.964000
102.014000
103.908000
104.041000
107.698000
107.341000
110.184000
110.160000
113.395000
112.089000
115.342000
113.489000
116.734000
115.971000
118.764000
117.744000
122.157000
121.443000
123.551000
122.219000
125.743000
125.344000
130.153000
128.437000
131.428000
131.229000
134.738000
140.162000
141.692000
143.261000
145.550000
140.280000
141.689000
139.284000
141.946000
142.034000
151.858000
145.038000
149.739000
147.893000
151.965000
148.580000
153.304000
151.660000
157.609000
154.780000
159.320000
157.174000
161.369000
161.446000
166.135000
163.242000
171.143000
163.967000
175.323000
168.686000
173.646000
170.916000
175.984000
171.908000
183.892000
184.166000
188.608000
182.570000
189.653000
179.601000
185.689000
184.261000
193.999000
189.024000
204.643000
195.794000
199.445000
192.981000
196.772000
195.090000
208.543000
200.416000
206.421000
203.858000
206.749000
204.492000
212.298000
208.062000
212.195000
207.911000
216.887000
214.794000
219.685000
214.990000
219.674000
220.809000
224.994000
222.622000
225.399000
226.114000
233.536000
228.443000
231.304000
230.854000
246.652000
239.910000
240.834000
240.472000
245.688000
243.573000
248.916000
242.051000
255.929000
247.800000
250.581000
251.601000
257.326000
253.774000
256.001000
255.051000
265.551000
261.023000
268.072000
269.956000
279.471000
270.415000
271.802000
272.549000
275.341000
273.054000
282.087000
294.492000
287.780000
280.985000
290.512000
283.008000
298.144000
288.740000
299.225000
291.762000
316.240000
309.640000
311.598000
299.183000
304.877000
296.837000
305.790000
300.763000
310.085000
303.543000
313.363000
383.113000
421.644000
371.593000
366.993000
345.826000
353.960000
332.829000
328.685000
340.612000
351.927000
345.091000
354.550000
344.268000
348.306000
351.491000
353.867000
346.110000
402.771000
408.960000
392.887000
382.046000
381.988000
377.301000
384.853000
365.999000
387.409000
379.760000
380.128000
388.664000
384.889000
382.699000
378.143000
380.272000
389.920000
386.189000
395.066000
384.605000
400.229000
403.204000
404.288000
410.671000
409.113000
403.545000
412.157000
405.341000
416.547000
401.550000
415.885000
409.340000
430.350000
426.118000
421.969000
417.085000
424.459000
417.677000
434.483000
424.612000
432.840000
435.192000
449.148000
434.213000
464.112000
435.585000
447.507000
450.786000
459.520000
444.469000
452.922000
452.198000
456.736000
449.149000
471.072000
443.132000
466.526000
458.555000
465.752000
459.374000
476.749000
460.405000
476.381000
466.400000
515.700000
469.226000
486.573000
473.306000
490.595000
473.708000
486.951000
478.161000
496.161000
485.471000
513.206000
532.081000
511.773000
492.337000
492.953000
488.952000
506.172000
488.411000
507.629000
497.252000
522.865000
497.747000
522.277000
512.688000
533.594000
513.879000
520.941000
517.710000
529.890000
543.814000
606.497000
576.395000
576.913000
548.065000
626.536000
585.890000
573.965000
565.673000
591.821000
600.226000
658.436000
569.324000
723.291000
624.983000
615.984000
593.102000
585.252000
594.536000
639.102000
590.305000
661.354000
602.432000
600.012000
585.247000
664.380000
607.825000
615.572000
593.287000
625.715000
622.805000
635.154000
646.153000
623.924000
12.675000
13.968000
13.718000
14.864000
15.051000
16.474000
17.095000
17.458000
18.771000
19.350000
19.486000
21.558000
21.111000
22.284000
23.510000
23.733000
24.157000
29.620000
27.447000
26.925000
27.599000
28.552000
29.229000
29.949000
30.428000
32.534000
32.641000
33.895000
43.602000
36.672000
35.882000
40.234000
42.734000
40.942000
46.322000
47.024000
41.502000
42.525000
42.094000
44.198000
44.153000
45.558000
55.483000
59.999000
49.457000
48.894000
51.560000
52.450000
51.359000
52.968000
52.930000
56.326000
57.920000
66.930000
58.147000
59.318000
60.369000
63.412000
59.726000
63.273000
62.762000
63.721000
64.238000
68.256000
65.426000
66.955000
66.015000
76.988000
70.308000
72.622000
73.915000
80.938000
86.835000
78.278000
86.680000
79.059000
84.507000
81.612000
81.795000
84.064000
84.243000
88.992000
88.719000
91.789000
87.650000
92.258000
88.584000
115.654000
97.685000
128.855000
128.362000
116.412000
109.590000
102.759000
102.397000
103.879000
105.826000
101.923000
105.437000
129.340000
136.688000
133.883000
136.604000
124.808000
113.837000
116.851000
114.070000
117.905000
115.820000
121.148000
117.835000
119.882000
117.165000
123.759000
119.780000
124.762000
149.725000
148.569000
161.559000
152.586000
144.776000
128.976000
135.049000
153.408000
147.009000
146.781000
138.173000
140.750000
141.103000
140.527000
141.163000
142.563000
146.795000
145.527000
162.362000
155.668000
151.695000
159.559000
154.833000
156.715000
155.166000
157.280000
157.214000
161.932000
160.470000
164.276000
165.927000
190.489000
208.749000
189.132000
177.539000
179.545000
178.229000
184.360000
175.532000
184.577000
180.500000
175.985000
212.363000
192.175000
188.871000
191.957000
187.490000
189.460000
203.545000
220.463000
195.577000
197.178000
204.180000
205.082000
202.949000
203.824000
199.838000
227.270000
200.874000
222.376000
209.144000
216.619000
208.795000
227.345000
216.768000
221.074000
211.140000
229.018000
235.298000
228.713000
223.064000
230.785000
227.235000
230.579000
222.477000
242.311000
233.664000
242.598000
229.946000
238.049000
230.808000
240.070000
232.151000
246.678000
250.641000
268.561000
269.317000
264.905000
259.096000
265.080000
260.229000
262.399000
266.942000
262.448000
265.302000
264.397000
272.726000
297.093000
280.287000
282.512000
281.478000
287.101000
280.617000
287.793000
284.937000
288.264000
286.702000
286.506000
281.893000
282.105000
333.232000
329.458000
282.570000
346.136000
363.295000
310.813000
312.593000
316.323000
295.031000
339.318000
337.095000
322.664000
316.382000
339.522000
327.041000
330.761000
321.353000
318.332000
329.846000
350.924000
345.745000
338.986000
327.240000
331.884000
326.207000
338.553000
329.688000
356.366000
334.738000
340.037000
344.480000
346.780000
336.662000
350.144000
344.503000
351.072000
348.530000
359.458000
352.059000
368.541000
359.080000
366.740000
351.052000
369.962000
367.705000
369.656000
367.133000
410.148000
380.337000
390.670000
437.250000
423.798000
399.336000
411.873000
392.899000
419.276000
437.482000
414.963000
417.593000
433.957000
401.405000
414.915000
400.618000
444.922000
436.276000
412.776000
415.587000
432.663000
444.425000
417.732000
429.895000
448.359000
415.029000
434.646000
441.185000
473.825000
488.575000
458.394000
464.932000
462.723000
443.712000
450.396000
459.064000
464.535000
452.092000
475.310000
451.436000
454.307000
454.135000
474.085000
462.936000
467.911000
459.557000
477.574000
468.073000
479.929000
470.923000
475.465000
465.659000
483.405000
483.250000
492.887000
494.319000
486.128000
603.922000
665.758000
501.322000
523.780000
518.183000
524.225000
512.493000
520.976000
519.939000
543.183000
526.082000
565.221000
514.631000
570.630000
545.497000
538.436000
577.407000
582.857000
544.811000
547.364000
543.103000
550.345000
585.028000
558.372000
550.076000
566.911000
567.186000
556.455000
555.219000
563.960000
545.472000
559.468000
562.167000
569.009000
556.144000
588.173000
576.512000
593.892000
580.763000
593.748000
610.591000
630.422000
574.701000
587.215000
582.487000
591.448000
589.376000
594.221000
582.210000
601.026000
600.716000
615.218000
607.510000
630.777000
610.067000
613.940000
658.080000
611.902000
605.577000
628.110000
12.469000
12.907000
13.680000
14.471000
15.362000
16.086000
17.212000
17.158000
17.716000
19.640000
19.228000
20.960000
21.458000
22.215000
23.254000
23.475000
25.167000
25.772000
26.228000
26.678000
29.225000
29.333000
30.001000
31.458000
30.374000
32.115000
34.341000
34.116000
35.272000
35.710000
37.626000
36.925000
36.888000
38.916000
40.390000
41.148000
40.725000
43.050000
42.929000
44.778000
45.132000
45.332000
45.969000
47.756000
49.386000
50.174000
49.922000
51.134000
56.240000
54.061000
54.106000
58.665000
55.403000
60.071000
57.456000
59.876000
58.460000
60.167000
60.169000
62.492000
64.054000
64.766000
64.352000
66.854000
66.770000
68.711000
71.961000
75.641000
73.377000
81.077000
76.445000
76.126000
75.422000
79.431000
78.459000
80.535000
84.617000
82.480000
80.636000
83.035000
83.063000
84.178000
87.264000
87.983000
85.964000
96.631000
89.055000
92.052000
93.616000
93.802000
94.688000
96.473000
94.616000
98.110000
98.494000
99.605000
99.138000
102.675000
103.928000
105.102000
105.802000
106.890000
106.584000
109.097000
109.216000
110.486000
113.362000
114.771000
116.788000
120.334000
118.312000
123.373000
120.250000
124.502000
122.244000
138.446000
159.439000
162.408000
156.522000
159.436000
144.485000
157.778000
152.268000
145.077000
140.851000
140.860000
138.341000
144.158000
146.001000
150.341000
143.448000
149.199000
146.518000
151.961000
152.007000
152.432000
153.557000
157.290000
153.681000
161.586000
153.495000
161.003000
162.474000
164.673000
163.970000
165.405000
165.069000
169.246000
170.827000
176.516000
175.026000
180.520000
177.090000
178.544000
180.369000
179.896000
178.321000
181.904000
179.568000
187.751000
183.798000
186.148000
187.643000
190.114000
190.974000
199.918000
198.584000
200.500000
200.120000
204.748000
203.965000
209.380000
206.218000
207.126000
217.622000
211.390000
206.401000
215.200000
210.052000
218.508000
218.551000
222.009000
219.609000
222.858000
217.794000
225.478000
220.449000
232.933000
269.240000
254.923000
231.828000
235.366000
230.457000
239.257000
232.486000
238.616000
239.241000
243.630000
238.924000
245.801000
251.330000
252.854000
249.096000
260.107000
253.932000
257.634000
250.092000
263.275000
260.126000
265.950000
257.275000
268.879000
266.140000
263.246000
267.265000
289.111000
273.611000
284.144000
282.172000
287.827000
274.965000
279.471000
295.720000
302.968000
323.085000
309.405000
282.670000
291.444000
295.828000
298.468000
294.522000
295.766000
293.183000
299.638000
298.612000
302.110000
299.753000
302.968000
299.507000
310.702000
307.833000
310.272000
307.341000
327.088000
325.433000
322.271000
324.737000
329.318000
357.373000
366.637000
341.312000
350.112000
362.972000
336.423000
330.048000
338.148000
333.645000
347.049000
371.475000
346.306000
352.819000
343.665000
337.540000
357.394000
346.364000
354.009000
344.559000
352.312000
345.668000
353.342000
348.166000
364.337000
353.649000
359.510000
359.886000
368.005000
361.243000
383.881000
364.097000
373.398000
381.735000
383.749000
373.206000
389.268000
380.679000
394.034000
383.705000
390.840000
386.175000
395.813000
397.218000
393.615000
388.409000
407.589000
396.539000
411.467000
400.809000
410.713000
401.597000
412.084000
407.384000
418.475000
444.114000
422.791000
420.455000
421.370000
419.997000
462.162000
420.757000
426.347000
425.712000
434.673000
430.452000
455.457000
490.999000
508.683000
533.160000
498.171000
500.547000
498.533000
549.877000
515.527000
570.922000
551.994000
525.287000
487.402000
475.742000
488.149000
479.309000
486.917000
480.165000
488.310000
487.212000
489.869000
476.709000
489.056000
486.154000
485.340000
484.882000
492.048000
490.371000
490.903000
498.206000
510.852000
501.765000
511.428000
511.877000
517.070000
504.823000
588.472000
509.732000
551.378000
564.372000
546.761000
518.332000
524.699000
518.178000
541.699000
534.210000
579.526000
525.824000
557.264000
620.861000
608.244000
572.411000
600.820000
585.214000
659.773000
626.815000
603.001000
599.031000
598.784000
574.042000
575.142000
603.855000
594.121000
608.153000
664.376000
657.651000
652.132000
631.571000
633.228000
636.949000
622.908000
620.113000
631.459000
616.324000
621.372000
633.137000
634.802000
12.854000
13.317000
13.996000
15.823000
18.782000
16.863000
17.436000
18.280000
19.880000
20.855000
23.157000
23.637000
27.749000
24.117000
23.987000
23.534000
31.142000
30.516000
33.627000
29.566000
32.302000
37.692000
30.561000
36.287000
33.168000
34.736000
38.920000
38.098000
39.669000
35.467000
40.081000
38.721000
39.562000
43.843000
39.714000
46.530000
43.594000
46.013000
47.621000
50.824000
45.825000
53.851000
52.150000
57.548000
49.053000
60.919000
57.578000
53.362000
57.359000
60.870000
55.545000
61.473000
56.452000
57.160000
63.530000
61.548000
62.310000
62.621000
67.712000
68.895000
63.514000
65.447000
62.939000
64.587000
67.638000
77.332000
69.371000
74.451000
73.494000
82.300000
78.904000
85.611000
76.213000
85.583000
77.169000
87.532000
79.068000
87.415000
82.128000
86.637000
82.755000
92.043000
85.868000
92.369000
86.364000
94.596000
88.672000
98.464000
91.045000
101.777000
96.216000
104.524000
105.496000
99.872000
110.536000
103.823000
109.568000
114.960000
104.996000
110.705000
111.124000
111.444000
114.728000
110.421000
113.277000
114.784000
111.533000
118.934000
116.261000
120.535000
117.615000
123.208000
121.373000
121.737000
124.866000
126.534000
123.233000
128.297000
133.248000
130.201000
136.541000
142.777000
134.199000
143.453000
143.382000
138.703000
146.938000
143.978000
150.250000
141.495000
145.195000
148.338000
148.778000
150.622000
150.300000
153.921000
151.995000
155.643000
157.721000
195.906000
210.226000
175.955000
165.125000
158.247000
167.564000
167.040000
165.832000
168.841000
167.823000
168.214000
169.363000
175.537000
179.375000
179.205000
177.561000
180.237000
182.451000
189.918000
188.945000
193.048000
182.465000
217.144000
195.182000
193.922000
190.421000
190.938000
193.534000
201.797000
198.086000
204.511000
200.983000
205.127000
203.846000
207.749000
205.095000
210.841000
208.374000
208.454000
210.735000
218.742000
218.131000
215.942000
213.454000
223.951000
224.071000
228.143000
224.465000
229.624000
222.302000
231.105000
227.628000
236.628000
236.587000
235.414000
247.826000
255.213000
247.582000
245.121000
238.757000
245.998000
245.301000
242.386000
246.784000
258.488000
252.739000
253.030000
293.499000
256.928000
252.147000
257.516000
270.625000
288.850000
351.691000
307.133000
306.420000
319.357000
301.663000
368.600000
309.017000
303.883000
294.844000
297.774000
291.402000
325.200000
397.827000
307.731000
315.357000
316.739000
309.127000
312.261000
324.784000
330.300000
318.880000
345.283000
316.605000
329.753000
320.361000
323.166000
320.978000
337.662000
306.056000
362.766000
313.129000
361.659000
346.694000
371.075000
358.938000
349.366000
344.159000
360.427000
330.079000
339.041000
333.072000
355.690000
345.016000
356.029000
343.459000
346.744000
343.762000
353.322000
349.082000
369.052000
360.255000
369.174000
355.941000
365.325000
364.913000
381.510000
368.870000
411.551000
404.620000
396.217000
386.232000
395.700000
421.188000
394.468000
376.876000
392.861000
384.333000
396.596000
396.531000
397.716000
387.478000
405.302000
393.028000
402.956000
414.818000
413.154000
396.044000
409.136000
407.445000
417.196000
409.912000
406.324000
402.230000
426.652000
414.049000
428.610000
422.318000
427.388000
438.757000
503.383000
467.434000
453.998000
431.216000
446.299000
433.304000
467.085000
443.794000
482.205000
453.035000
451.658000
520.973000
498.584000
462.410000
475.434000
445.166000
468.810000
497.401000
485.303000
476.085000
501.559000
502.954000
509.874000
486.395000
496.060000
473.041000
494.571000
485.347000
502.024000
509.961000
518.786000
503.927000
575.041000
523.060000
521.027000
509.333000
520.903000
507.442000
515.200000
513.865000
512.632000
515.716000
536.807000
536.888000
521.391000
524.469000
539.743000
536.786000
536.335000
524.257000
556.150000
529.417000
553.356000
537.222000
559.281000
540.462000
607.812000
600.427000
618.601000
723.541000
726.468000
595.729000
577.170000
557.028000
572.311000
560.101000
575.697000
566.613000
615.358000
605.291000
623.227000
615.333000
614.481000
606.471000
600.906000
611.217000
604.380000
599.371000
602.543000
586.334000
598.740000
591.310000
607.830000
595.481000
595.845000
602.889000
621.308000
629.916000
592.950000
12.918000
12.875000
13.347000
14.068000
14.940000
15.491000
17.047000
17.118000
17.633000
18.162000
18.852000
20.956000
21.388000
22.138000
22.517000
28.806000
23.958000
26.683000
25.413000
28.192000
28.153000
28.286000
29.516000
29.462000
31.448000
31.137000
32.044000
33.453000
34.177000
34.958000
35.389000
36.981000
36.586000
40.610000
45.458000
43.233000
41.896000
43.630000
46.664000
51.800000
54.573000
48.371000
55.012000
56.244000
51.954000
60.161000
58.603000
51.923000
50.870000
53.855000
52.644000
55.094000
56.963000
57.946000
63.720000
60.496000
59.619000
67.212000
70.029000
69.702000
68.066000
73.497000
76.198000
76.594000
79.869000
70.921000
76.281000
78.462000
80.109000
76.541000
78.613000
80.168000
76.854000
80.912000
80.876000
81.861000
82.239000
84.700000
79.971000
86.885000
89.625000
92.660000
98.189000
88.614000
86.812000
90.640000
96.741000
99.284000
93.319000
96.985000
92.829000
99.342000
95.027000
101.004000
98.967000
104.213000
104.552000
101.974000
104.161000
104.058000
106.787000
112.290000
106.507000
115.060000
113.798000
113.116000
114.880000
116.701000
117.095000
116.689000
118.740000
121.616000
122.042000
125.246000
125.032000
122.987000
127.457000
130.086000
128.533000
133.324000
128.768000
135.081000
134.160000
134.229000
133.843000
138.626000
138.125000
141.163000
142.018000
143.378000
143.567000
143.983000
148.682000
149.084000
149.440000
150.949000
151.704000
153.470000
159.623000
163.070000
167.836000
169.434000
165.691000
166.103000
166.108000
164.855000
167.919000
169.335000
178.210000
176.356000
182.899000
204.320000
189.106000
191.969000
184.548000
187.157000
185.350000
193.213000
185.894000
190.598000
185.320000
187.511000
190.871000
196.598000
196.976000
195.316000
192.204000
198.046000
199.111000
199.507000
196.717000
201.957000
206.468000
212.676000
206.864000
208.357000
209.254000
211.102000
210.925000
211.124000
209.050000
218.545000
213.196000
224.253000
217.464000
222.752000
223.540000
227.896000
225.645000
226.495000
226.927000
235.704000
230.788000
238.379000
239.303000
244.310000
243.289000
245.474000
239.695000
244.407000
242.409000
248.673000
243.911000
253.258000
250.388000
246.532000
246.810000
260.179000
253.024000
257.741000
255.302000
263.316000
259.151000
263.563000
261.985000
270.098000
267.119000
270.078000
277.775000
286.458000
270.385000
279.343000
273.816000
281.695000
276.566000
284.225000
283.661000
287.572000
281.099000
291.561000
289.177000
296.882000
291.745000
298.398000
294.704000
299.543000
298.700000
305.103000
301.785000
310.529000
306.433000
309.329000
306.948000
317.181000
308.362000
309.326000
311.210000
314.410000
311.242000
317.856000
315.802000
321.194000
318.312000
325.166000
319.751000
331.325000
326.847000
334.376000
336.096000
338.310000
331.316000
341.242000
336.124000
342.705000
341.077000
346.473000
343.416000
354.386000
349.351000
352.873000
347.800000
356.541000
353.117000
364.131000
357.561000
365.537000
359.486000
363.807000
362.775000
371.227000
371.109000
381.569000
370.933000
380.691000
376.060000
378.245000
381.927000
395.377000
380.867000
392.305000
387.924000
397.386000
386.996000
392.525000
393.619000
404.173000
398.750000
407.800000
397.988000
414.099000
403.447000
413.033000
407.854000
419.116000
411.165000
419.506000
454.728000
423.715000
418.546000
425.788000
424.073000
440.113000
426.204000
437.380000
430.973000
448.676000
434.948000
441.706000
440.872000
455.805000
446.233000
449.891000
447.846000
457.161000
447.637000
458.884000
451.880000
467.835000
461.100000
467.246000
461.514000
477.598000
462.301000
477.515000
469.131000
488.766000
479.577000
489.133000
479.028000
492.295000
481.436000
490.148000
483.269000
502.933000
489.084000
511.543000
495.840000
509.151000
495.682000
508.034000
500.466000
519.510000
503.087000
524.594000
509.855000
526.349000
516.182000
524.465000
517.755000
535.444000
522.585000
537.626000
527.865000
553.363000
531.513000
541.542000
536.540000
551.146000
559.089000
547.427000
547.507000
555.275000
552.542000
555.076000
554.754000
576.214000
555.850000
576.919000
559.648000
577.151000
565.283000
578.542000
575.884000
586.048000
576.389000
586.709000
582.480000
598.304000
581.755000
600.717000
12.409000
12.410000
13.260000
14.345000
14.426000
15.507000
16.456000
16.911000
17.988000
18.623000
18.910000
20.543000
21.171000
22.097000
22.440000
23.678000
23.899000
25.029000
26.780000
25.541000
27.494000
28.510000
28.630000
30.481000
29.616000
31.642000
31.442000
32.793000
33.962000
35.519000
36.205000
35.911000
36.283000
39.516000
39.021000
40.315000
40.248000
41.653000
41.606000
46.021000
44.705000
44.725000
44.275000
46.648000
47.760000
49.021000
48.253000
49.329000
50.658000
52.556000
52.815000
53.311000
54.170000
56.364000
57.699000
57.319000
58.344000
60.773000
59.118000
61.239000
62.635000
64.123000
63.154000
65.021000
64.937000
67.133000
66.799000
68.084000
70.145000
71.773000
71.722000
73.109000
73.996000
74.779000
75.738000
79.162000
78.240000
79.024000
78.965000
80.036000
83.382000
86.943000
83.223000
85.482000
85.140000
85.723000
88.185000
89.323000
88.407000
91.676000
91.174000
93.229000
95.114000
95.009000
95.863000
100.797000
98.144000
100.160000
103.536000
101.950000
101.521000
105.143000
106.145000
109.049000
107.875000
110.184000
110.390000
111.746000
111.343000
112.012000
113.627000
117.343000
116.423000
117.951000
118.187000
121.012000
119.886000
122.202000
122.701000
133.033000
126.371000
129.692000
128.958000
132.190000
130.850000
131.682000
132.453000
136.317000
137.365000
137.934000
138.951000
140.433000
139.519000
141.648000
144.109000
148.892000
145.049000
153.621000
154.121000
155.824000
156.020000
158.883000
154.541000
156.954000
155.622000
157.592000
157.487000
167.910000
162.057000
160.882000
163.751000
166.713000
164.752000
170.061000
170.424000
171.718000
171.950000
173.777000
172.543000
178.980000
178.425000
179.034000
181.541000
182.463000
181.976000
186.210000
184.323000
188.180000
193.590000
200.274000
200.973000
196.944000
194.301000
195.352000
194.159000
201.217000
200.234000
203.903000
200.886000
204.860000
226.203000
207.448000
205.909000
211.200000
210.248000
216.099000
213.841000
218.142000
214.272000
224.590000
221.300000
225.240000
224.833000
227.934000
226.432000
233.293000
227.770000
230.863000
230.283000
238.653000
232.541000
238.258000
239.002000
245.440000
239.605000
242.477000
246.323000
250.157000
244.712000
250.500000
250.479000
257.038000
251.300000
257.582000
255.400000
268.069000
257.306000
263.347000
261.693000
269.418000
265.556000
268.741000
273.211000
274.371000
269.561000
279.446000
275.539000
281.312000
274.783000
283.873000
280.190000
288.209000
283.751000
292.134000
289.842000
292.023000
294.737000
298.931000
292.065000
300.880000
298.428000
301.881000
299.396000
310.922000
302.081000
306.158000
307.321000
314.628000
309.323000
324.336000
317.651000
321.688000
316.639000
325.537000
329.896000
342.188000
325.394000
331.491000
328.892000
335.848000
331.088000
343.782000
336.848000
342.880000
341.563000
349.183000
341.929000
352.101000
345.130000
363.623000
357.683000
360.938000
349.566000
366.964000
355.022000
365.551000
359.879000
364.374000
362.094000
374.681000
366.391000
377.077000
371.238000
377.573000
389.746000
378.123000
377.388000
389.362000
380.962000
392.023000
383.762000
395.151000
393.188000
409.682000
401.690000
401.881000
398.082000
407.925000
397.867000
411.522000
401.807000
412.229000
413.093000
418.442000
417.861000
431.135000
432.651000
438.086000
433.013000
448.402000
434.600000
463.199000
476.135000
454.573000
473.968000
492.202000
457.477000
470.596000
438.431000
453.005000
445.745000
456.145000
462.887000
468.956000
460.841000
454.506000
475.452000
491.485000
480.206000
481.198000
479.726000
520.672000
492.708000
509.548000
485.605000
539.346000
557.678000
540.699000
550.461000
528.209000
564.537000
544.793000
499.434000
526.161000
515.353000
531.509000
516.493000
570.008000
537.442000
557.880000
561.635000
581.380000
548.377000
580.047000
621.116000
571.406000
561.696000
690.035000
571.482000
577.522000
589.036000
579.180000
570.920000
623.527000
548.126000
562.603000
547.649000
556.913000
546.019000
557.588000
554.369000
558.281000
549.241000
557.482000
559.854000
574.871000
552.911000
572.843000
558.331000
576.841000
564.586000
578.476000
570.695000
585.253000
575.418000
583.349000
584.715000
594.000000
583.811000
593.783000
12.493000
12.764000
13.190000
14.493000
15.052000
15.480000
16.443000
16.757000
18.031000
18.923000
18.736000
20.985000
21.210000
22.798000
23.167000
23.702000
23.885000
24.609000
25.403000
26.052000
27.787000
28.682000
30.698000
30.363000
29.997000
30.880000
31.198000
34.370000
34.983000
35.462000
37.429000
36.195000
38.084000
38.723000
39.510000
41.413000
40.684000
41.491000
41.849000
44.209000
44.328000
45.093000
44.747000
46.241000
47.173000
48.820000
51.257000
48.681000
51.320000
53.381000
52.102000
52.803000
55.154000
56.249000
57.788000
56.695000
58.042000
59.809000
58.574000
60.500000
61.484000
63.650000
62.255000
63.805000
65.706000
67.593000
66.137000
68.371000
71.417000
71.510000
71.372000
74.480000
74.149000
74.363000
75.189000
76.026000
76.522000
79.118000
78.424000
80.764000
81.854000
82.591000
83.009000
85.671000
84.787000
87.705000
87.763000
88.702000
89.796000
92.948000
90.404000
93.813000
93.282000
95.139000
97.673000
98.052000
96.457000
101.692000
99.384000
100.786000
104.475000
104.616000
104.622000
107.993000
106.768000
109.176000
107.877000
111.215000
110.067000
112.716000
112.212000
117.391000
131.285000
122.223000
116.988000
122.077000
119.555000
122.338000
123.755000
126.986000
126.645000
128.960000
127.159000
130.455000
128.627000
132.013000
131.298000
136.323000
135.095000
140.207000
136.163000
140.400000
139.018000
142.897000
141.625000
147.708000
145.063000
148.500000
146.523000
151.235000
150.582000
153.658000
151.360000
156.270000
154.057000
158.651000
156.712000
161.774000
159.604000
162.293000
162.136000
169.709000
163.465000
170.695000
168.652000
172.315000
170.975000
175.434000
170.699000
180.575000
177.453000
180.462000
177.468000
182.279000
179.835000
186.446000
184.444000
189.142000
186.333000
192.507000
191.801000
195.885000
191.423000
195.876000
193.660000
202.590000
199.237000
202.231000
201.425000
204.617000
205.639000
207.494000
204.878000
211.664000
210.288000
215.297000
217.527000
218.194000
213.834000
220.648000
219.943000
222.719000
221.295000
225.981000
230.088000
228.949000
225.384000
230.734000
229.633000
238.640000
232.664000
237.843000
236.992000
244.666000
237.810000
243.269000
243.996000
249.590000
246.712000
249.117000
248.631000
257.579000
252.071000
255.205000
255.691000
263.294000
256.924000
263.108000
262.675000
268.525000
263.469000
271.101000
276.433000
280.965000
275.185000
281.394000
303.473000
308.774000
299.392000
322.056000
310.289000
312.363000
337.936000
422.906000
335.853000
395.855000
322.678000
318.461000
315.734000
336.227000
316.172000
320.983000
327.829000
380.668000
465.728000
383.265000
345.984000
331.196000
327.467000
352.905000
314.829000
326.123000
321.305000
323.886000
317.905000
339.281000
331.490000
335.476000
342.854000
350.442000
352.702000
362.620000
337.011000
354.055000
349.419000
369.544000
347.547000
357.560000
405.240000
401.831000
367.105000
375.454000
376.088000
383.796000
388.025000
406.112000
385.963000
396.832000
381.719000
387.482000
385.113000
412.502000
400.526000
402.384000
387.620000
398.520000
387.437000
402.540000
400.234000
399.571000
400.711000
415.089000
386.352000
398.415000
389.446000
409.256000
409.331000
426.914000
418.521000
417.469000
416.656000
423.645000
418.134000
438.382000
419.465000
424.064000
417.163000
430.881000
417.822000
439.007000
435.540000
452.442000
431.190000
443.381000
441.670000
445.293000
443.135000
450.846000
455.638000
455.714000
447.191000
465.165000
462.412000
505.149000
465.719000
475.736000
452.561000
471.498000
465.136000
490.925000
462.856000
478.412000
464.733000
481.206000
485.598000
488.959000
471.966000
486.450000
477.611000
491.318000
482.689000
490.266000
486.279000
512.041000
496.308000
503.403000
509.501000
518.268000
510.417000
519.595000
519.229000
527.218000
512.210000
530.287000
527.662000
536.029000
524.398000
546.330000
534.743000
560.798000
552.389000
551.395000
550.267000
561.505000
536.881000
539.289000
537.461000
554.023000
554.767000
550.856000
548.838000
559.537000
547.676000
569.083000
554.939000
574.003000
560.076000
573.441000
564.923000
578.535000
577.954000
579.153000
591.496000
588.822000
575.319000
590.986000
585.302000
602.918000
601.617000
606.566000
14.516000
14.171000
13.031000
14.345000
15.844000
15.167000
16.692000
17.827000
18.729000
19.837000
19.948000
21.747000
21.918000
22.215000
23.047000
23.430000
23.408000
25.632000
26.180000
26.964000
27.404000
28.964000
29.560000
30.552000
32.625000
33.611000
32.886000
33.371000
34.362000
34.889000
35.326000
35.980000
37.449000
40.789000
40.017000
40.319000
39.922000
40.643000
42.851000
44.490000
44.946000
44.678000
44.793000
47.383000
48.941000
51.565000
49.376000
51.608000
51.354000
55.880000
53.465000
54.764000
55.119000
56.457000
57.047000
57.826000
58.738000
60.629000
60.144000
61.748000
62.764000
62.511000
63.770000
66.273000
66.536000
66.693000
68.319000
72.378000
69.775000
71.810000
72.613000
72.574000
72.340000
75.581000
75.564000
76.671000
79.591000
78.638000
80.093000
83.973000
80.852000
83.936000
84.084000
84.432000
85.509000
87.744000
86.950000
94.632000
90.907000
90.089000
93.490000
95.926000
92.383000
97.237000
95.573000
97.191000
99.345000
99.422000
99.417000
103.946000
102.080000
106.474000
104.641000
106.313000
107.894000
108.379000
109.374000
110.121000
112.438000
113.236000
116.832000
117.798000
114.902000
119.996000
117.378000
121.741000
120.126000
124.692000
123.930000
130.329000
124.512000
132.408000
131.127000
135.044000
131.313000
135.174000
137.966000
139.870000
135.004000
143.865000
139.786000
143.398000
142.920000
145.839000
144.859000
150.038000
146.030000
151.272000
148.420000
156.079000
154.430000
158.365000
152.508000
162.587000
155.256000
164.121000
158.646000
163.578000
159.963000
163.020000
162.575000
169.187000
166.633000
170.922000
169.821000
172.952000
173.603000
178.299000
173.502000
180.478000
175.542000
180.016000
180.994000
185.629000
184.930000
183.896000
183.135000
192.047000
187.289000
192.635000
191.046000
194.481000
191.988000
196.098000
196.774000
203.060000
196.893000
202.994000
200.629000
208.749000
205.226000
208.002000
206.639000
217.153000
212.288000
215.841000
213.690000
221.594000
217.616000
218.053000
217.183000
224.701000
223.762000
227.885000
224.961000
228.693000
227.427000
235.427000
235.497000
245.530000
237.804000
245.938000
239.835000
241.191000
239.202000
244.836000
243.586000
248.095000
245.785000
255.029000
252.478000
254.337000
267.500000
268.901000
260.554000
262.836000
262.010000
274.602000
268.979000
282.404000
276.466000
283.375000
273.478000
285.063000
283.411000
290.051000
280.005000
289.163000
282.387000
281.667000
279.547000
290.059000
287.171000
291.741000
288.005000
298.509000
300.033000
309.085000
302.994000
310.706000
301.650000
316.422000
309.175000
314.550000
307.224000
316.273000
314.050000
324.796000
311.083000
321.223000
313.146000
324.551000
315.424000
322.325000
319.745000
332.406000
325.023000
336.075000
329.817000
336.157000
332.039000
335.036000
334.415000
345.896000
337.294000
348.498000
344.401000
350.671000
345.273000
353.994000
347.124000
360.345000
356.426000
360.866000
357.230000
368.390000
358.143000
367.471000
360.673000
373.320000
370.888000
376.360000
372.674000
381.040000
374.180000
382.595000
376.208000
390.648000
382.964000
394.008000
386.274000
399.952000
388.651000
395.973000
389.615000
404.349000
396.615000
403.452000
404.922000
408.327000
409.050000
414.930000
414.138000
428.343000
409.397000
421.729000
414.392000
429.042000
416.817000
423.875000
426.497000
432.046000
429.206000
434.447000
430.985000
441.713000
432.113000
444.836000
437.189000
458.538000
437.846000
453.755000
448.687000
459.233000
449.610000
458.028000
453.408000
467.083000
459.813000
468.227000
463.827000
476.629000
467.097000
475.270000
480.766000
488.654000
495.556000
492.208000
480.288000
492.517000
483.179000
492.424000
492.441000
505.315000
495.106000
502.477000
507.915000
522.353000
501.184000
511.150000
501.719000
518.621000
506.627000
516.702000
515.869000
522.832000
517.312000
521.438000
521.704000
535.738000
530.306000
539.403000
527.849000
544.298000
533.950000
553.754000
533.156000
554.460000
539.423000
554.377000
546.151000
565.994000
545.772000
559.438000
552.169000
578.404000
569.877000
570.480000
569.802000
576.090000
566.640000
577.265000
574.575000
589.480000
574.661000
590.075000
579.957000
597.810000
586.568000
591.228000
12.031000
12.636000
13.387000
14.589000
19.364000
16.569000
16.973000
18.257000
17.747000
18.508000
19.376000
20.275000
21.225000
22.013000
22.534000
23.816000
23.691000
24.184000
26.365000
26.457000
27.649000
28.697000
28.939000
30.444000
30.023000
30.975000
31.396000
33.852000
33.544000
35.042000
35.694000
35.645000
35.792000
37.933000
39.931000
40.453000
40.180000
40.209000
40.781000
44.017000
45.133000
45.442000
45.060000
46.603000
48.618000
50.286000
49.312000
49.485000
52.696000
56.298000
53.655000
53.874000
53.844000
56.882000
55.968000
57.769000
58.119000
60.396000
64.873000
62.489000
63.335000
64.732000
63.175000
65.447000
65.466000
67.964000
67.178000
68.832000
69.269000
70.233000
72.219000
72.478000
72.686000
75.354000
77.387000
77.249000
78.557000
81.317000
78.648000
82.717000
82.890000
82.116000
83.186000
86.487000
84.040000
93.763000
88.365000
88.907000
89.827000
91.639000
90.618000
94.365000
94.105000
94.200000
97.252000
97.371000
102.213000
101.698000
100.957000
104.225000
101.047000
105.248000
104.339000
106.666000
106.590000
108.681000
110.949000
112.345000
112.950000
112.898000
113.433000
116.990000
115.165000
118.885000
117.913000
122.672000
121.427000
123.442000
124.590000
128.589000
123.061000
127.976000
131.265000
131.704000
130.070000
133.940000
132.529000
136.356000
136.237000
137.773000
139.191000
142.804000
142.358000
143.948000
143.839000
144.172000
146.564000
148.592000
149.713000
152.116000
150.941000
157.227000
155.179000
157.739000
163.821000
164.274000
165.636000
166.464000
164.402000
170.432000
171.268000
181.274000
215.790000
235.762000
239.340000
203.443000
192.529000
187.033000
185.607000
196.514000
186.361000
188.512000
196.196000
199.336000
186.937000
198.857000
187.919000
195.951000
197.330000
196.622000
203.787000
201.574000
198.268000
197.893000
195.421000
205.262000
199.588000
205.339000
204.811000
223.049000
209.873000
223.553000
209.444000
240.102000
249.307000
246.979000
247.656000
241.885000
238.265000
243.067000
235.358000
255.394000
249.599000
244.587000
250.808000
248.745000
240.153000
243.696000
239.554000
253.908000
246.421000
245.868000
239.657000
247.809000
251.468000
255.378000
253.690000
257.724000
254.792000
264.513000
255.411000
262.578000
260.893000
266.101000
266.718000
282.151000
337.860000
329.799000
278.021000
275.034000
266.210000
267.866000
267.333000
275.267000
272.227000
276.491000
274.662000
283.631000
277.225000
279.151000
285.106000
293.307000
281.217000
289.058000
291.939000
304.631000
289.139000
297.563000
292.435000
300.792000
299.267000
307.731000
300.896000
307.119000
305.571000
310.860000
305.119000
320.917000
312.804000
324.525000
324.708000
330.213000
314.524000
330.331000
319.037000
329.611000
323.912000
333.442000
325.488000
340.056000
328.039000
333.855000
334.167000
343.482000
339.282000
351.537000
340.560000
351.473000
348.602000
349.311000
345.491000
363.367000
348.997000
358.413000
357.751000
364.728000
361.971000
374.648000
358.950000
373.849000
364.314000
376.728000
373.518000
377.458000
373.829000
381.897000
375.815000
394.587000
380.160000
391.026000
386.674000
392.412000
390.113000
393.501000
389.104000
403.861000
391.742000
406.720000
404.806000
409.301000
405.610000
408.051000
408.346000
418.361000
409.109000
423.665000
415.126000
427.564000
419.491000
445.886000
446.262000
460.953000
437.566000
433.321000
438.837000
452.010000
438.107000
444.373000
441.721000
465.645000
502.169000
512.453000
507.141000
471.523000
497.167000
514.681000
529.809000
505.099000
473.464000
469.453000
488.150000
496.318000
581.996000
524.952000
555.898000
502.204000
501.782000
496.852000
480.097000
487.868000
482.058000
491.721000
491.535000
501.117000
502.259000
502.183000
493.717000
504.680000
495.207000
505.886000
504.760000
518.907000
513.170000
522.673000
516.648000
523.910000
517.903000
524.902000
523.382000
530.315000
523.802000
533.622000
529.051000
540.354000
532.583000
540.795000
532.307000
549.233000
542.259000
555.500000
541.767000
557.893000
544.588000
555.151000
549.960000
573.769000
555.047000
566.255000
567.472000
578.893000
566.725000
571.693000
572.490000
587.366000
570.784000
588.515000
576.233000
597.946000
579.709000
597.167000
12.255000
12.689000
13.495000
14.321000
14.389000
15.457000
15.930000
16.940000
17.356000
18.497000
18.787000
20.387000
20.861000
22.252000
22.798000
25.504000
24.174000
24.333000
25.773000
26.007000
27.337000
29.053000
29.156000
30.034000
30.683000
30.353000
31.471000
33.261000
33.821000
35.031000
35.236000
35.890000
35.741000
37.937000
38.564000
39.921000
40.390000
40.706000
41.517000
43.306000
44.157000
45.019000
43.862000
47.698000
48.440000
49.474000
48.696000
49.808000
52.325000
54.596000
52.152000
53.680000
54.108000
60.572000
56.435000
58.554000
62.860000
63.486000
64.535000
65.117000
66.513000
68.084000
67.032000
68.900000
70.621000
67.321000
66.884000
69.821000
69.874000
70.078000
72.429000
75.829000
73.143000
75.119000
74.540000
78.453000
78.370000
79.066000
80.223000
81.767000
80.130000
83.100000
82.765000
84.951000
89.110000
86.610000
86.496000
91.824000
90.220000
95.741000
92.548000
92.531000
91.905000
96.075000
95.371000
96.775000
97.552000
99.182000
103.071000
114.317000
102.490000
104.935000
103.627000
106.518000
110.278000
108.775000
111.008000
112.469000
112.148000
113.582000
113.031000
115.440000
115.400000
117.013000
117.518000
120.427000
120.473000
122.845000
123.827000
124.983000
126.508000
128.749000
128.710000
132.296000
130.371000
136.440000
133.518000
136.663000
135.752000
136.245000
136.726000
142.283000
141.603000
142.356000
142.591000
145.182000
144.625000
146.607000
147.942000
151.412000
151.101000
151.941000
152.168000
155.181000
155.224000
157.850000
159.971000
160.684000
161.665000
162.002000
160.963000
167.004000
170.464000
167.812000
168.233000
170.398000
170.985000
174.912000
173.135000
177.804000
175.999000
178.091000
180.299000
184.003000
183.221000
184.239000
184.550000
187.522000
190.113000
191.691000
189.583000
194.814000
192.484000
196.023000
200.412000
200.217000
198.657000
202.186000
201.692000
207.249000
203.578000
206.536000
204.842000
215.141000
209.327000
212.785000
211.723000
218.453000
216.511000
220.282000
217.689000
222.875000
221.247000
234.361000
223.648000
229.935000
226.566000
230.983000
229.840000
235.576000
234.489000
238.933000
236.621000
242.478000
237.774000
244.096000
241.194000
252.922000
244.335000
253.361000
254.409000
254.355000
249.001000
256.495000
257.180000
260.879000
256.488000
265.229000
262.168000
267.557000
264.119000
270.587000
266.557000
273.459000
271.808000
282.351000
274.230000
279.140000
281.431000
282.464000
281.921000
286.611000
284.741000
289.229000
285.797000
296.389000
289.588000
295.892000
297.408000
304.516000
296.605000
303.992000
301.746000
306.829000
300.112000
308.568000
305.736000
313.198000
329.316000
320.630000
311.594000
320.667000
318.754000
320.650000
319.982000
329.053000
322.434000
333.639000
327.754000
334.619000
331.299000
337.276000
331.815000
342.621000
341.672000
345.987000
342.300000
350.685000
342.493000
349.997000
348.944000
356.028000
351.086000
359.756000
353.766000
367.534000
361.283000
363.099000
363.239000
369.805000
365.198000
375.302000
368.130000
379.229000
374.234000
377.150000
384.948000
386.480000
383.225000
409.530000
407.663000
427.950000
415.080000
410.285000
410.713000
418.571000
419.999000
416.270000
425.885000
431.539000
422.669000
431.106000
418.030000
429.951000
428.494000
438.058000
452.518000
452.488000
444.930000
449.224000
440.643000
453.486000
446.768000
465.028000
464.367000
459.153000
451.068000
464.289000
471.633000
477.073000
469.693000
476.390000
462.533000
502.222000
480.881000
467.489000
459.125000
474.412000
455.463000
469.339000
462.676000
483.755000
466.301000
480.619000
474.670000
489.086000
471.539000
485.821000
483.496000
506.592000
482.507000
499.467000
486.707000
512.126000
490.496000
501.492000
495.806000
522.943000
500.730000
507.096000
501.113000
520.663000
506.270000
520.828000
510.569000
531.814000
517.120000
527.415000
517.039000
538.156000
521.300000
536.046000
528.507000
544.827000
533.095000
541.018000
537.712000
554.835000
543.314000
551.273000
553.657000
561.766000
553.575000
555.388000
556.895000
571.313000
567.069000
578.174000
570.896000
586.443000
569.578000
575.916000
576.450000
594.620000
574.974000
588.270000
586.961000
594.759000
584.631000
595.463000
