-23.045422
-5.948634
-13.934588
-0.758351
-0.008338
-0.064497
-0.304673
-9.321995
-3.481409
-18.358301
-0.029260
-0.048143
-0.094541
-0.014775
-0.036539
-0.022812
-0.021698
-0.003270
-0.000943
-0.001167
-0.000026
-0.034346
-0.054520
-0.002548
-0.026959
-0.028308
-0.000788
-0.072130
-0.003321
-0.044319
-0.003678
-0.044882
-0.181562
-0.250915
-0.003797
-0.066151
-0.254893
-0.004947
-0.066553
-0.236390
-0.003302
-0.092594
-0.319493
-0.009848
-0.065534
-0.005845
-0.094021
-0.353941
-0.005343
-0.099541
-0.014597
-0.089928
-0.006959
-0.113528
-0.009438
-0.008469
-0.309489
-0.018562
-0.095261
-0.037709
-0.430190
-0.082931
-0.000773
-0.316310
-0.308645
-0.308924
-0.001466
-0.308642
-0.480073
-0.308645
-0.000632
-0.308645
-0.006186
-0.308924
-0.308642
-0.001149
-0.308642
-0.013953
-0.352916
-0.709130
-0.463130
-0.929835
-0.616205
-1.594472
-1.428364
-1.619981
-1.730108
-1.341883
-1.680384
-2.777778
-24.999999
-0.084419
-0.060966
-0.000000
-0.106886
-0.007116
-0.141472
-0.000531
-0.857339
-0.077055
-0.857339
-1.238332
-1.680384
-1.303832
-25.000000
-0.067104
-0.044870
-0.073226
-0.034293
-0.040454
-0.034293
-0.070333
-0.037800
-0.305488
-0.067518
-0.047837
-0.207795
-0.000423
-0.001314
-0.013171
-0.857356
-0.155210
-0.001953
-24.999999
-0.073062
-0.417630
-0.073098
-0.131252
-0.307796
-0.161196
-0.051369
-0.000010
-0.001124
-0.082982
-0.000427
-0.008312
-0.003329
-0.580814
-0.076669
-2.780319
-10.532229
-0.130117
-0.095731
-0.072321
-0.102338
-0.073053
-0.000015
-0.006241
-0.009157
-0.014456
-0.000144
-0.034294
-24.977143
-0.464168
-0.048113
-0.099541
-0.137174
-0.019374
-0.080759
-0.000785
-0.076667
-0.146120
-0.239757
-0.219151
-0.151145
-0.209431
-0.030987
-9.945240
-0.077797
-0.105285
-0.012080
-0.210230
-0.006801
-1.806920
-0.595570
-1.071009
-0.034292
-5.181092
-0.011422
-0.308548
-0.281332
-0.034012
-0.548697
-0.164187
-0.006774
-0.010859
-0.158114
-24.999990
-0.040160
-0.095417
-0.248402
-0.076949
-0.263827
-0.034200
-0.287291
-0.034576
-0.001694
-0.001136
-0.007147
-0.005862
-0.178993
-0.169351
-0.011049
-0.003810
-6.676341
-0.034294
-0.017479
-0.308548
-0.461403
-0.028451
-0.034294
-0.060966
-0.016784
-0.271714
-6.765514
-0.020285
-0.100505
-0.000000
-0.867246
-0.007228
-0.215623
-0.002448
-0.034012
-0.004385
-2.777809
-0.018817
-0.016004
-9.909237
-0.034294
-0.036881
-0.000468
-0.125756
-0.024169
-0.029140
-0.006774
-0.004329
-0.000849
-0.000033
-0.002846
-0.003810
-0.003104
-24.992380
-0.001736
-0.003779
-0.060966
-0.034200
-0.005553
-0.027096
-0.007636
-0.015242
-0.308548
-0.034294
-0.034012
-0.003269
-0.002304
-0.002530
-0.006663
-0.211162
-0.000007
-0.195585
-0.136017
-0.005399
-0.003468
-0.003184
-0.117715
-0.000000
-0.000000
-1.880747
-0.202452
-0.286203
-0.009220
-0.301068
-0.001573
-0.027096
-0.012043
-0.004704
-0.031800
-0.000232
-0.001041
-0.000365
-0.003717
-0.014133
-0.169351
-0.012043
-0.006774
-0.009220
-0.015347
-5.386739
-0.126197
-0.110114
-0.034294
-0.003717
-0.000062
-0.000381
-0.369833
-24.997460
-0.012535
-0.034283
-0.243865
-0.018817
-0.301068
-0.015663
-0.089546
-0.005019
-0.015242
-0.003810
-0.034292
-0.034294
-0.001229
-0.034294
-0.015242
-0.124690
-0.007950
-0.000355
-0.002373
-0.005705
-0.000671
-0.082982
-0.001046
-0.001158
-0.000546
-0.005352
-0.000402
-0.005731
-0.020966
-0.027096
-0.000964
-0.018354
-0.000123
-0.221808
-0.032468
-0.000423
-0.003070
-0.045211
-0.022768
-0.006774
-0.081815
-0.006774
-0.027096
-0.005885
-0.015242
-0.015908
-0.005163
-0.015242
-0.004704
-0.000222
-0.027096
-0.000188
-0.001035
-0.003533
-0.011455
-0.004704
-0.033452
-0.020745
-0.000080
-0.001982
-0.014375
-0.000087
-0.006774
-0.016391
-0.008204
-0.015242
-0.015242
-0.000753
-0.027096
-0.013773
-0.004001
-0.000149
-0.003810
-0.034294
-0.000356
-0.000423
-0.000026
-0.003809
-0.017538
-0.000188
-0.015242
-0.017583
-0.001694
-0.001190
-1.775129
-8.298193
-0.034294
-0.000849
-0.024416
-0.017990
-0.000594
-0.024169
-0.010579
-0.000000
-0.002188
-0.034262
-0.003807
-0.000423
-0.000139
-0.004837
-0.000016
-0.005158
-0.129533
-0.013067
-23.049469
-0.054788
-6.505810
-13.855601
-0.001465
-3.404573
-4.123035
-3.239581
-0.769498
-23.139924
-0.002612
-0.034880
-0.010732
-0.003409
-0.000413
-0.012615
-0.001048
-0.074865
-0.308642
-0.143015
-0.018297
-0.026535
-0.078405
-0.001357
-0.072779
-0.040083
-0.001268
-0.019383
-0.196891
-0.014744
-0.112931
-0.012082
-0.027886
-0.169487
-0.004291
-0.142959
-0.069524
-0.000578
-0.106388
-0.004315
-0.057534
-0.000121
-0.103017
-0.046293
-0.025789
-0.217573
-0.412417
-0.004856
-0.195730
-0.130851
-0.011690
-0.088190
-0.016526
-0.073708
-0.347323
-0.000356
-0.243865
-0.161333
-0.000002
-0.308642
-0.028622
-0.073507
-0.001897
-0.165608
-0.012493
-0.137174
-0.004024
-0.311187
-0.054928
-0.053536
-0.003775
-0.308736
-0.155740
-0.001250
-0.308642
-0.003811
-0.172264
-0.012517
-0.308645
-0.386898
-0.615045
-0.787532
-0.857339
-0.997586
-1.206040
-1.140468
-0.711290
-1.046000
-25.000000
-0.042918
-0.042271
-0.296071
-0.269595
-0.308642
-0.045640
-0.521935
-1.183515
-0.857809
-0.020599
-0.001852
-0.001248
-1.476069
-0.895866
-0.891810
-1.236015
-25.000000
-0.374793
-0.022263
-0.007443
-0.739444
-0.108385
-0.034294
-0.095260
-0.213316
-0.036292
-0.004893
-1.340447
-0.010083
-0.034294
-0.003011
-3.018065
-24.997460
-0.030543
-0.100433
-0.089378
-0.308632
-0.132819
-0.132248
-0.123048
-0.109929
-0.013595
-0.014447
-0.655012
-0.081525
-0.929009
-0.082982
-0.003171
-0.000003
-25.000000
-0.066000
-0.031800
-0.064788
-0.002530
-0.150194
-0.067929
-0.057993
-0.245424
-0.000037
-0.008048
-0.000861
-0.012309
-0.039866
-5.060957
-0.015242
-0.294415
-0.137174
-3.474243
-0.036097
-0.180829
-15.539885
-0.000540
-0.076137
-0.284394
-0.301068
-0.116650
-0.216102
-0.022589
-0.015242
-0.072779
-0.060966
-0.146759
-0.005477
-0.489424
-2.575827
-0.001272
-0.050199
-2.410120
-0.236397
-0.170608
-0.096524
-6.138100
-0.308642
-0.186709
-0.106718
-0.230505
-0.000174
-5.840913
-0.034297
-13.375396
-0.034290
-0.308632
-0.122890
-0.018817
-0.020737
-0.316310
-2.846788
-0.180004
-0.005262
-0.248402
-0.009220
-0.306107
-0.008127
-0.038061
-0.004704
-0.137174
-0.000335
-0.001557
-0.023398
-0.299769
-0.000305
-3.824736
-0.034290
-0.001292
-6.950325
-0.053699
-0.000367
-0.000752
-0.861578
-0.655012
-0.018739
-0.001694
-0.015242
-0.003175
-0.005008
-0.239370
-0.034294
-0.731115
-0.137174
-0.060966
-0.060966
-3.901844
-0.003810
-0.002297
-0.015242
-0.137174
-0.015242
-8.298193
-0.009815
-0.027096
-0.000753
-0.027096
-0.027096
-0.022311
-0.122178
-0.000115
-0.000186
-0.110929
-0.002145
-0.415662
-0.000131
-0.001653
-18.565709
-0.001319
-0.010382
-0.002738
-0.000412
-0.000927
-0.000001
-0.015550
-0.302722
-0.019043
-0.013533
-0.032744
-0.000021
-8.695053
-0.015888
-0.095260
-0.031800
-0.034283
-0.046476
-0.085296
-0.016004
-0.003809
-0.028622
-0.006072
-0.027785
-0.003807
-0.007935
-0.015242
-0.004098
-0.123974
-0.015242
-0.060966
-0.018817
-0.015242
-0.003738
-0.001369
-0.028622
-0.002245
-0.033452
-0.034294
-0.000275
-14.023946
-0.000188
-0.000379
-0.007548
-0.027096
-0.015242
-0.015242
-0.027096
-0.002305
-0.009220
-0.000420
-0.000039
-0.015242
-0.000199
-0.012043
-0.001993
-0.124029
-0.002367
-0.015242
-0.018817
-0.000335
-0.027096
-1.086435
-0.034576
-0.000037
-0.027096
-0.015242
-0.000422
-0.000513
-0.180829
-0.003810
-0.003810
-0.025126
-0.000423
-0.003810
-0.001760
-0.001649
-0.096846
-0.003267
-0.034294
-0.003339
-0.034294
-0.033452
-0.023907
-0.001151
-0.017718
-0.548697
-0.548697
-0.033452
-0.012154
-0.000188
-0.000523
-0.000233
-0.034293
-0.003717
-0.015242
-0.186710
-0.034200
-0.028795
-0.000000
-0.000100
-0.002036
-0.002097
-0.000523
-0.306107
-0.009220
-0.000250
-0.001880
-0.026763
-0.010119
-0.006774
-0.001523
-0.001330
-0.006122
-0.000188
-0.001338
-0.002305
-0.001338
-0.034012
-0.024169
-0.024229
-0.000393
-0.034200
-0.034012
-0.000543
-0.006961
-0.000423
-0.010428
-0.015242
-0.006774
-0.000000
-0.000085
-0.015242
-0.024965
-0.000000
-0.013893
-0.008363
-0.001342
-0.000172
-0.013536
-0.000003
-0.001003
-0.001598
-0.001694
-0.000287
-0.003810
-0.000261
-0.001941
-0.139105
-16.891685
-2.580666
-1.488580
-0.176900
-10.642821
-0.009148
-9.250137
-4.232515
-15.488755
-0.316411
-0.017915
-0.053855
-0.141852
-0.064722
-0.131001
-0.018054
-0.048345
-0.013276
-0.000131
-0.009761
-0.002694
-0.002278
-0.051229
-0.104187
-0.066436
-0.005795
-0.044547
-0.009602
-0.153355
-0.016092
-0.054517
-0.000022
-0.125888
-0.028889
-0.048469
-0.271793
-0.000201
-0.135733
-0.207291
-0.000117
-0.131110
-0.002223
-0.008515
-0.009745
-0.316310
-0.311187
-0.146756
-0.009748
-0.013070
-0.103000
-0.006691
-0.130497
-0.011610
-0.308642
-0.000753
-0.316310
-0.049004
-0.091992
-0.000753
-0.211998
-0.004562
-0.308642
-0.308642
-0.332226
-0.308642
-0.725409
-0.756790
-0.857339
-0.308642
-0.601072
-0.950743
-1.013439
-1.172147
-0.538397
-1.431139
-1.680384
-1.522346
-1.436258
-0.000440
-25.000000
-0.000032
-0.100935
-0.367058
-0.229056
-0.131427
-0.857339
-0.616391
-1.162075
-0.001841
-0.051229
-25.000000
-0.008792
-0.055094
-0.100457
-0.099596
-0.061675
-0.034294
-0.308642
-0.004751
-0.085637
-0.169351
-0.134499
-0.085340
-0.034294
-0.770643
-0.011066
-0.011937
-2.777778
-0.008490
-24.999718
-0.040044
-0.026071
-0.284033
-0.054170
-0.078119
-0.063590
-0.437288
-0.225287
-0.034294
-0.080113
-0.014448
-0.000726
-0.000914
-0.051229
-4.337875
-0.021455
-10.299606
-0.100885
-0.114532
-0.243865
-0.098581
-0.003810
-0.129995
-0.308642
-0.014133
-0.112449
-0.886912
-24.999999
-0.033452
-0.239370
-0.122500
-0.280587
-0.089971
-0.225711
-0.008804
-0.016204
-0.231552
-0.033452
-0.000089
-0.089330
-0.000651
-0.031925
-0.016040
-0.013233
-25.000000
-0.249159
-0.019631
-0.082982
-0.003810
-0.107083
-0.050884
-0.169351
-0.034388
-0.169351
-0.215613
-0.006399
-0.012090
-0.011052
-0.095254
-0.000032
-0.201532
-2.194787
-0.060966
-1.680604
-0.356363
-0.006774
-6.301735
-0.552103
-0.296071
-0.601597
-0.034294
-0.548697
-0.000052
-0.000554
-0.023844
-0.125681
-0.060966
-2.777778
-0.226619
-0.011821
-0.179822
-0.003500
-0.025666
-0.000021
-0.000907
-0.002285
-0.103364
-0.002585
-0.000433
-0.005545
-9.329435
-0.032225
-0.103706
-0.123465
-0.056070
-1.680408
-0.289197
-8.251426
-0.032652
-0.308611
-0.036881
-0.015242
-0.009023
-0.003800
-0.091073
-6.273520
-0.003810
-0.034294
-0.216610
-0.163776
-0.000685
-0.001694
-3.740961
-24.386526
-1.096411
-0.008771
-0.024965
-0.033390
-0.034294
-0.003247
-0.004704
-0.004129
-0.003613
-0.004809
-0.028351
-0.006919
-0.000668
-0.024433
-0.001401
-0.001857
-0.005718
-0.001338
-0.027096
-0.001132
-0.025612
-0.015242
-0.184739
-0.000188
-5.669510
-0.027096
-0.001953
-0.003810
-0.000000
-0.060966
-0.027096
-0.000975
-24.794662
-0.243865
-0.027096
-0.003810
-0.054380
-0.124871
-0.074433
-0.000753
-0.015242
-0.013773
-0.000000
-0.006774
-0.114490
-0.001694
-0.003821
-0.000023
-0.150360
-0.000350
-0.005705
-0.020745
-0.001796
-0.011083
-0.001342
-0.000074
-0.000187
-0.000202
-0.027195
-0.000325
-0.090366
-0.912362
-0.003001
-0.027854
-0.017844
-0.034283
-0.002232
-0.019048
-0.021608
-0.026038
-0.011601
-0.137174
-0.243865
-0.085637
-5.872921
-0.014133
-0.023076
-0.000296
-0.137174
-0.007457
-0.000944
-0.002304
-0.034012
-0.034294
-0.020092
-0.109519
-0.027815
-0.032500
-0.001623
-0.033932
-0.003810
-0.003779
-0.001217
-0.034262
-0.034294
-0.016420
-0.000748
-0.011111
-0.000176
-0.034200
-0.004926
-10.675161
-0.034292
-0.093854
-0.015242
-0.008739
-0.012721
-0.000000
-0.000066
-0.000000
-0.003011
-0.000047
-0.027096
-0.008083
-0.033452
-0.031800
-0.067929
-0.000000
-0.034294
-0.583090
-0.001024
-4.684946
-0.015242
-0.008930
-0.000035
-0.003587
-0.034294
-0.000038
-0.000169
-0.000423
-0.011096
-0.001570
-0.000393
-0.015242
-0.000001
-0.000000
-0.034290
-0.002933
-0.012043
-0.018463
-0.028280
-0.533005
-0.003533
-0.000003
-0.020745
-0.006774
-0.000950
-0.006931
-0.034005
-0.000019
-0.000028
-0.015242
-0.008363
-0.034294
-0.018622
-0.000265
-0.000021
-0.009220
-0.011601
-0.001649
-0.031800
-0.001358
-0.014498
-0.012043
-0.013067
-0.022615
-0.001229
-0.015242
-0.003533
-0.001124
-0.031800
-0.003810
-0.000382
-0.031800
-0.000307
-11.750323
-1.573743
-22.894357
-2.018895
-10.527024
-9.942110
-12.259496
-1.854542
-2.998885
-20.687612
-1.895921
-1.478797
-1.588487
-1.258461
-1.091395
-0.944794
-0.783762
-0.636824
-0.501305
-0.387436
-0.308642
-0.308642
-0.198073
-0.140328
-0.075463
-0.042415
-0.013167
-0.001927
-0.002373
-0.013676
-0.044156
-0.010411
-0.090926
-0.014794
-0.013584
-0.001157
-0.060558
-0.127239
-0.027988
-0.051675
-0.001454
-0.037163
-0.000444
-0.091335
-0.280837
-0.000124
-0.080995
-0.014400
-0.044663
-0.003894
-0.054962
-0.244410
-0.000193
-0.104940
-0.307420
-0.130535
-0.001212
-0.084359
-0.013213
-0.068799
-0.005893
-0.078300
-0.309489
-0.001445
-0.509880
-0.122165
-0.032171
-0.048543
-0.279180
-0.413570
-0.062481
-0.018154
-0.018581
-0.042280
-0.004757
-0.210929
-0.092559
-0.021727
-0.002176
-0.123961
-0.308642
-0.443462
-0.016989
-0.286021
-0.044135
-0.040161
-0.012910
-0.090778
-0.002131
-0.118998
-0.004152
-0.236397
-0.307796
-0.050884
-0.067307
-0.000331
-0.308642
-0.308642
-0.546612
-0.663523
-0.667292
-0.898575
-0.937330
-0.857339
-0.857339
-0.857339
-1.178780
-1.680384
-0.857339
-0.308642
-0.828574
-1.656277
-0.279538
-1.283592
-0.979703
-2.022154
-2.777778
-25.000000
-0.003844
-0.091009
-0.096676
-0.078866
-0.148109
-0.380219
-0.142586
-0.000580
-0.067136
-0.068436
-0.220852
-0.001694
-0.000333
-0.000000
-0.245120
-0.234206
-0.082982
-24.999997
-0.056567
-0.018640
-0.022971
-0.298992
-0.095261
-0.008644
-0.286203
-0.003810
-0.003810
-3.658921
-0.034294
-0.001694
-0.137174
-24.997460
-0.007863
-0.254944
-0.101266
-0.001694
-0.093359
-0.301068
-0.060966
-0.067929
-0.081417
-0.141345
-0.129385
-0.001404
-0.001182
-24.999997
-0.107579
-0.177674
-0.254344
-0.096011
-0.020334
-0.108570
-0.241611
-0.018817
-1.144812
-0.048171
-0.063245
-0.083862
-0.002918
-0.000950
-0.030990
-0.000394
-0.034262
-25.000000
-0.003810
-0.192684
-0.307796
-0.004524
-0.168099
-0.000422
-0.045315
-0.198073
-0.016565
-0.798636
-0.069045
-0.308642
-0.007199
-0.008660
-0.020745
-0.265395
-0.230505
-0.001870
-5.884009
-0.286203
-0.042338
-0.004704
-0.034294
-0.021906
-0.010598
-0.006774
-0.003810
-0.021313
-5.795610
-0.004256
-0.017583
-0.034294
-0.122356
-0.021592
-0.011936
-4.779254
-0.012043
-3.974435
-0.055019
-0.010584
-0.020819
-7.155075
-0.541944
-0.003800
-0.001949
-0.034325
-0.001599
-0.011704
-9.636842
-0.005606
-0.264349
-0.975461
-0.487294
-0.009220
-0.034294
-0.000773
-0.081396
-0.082982
-3.705669
-0.000000
-0.192684
-0.000000
-0.000035
-0.000001
-0.008718
-0.003810
-24.999153
-0.281332
-0.062735
-0.184739
-0.042338
-0.022768
-0.033452
-0.016004
-0.074615
-0.014868
-0.006285
-0.048171
-0.034293
-0.022928
-0.000609
-0.006774
-0.169351
-0.080368
-0.030901
-0.011383
-0.011711
-0.001733
-0.000019
-0.000116
-0.107498
-0.001122
-0.034283
-0.004704
-0.002662
-3.278633
-0.000423
-0.165128
-0.002571
-24.999153
-0.034262
-0.263827
-0.000645
-0.217522
-0.153436
-0.009715
-0.012054
-0.000525
-0.000153
-0.105065
-0.001694
-0.022768
-0.006876
-0.001848
-0.001101
-0.031984
-0.034294
-0.000477
-0.227477
-0.000455
-0.015075
-0.014978
-0.002373
-0.085736
-0.036881
-0.060966
-0.000017
-0.010119
-0.010765
-0.027910
-0.003810
-1.686317
-3.527476
-0.012043
-0.003810
-0.017990
-0.002379
-0.000041
-0.032144
-0.000122
-0.034290
-0.003810
-0.007941
-0.000960
-0.000093
-0.006660
-0.002884
-0.014295
-0.034012
-0.022768
-0.433538
-0.034293
-0.031259
-0.000217
-0.015242
-10.121469
-0.010602
-0.007027
-0.033452
-0.000751
-0.003533
-0.000494
-0.003810
-0.015242
-0.034200
-0.034294
-0.122356
-0.031199
-0.018817
-0.010119
-0.001452
-0.015242
-0.013029
-0.000946
-0.015242
-0.000335
-0.000954
-0.895866
-0.003810
-0.003800
-0.000003
-0.015242
-0.003810
-0.003810
-0.115431
-0.000829
-0.003810
-0.015537
-0.009220
-0.000006
-0.000745
-0.031800
-0.013440
-0.286203
-0.011383
-0.000206
-0.027096
-0.002774
-0.000054
-0.021409
-0.009897
-0.000000
-0.005859
-0.003011
-0.001694
-0.003449
-0.002685
-0.009220
-0.006774
-24.992380
-0.034294
-0.005536
-0.017628
-0.000081
-0.015242
-0.000188
-0.003800
-0.003800
-0.024402
-12.110263
-8.820721
-20.605255
-11.258636
-10.146838
-2.343165
-1.116025
-17.261376
-2.320626
-0.014573
-0.004868
-0.010898
-0.011479
-0.006404
-0.011782
-0.012381
-0.003326
-0.001741
-0.000862
-0.003169
-0.008353
-0.041437
-0.045580
-0.002004
-0.026017
-0.001520
-0.028740
-0.006262
-0.015564
-0.001408
-0.079565
-0.187743
-0.002121
-0.052826
-0.190534
-0.122205
-0.296618
-0.003003
-0.118304
-0.007753
-0.060475
-0.166556
-0.000238
-0.101557
-0.072087
-0.015704
-0.012297
-0.048081
-0.273565
-0.392851
-0.004098
-0.184759
-0.101938
-0.001561
-0.170002
-0.096059
-0.007759
-0.235282
-0.022012
-0.056479
-0.011787
-0.085802
-0.000003
-0.140548
-0.000340
-0.512817
-0.308652
-0.186709
-0.311187
-0.006076
-0.134900
-0.009005
-0.308642
-0.044597
-0.034294
-0.308645
-0.065624
-0.023874
-0.376246
-0.544719
-0.308924
-0.000262
-0.214322
-0.010610
-0.308642
-0.362420
-0.857339
-0.308642
-0.870562
-1.280144
-1.091150
-0.811501
-1.238195
-1.053969
-0.999515
-1.102731
-1.461444
-1.452300
-0.857339
-25.000000
-0.000146
-0.058706
-0.024885
-0.019840
-0.124540
-0.043071
-0.257472
-1.404781
-0.053332
-2.777778
-0.000413
-0.162953
-25.000000
-0.011174
-0.081804
-0.148979
-0.137174
-0.059657
-0.029458
-0.054596
-0.308642
-0.162270
-0.003810
-0.014579
-0.034294
-0.159976
-0.021868
-1.101211
-0.009929
-24.999969
-0.058976
-0.003810
-0.225653
-0.281043
-0.020592
-0.139733
-0.059718
-0.019345
-0.218025
-0.092812
-0.059223
-0.133767
-0.010136
-0.097626
-0.003810
-2.777778
-2.846788
-0.000145
-0.002504
-0.068725
-24.999999
-0.034290
-0.050667
-0.036881
-0.007357
-0.248402
-0.291631
-0.308360
-0.145320
-0.000548
-0.217522
-0.003810
-0.034295
-0.012229
-0.000423
-2.079162
-0.000000
-0.000139
-3.837652
-0.051694
-24.999906
-0.026321
-0.223886
-0.012593
-0.137174
-0.082982
-0.101155
-0.042338
-0.080368
-0.007460
-0.005340
-0.307796
-0.219357
-0.009578
-0.001625
-0.000000
-5.890902
-0.034325
-0.035146
-0.028574
-0.000004
-0.084747
-11.731586
-0.061721
-0.307796
-0.026606
-0.012751
-0.084550
-0.611357
-0.204915
-0.259151
-0.306107
-0.027096
-0.060966
-0.081704
-0.076542
-0.003116
-0.122831
-0.120368
-0.074727
-0.209075
-0.003171
-0.060966
-0.003810
-0.013893
-8.779150
-0.102482
-0.003842
-0.054380
-0.036881
-0.252981
-0.034955
-0.204115
-0.058708
-0.000009
-8.779150
-0.065566
-0.000129
-0.002210
-0.001011
-0.003926
-0.010544
-3.577696
-0.011335
-0.031459
-0.000596
-0.461403
-0.007548
-0.002390
-7.711816
-0.382714
-0.421579
-0.015242
-0.003454
-0.034293
-8.609704
-0.007600
-0.000324
-0.006774
-0.117102
-0.000423
-0.034290
-0.004387
-0.590094
-3.989304
-0.027096
-0.021122
-0.058729
-0.108385
-0.034290
-1.002745
-0.169351
-0.000090
-0.005959
-0.034294
-0.307796
-0.000188
-0.308548
-0.008676
-0.012550
-0.034012
-0.548697
-0.301068
-0.006774
-24.999990
-0.010742
-0.031800
-0.034293
-0.001113
-0.007945
-0.034283
-0.079762
-0.126665
-0.015242
-0.003810
-0.014617
-0.015242
-0.000232
-0.034294
-0.012721
-0.029140
-0.001512
-0.000215
-0.000241
-0.001504
-0.005527
-0.000335
-0.000188
-0.079210
-0.004885
-0.001824
-0.000005
-0.001833
-0.004704
-0.082982
-0.108385
-0.286203
-0.132695
-0.001478
-0.019378
-0.000423
-2.610187
-0.015242
-0.001694
-0.032042
-0.020092
-0.006774
-0.011784
-0.034200
-0.001694
-0.003905
-0.001338
-0.000423
-0.001662
-0.013773
-0.003810
-0.001383
-0.000461
-0.032468
-0.001694
-0.000131
-0.034294
-2.575827
-0.001694
-0.033723
-0.001153
-0.034294
-0.000015
-0.060966
-0.000905
-0.002681
-0.003810
-6.370604
-0.002653
-0.018817
-0.002379
-0.019237
-0.001083
-0.001643
-0.034294
-0.007905
-0.009220
-0.002949
-0.548697
-0.028622
-0.005378
-0.002137
-0.000045
-0.746837
-0.470419
-0.013654
-0.008149
-0.001907
-0.060966
-0.007787
-0.006774
-0.018817
-0.000015
-0.003807
-0.022316
-0.015242
-0.010017
-0.000060
-0.000554
-0.020478
-0.000351
-0.000519
-0.005221
-0.000170
-0.007452
-0.870087
-2.531984
-0.003810
-0.002009
-0.034294
-0.011171
-0.010973
-0.018817
-0.030367
-0.001020
-23.182442
-0.000595
-0.000000
-0.007282
-0.018817
-0.011645
-0.014133
-0.024169
-0.031800
-20.981420
-4.371233
-15.936200
-22.428139
-8.239663
-5.294768
-0.929947
-10.701901
-2.644407
-11.029872
-1.055047
-0.953808
-0.874791
-0.832959
-0.756253
-0.637878
-0.517086
-0.420743
-0.333049
-0.308642
-0.352098
-0.204915
-0.145966
-0.087966
-0.051574
-0.021409
-0.005257
-0.000054
-0.006081
-0.024514
-0.004250
-0.064183
-0.015285
-0.009519
-0.003415
-0.023580
-0.003065
-0.000273
-0.065128
-0.115745
-0.002677
-0.049140
-0.006063
-0.008470
-0.038722
-0.001148
-0.061543
-0.214043
-0.308924
-0.012311
-0.042762
-0.219460
-0.001244
-0.082928
-0.268019
-0.168166
-0.005075
-0.059031
-0.000158
-0.124650
-0.034294
-0.035464
-0.243865
-0.001517
-0.104732
-0.003982
-0.102230
-0.296071
-0.464168
-0.025612
-0.058729
-0.306107
-0.003198
-0.119051
-0.030663
-0.055352
-0.292868
-0.001016
-0.133590
-0.001875
-0.229287
-0.452226
-0.127201
-0.000753
-0.168840
-0.058671
-0.044668
-0.002240
-0.308642
-0.308736
-0.031208
-0.071951
-0.002785
-0.309489
-0.308652
-0.000423
-0.179750
-0.012575
-0.323204
-0.308642
-0.308642
-0.857339
-0.773490
-1.081062
-0.919062
-0.864801
-1.244031
-0.000109
-0.044695
-1.136415
-0.754761
-0.857339
-0.308642
-2.777778
-1.289963
-25.000000
-0.031740
-0.444478
-0.917622
-0.178212
-0.034294
-0.034294
-0.003810
-2.015298
-0.055998
-2.785404
-0.037284
-25.000000
-0.137174
-0.001694
-0.518759
-0.034294
-0.095103
-0.000393
-0.041866
-0.214610
-0.548697
-0.002035
-0.062481
-0.014531
-0.094246
-0.075267
-0.085935
-0.223967
-0.033955
-3.331852
-0.012708
-0.108385
-0.001061
-10.200817
-0.062226
-0.308632
-0.042338
-0.003011
-0.000121
-0.217048
-1.543602
-24.999997
-0.000902
-0.381039
-0.081758
-0.075984
-0.308642
-0.115984
-0.068903
-0.116262
-0.074453
-0.000753
-0.133939
-0.086842
-0.257602
-0.074238
-0.000000
-0.020194
-3.900027
-0.000010
-0.221808
-0.010119
-24.999999
-0.308632
-0.047973
-0.049163
-0.000218
-0.011674
-0.034294
-0.076754
-0.034295
-0.182294
-0.257602
-0.975461
-0.152641
-0.034294
-0.001411
-0.010631
-0.022758
-0.153436
-1.734153
-0.053115
-0.250685
-0.071144
-7.032523
-0.000448
-0.000414
-0.093259
-11.612848
-0.009548
-0.006069
-0.001672
-0.286203
-0.036881
-0.120762
-0.096676
-0.155833
-1.057016
-0.034294
-0.001106
-0.930824
-15.117530
-0.034262
-0.286203
-0.158249
-0.000610
-0.027508
-0.022768
-0.011459
-0.209720
-0.000351
-0.095260
-0.002922
-0.009220
-0.000324
-0.003152
-0.254004
-1.680384
-8.860626
-0.056655
-0.014133
-0.127201
-0.079762
-0.017583
-0.034262
-0.015242
-0.013595
-0.108385
-0.000753
-0.007285
-0.009887
-0.001211
-0.548697
-0.012042
-0.018817
-0.016204
-0.088278
-24.931460
-0.027096
-0.034293
-0.508805
-0.099541
-0.186701
-0.012043
-0.000239
-0.001652
-0.004497
-0.001471
-0.008670
-0.019378
-0.095260
-0.008983
-0.030190
-0.024933
-0.060966
-0.172291
-0.015242
-0.020745
-0.029083
-0.005929
-0.150463
-0.006069
-0.001005
-0.016867
-0.031800
-0.009220
-0.003810
-0.000885
-0.001606
-0.015242
-0.001681
-0.014749
-0.000024
-0.027638
-4.066115
-0.004539
-0.018817
-0.011060
-0.015242
-0.184739
-0.111416
-0.003811
-0.008930
-0.108385
-0.060966
-5.791942
-0.000671
-0.025234
-0.000085
-0.001471
-0.000066
-0.271714
-0.001832
-0.020092
-0.000221
-3.527900
-0.034200
-0.001694
-0.034294
-0.000048
-0.133808
-0.015242
-0.004098
-0.103970
-0.000021
-0.012719
-0.005928
-0.003810
-0.006774
-0.012043
-0.014133
-0.001653
-0.006774
-0.006774
-0.000608
-0.003274
-0.020745
-0.803183
-0.000034
-0.027096
-0.034283
-0.003717
-0.027096
-0.000000
-0.001335
-1.387296
-0.017990
-0.003905
-0.061721
-0.308632
-0.007905
-0.031800
-0.162138
-0.034283
-0.013633
-0.018817
-0.677404
-0.026763
-0.001024
-0.000523
-0.003771
-0.010742
-0.015242
-0.000671
-0.024169
-0.005692
-0.001067
-0.002756
-0.000000
-0.286203
-0.027096
-0.001063
-0.000012
-0.015086
-0.001331
-0.015242
-0.000000
-0.023386
-0.000099
-0.169351
-0.003814
-0.022695
-0.001438
-0.000047
-0.913261
-0.010582
-0.010394
-0.020092
-0.003056
-0.003017
-0.001517
-0.003266
-0.002611
-0.002727
-0.015242
-0.000144
-9.525987
-0.034293
-0.034290
-0.015242
-0.000959
-8.377412
-0.003810
-0.195369
-1.326640
-15.603531
-5.604468
-10.785265
-8.221162
-1.870434
-5.582784
-4.460509
-24.681043
-17.200982
-1.249541
-1.109328
-1.047971
-0.956638
-0.800052
-0.679635
-0.553430
-0.442851
-0.337234
-0.323937
-0.220375
-0.160276
-0.093336
-0.054663
-0.021714
-0.005756
-0.000134
-0.006802
-0.028915
-0.055466
-0.015600
-0.003865
-0.023837
-0.002555
-0.068798
-0.033298
-0.000007
-0.048201
-0.000126
-0.065831
-0.213368
-0.000659
-0.088783
-0.090383
-0.000988
-0.060924
-0.005946
-0.064575
-0.010545
-0.042596
-0.211405
-0.000030
-0.119576
-0.034293
-0.032801
-0.217744
-0.000338
-0.111990
-0.007743
-0.083041
-0.279717
-0.019512
-0.056351
-0.290229
-0.001412
-0.185498
-0.428000
-0.186709
-0.046842
-0.038466
-0.002023
-0.114872
-0.428754
-0.000137
-0.136915
-0.000259
-0.167861
-0.308642
-0.109608
-0.017583
-0.279648
-0.038881
-0.061390
-0.006436
-0.105688
-0.559375
-0.004566
-0.229044
-0.127047
-0.013010
-0.063933
-0.029983
-0.034294
-0.447380
-0.049845
-0.025241
-0.410033
-0.381039
-0.483047
-0.719353
-0.809536
-0.875466
-1.114571
-0.920233
-1.503599
-2.777778
-1.101204
-2.888083
-0.307796
-1.086856
-25.000000
-0.054398
-0.019081
-0.060216
-0.147263
-0.308638
-0.139285
-0.239706
-0.134454
-0.000654
-0.000344
-0.132093
-0.003011
-0.016931
-0.000594
-24.999718
-0.464168
-0.006311
-0.548697
-0.003859
-0.060966
-0.034294
-0.308642
-0.093854
-0.027851
-0.008078
-0.029893
-0.289717
-1.135596
-25.000000
-0.308642
-0.000553
-0.510982
-0.893517
-0.764503
-0.016663
-0.483557
-0.676610
-0.013595
-0.136841
-0.004498
-1.231779
-0.005425
-0.034294
-24.999999
-0.042342
-0.099541
-0.286203
-0.218137
-0.025612
-0.015242
-0.184450
-0.006774
-0.000188
-0.046185
-0.034294
-0.049092
-0.296735
-0.066349
-0.035439
-0.243865
-0.662362
-0.076914
-0.195325
-0.000561
-0.137174
-0.000084
-5.332441
-0.189722
-5.383893
-0.303862
-0.000523
-0.069259
-0.003800
-10.742472
-0.116909
-0.086332
-0.034294
-0.080684
-0.122356
-0.087848
-0.001142
-0.060966
-24.999969
-0.209385
-0.331928
-0.603701
-0.036686
-0.104407
-0.108940
-0.235367
-0.000027
-0.415662
-0.006285
-0.003354
-0.131295
-0.157039
-0.003533
-3.336604
-0.250658
-0.063267
-0.001211
-0.015784
-0.034283
-0.147523
-0.003810
-0.016525
-6.432343
-0.000423
-0.221808
-0.199903
-0.223964
-6.936612
-0.015242
-0.031800
-0.000084
-0.003717
-0.147523
-0.010326
-0.011055
-0.021113
-0.196962
-0.024823
-0.002091
-0.027096
-0.008056
-0.080081
-1.284616
-0.217522
-0.001858
-0.034304
-2.304510
-0.001530
-0.186490
-15.571270
-0.137174
-0.001899
-0.022768
-0.015242
-0.000065
-0.034294
-0.000988
-0.075267
-0.003011
-0.000034
-0.091596
-0.069904
-0.207838
-0.008644
-0.299398
-0.234917
-0.002305
-0.004847
-0.005132
-0.034200
-0.031259
-0.000000
-0.034262
-0.002848
-0.000006
-0.789582
-0.000753
-0.007548
-0.005176
-0.001090
-0.147523
-0.010017
-11.111111
-0.001570
-0.020745
-0.108385
-0.025126
-0.000665
-0.005068
-0.000007
-0.002289
-0.000335
-0.031806
-0.158249
-0.012951
-0.001402
-0.013431
-0.000033
-5.696964
-0.016929
-7.728756
-0.088267
-0.015242
-0.018817
-0.027096
-0.000046
-0.028107
-0.000457
-0.110881
-0.483047
-0.381039
-0.001528
-0.024383
-0.003810
-0.003807
-0.034293
-0.034283
-0.002298
-0.031800
-0.012043
-0.009220
-0.000021
-0.001736
-0.015242
-0.331928
-0.016391
-0.005352
-0.022768
-0.018817
-0.004434
-0.134514
-0.012043
-0.014712
-0.015242
-0.975461
-0.002232
-0.093854
-0.027600
-0.006774
-0.001229
-0.000021
-0.002384
-0.003361
-0.034283
-0.018817
-0.003810
-0.000000
-0.001880
-14.023946
-0.017265
-0.003810
-1.067872
-0.034283
-0.975461
-0.003205
-0.034283
-0.009499
-0.000061
-0.025944
-0.030697
-2.193282
-0.573047
-0.001223
-0.015242
-0.025612
-0.015242
-0.186709
-0.020527
-0.010119
-0.100505
-0.003969
-0.027264
-0.015242
-0.011060
-0.002943
-2.275296
-0.000000
-0.003011
-0.007285
-0.010119
-0.000420
-0.029392
-0.012043
-0.006774
-0.000000
-0.022209
-0.007548
-0.009220
-0.003551
-0.003800
-0.013283
-0.000148
-0.000590
-0.000569
-0.000047
-0.034283
-0.000994
-0.003810
-0.015242
-0.005808
-0.003011
-0.000753
-0.000384
-0.001278
-0.002002
-1.644820
-7.070334
-4.523851
-20.464089
-3.759502
-2.038722
-18.376814
-8.439699
-3.501649
-0.008117
-0.000086
-0.000411
-0.001017
-0.000890
-0.004456
-0.000103
-0.017314
-0.030983
-0.063712
-0.136503
-0.001240
-0.019412
-0.007015
-0.092417
-0.029929
-0.000127
-0.039260
-0.000055
-0.082322
-0.225153
-0.002782
-0.131119
-0.236250
-0.072018
-0.282732
-0.004694
-0.151098
-0.059113
-0.011009
-0.012795
-0.039753
-0.000825
-0.155252
-0.228180
-0.382662
-0.047948
-0.037578
-0.000006
-0.145786
-0.011839
-0.101926
-0.030951
-0.065993
-0.000933
-0.127986
-0.002106
-0.433538
-0.039461
-0.308642
-0.077455
-0.003118
-0.308643
-0.308642
-0.000047
-0.196049
-0.011566
-0.308642
-0.358004
-0.000253
-0.308642
-0.064696
-0.077523
-0.000243
-0.308642
-0.009213
-0.308642
-0.674621
-0.946800
-1.205158
-1.342525
-1.376830
-1.481077
-1.175824
-1.119252
-0.000078
-25.000000
-0.051685
-0.120115
-0.000014
-0.126089
-0.308642
-0.254830
-0.035370
-0.314808
-0.505001
-0.008298
-0.866211
-1.183180
-24.999969
-0.083155
-0.219951
-0.045453
-0.270724
-0.042338
-0.174693
-0.051745
-0.000013
-0.085935
-0.004658
-0.002530
-0.004855
-0.308642
-24.999999
-0.120289
-0.054737
-0.051861
-0.034294
-0.072830
-0.004917
-0.308642
-0.007161
-0.054938
-0.034294
-0.003555
-0.071083
-0.188690
-0.034294
-0.000761
-0.857339
-0.000013
-24.931460
-0.000033
-0.106387
-0.288290
-0.065960
-0.092176
-0.271902
-0.063544
-0.308641
-0.114216
-0.034304
-0.001008
-0.000000
-0.040137
-6.211780
-0.308548
-0.071596
-0.069247
-0.070963
-0.470419
-0.060799
-0.034294
-0.119780
-0.079601
-0.285262
-0.051229
-0.054411
-8.148709
-0.227956
-0.176072
-0.245373
-25.000000
-0.004284
-0.060966
-0.035677
-0.078467
-0.034294
-0.023034
-0.009080
-0.290812
-0.021608
-1.110286
-0.895866
-0.945587
-0.186709
-0.003379
-0.043601
-0.019466
-0.061959
-5.629129
-0.158986
-0.094790
-0.034294
-0.003810
-0.548697
-24.999999
-0.308642
-0.005352
-0.001893
-0.000047
-0.027096
-0.034283
-0.006507
-1.234568
-0.006774
-0.042338
-0.054144
-0.000989
-0.180641
-0.019003
-1.265239
-5.796834
-0.000671
-0.548697
-0.308638
-3.200737
-0.308611
-0.433538
-0.770735
-0.342549
-0.093854
-24.992380
-0.012043
-0.180829
-0.297732
-0.001246
-0.004704
-0.034294
-0.000686
-0.091073
-0.007027
-0.000335
-0.034262
-0.128258
-0.243865
-0.150884
-0.024756
-0.050884
-0.003717
-0.036881
-0.034388
-0.301068
-0.106722
-0.034576
-0.011060
-0.115178
-0.000000
-0.020092
-0.095260
-0.108385
-6.935474
-0.018319
-0.001182
-0.001599
-0.108385
-0.017393
-0.004497
-0.008581
-0.004704
-0.122356
-0.000805
-0.147624
-0.004600
-0.008866
-1.154968
-0.029372
-0.031733
-0.007040
-0.000947
-17.927693
-0.006774
-0.223246
-0.000124
-0.004704
-0.000000
-0.034388
-0.034325
-0.014992
-0.167158
-0.000000
-0.204915
-0.014187
-0.003717
-0.000001
-0.000006
-0.001511
-0.001672
-0.763615
-0.034283
-0.011560
-0.975461
-0.002695
-0.008451
-4.290410
-0.008239
-0.015747
-0.015967
-0.033452
-0.027096
-0.002800
-0.005132
-0.000000
-0.015242
-0.002667
-0.286203
-0.017583
-0.217522
-0.016231
-0.000069
-0.137174
-0.108565
-0.000675
-0.003414
-0.111416
-0.011711
-0.277036
-8.969847
-0.002379
-0.054117
-0.005278
-0.000114
-0.026102
-0.119705
-0.002566
-0.027096
-0.000423
-0.124730
-0.034105
-0.000019
-0.018608
-0.003417
-0.381039
-0.005169
-0.921046
-0.000247
-3.474664
-0.034294
-0.770735
-0.006774
-0.033731
-0.010584
-0.008634
-0.010465
-0.003469
-0.028400
-0.001742
-0.034262
-0.014498
-0.011379
-0.008363
-0.008363
-0.016391
-0.009548
-0.017222
-12.460545
-0.111460
-0.000957
-0.011383
-0.000158
-0.008087
-0.003354
-0.003810
-0.025134
-0.010584
-0.003810
-0.002091
-0.034294
-0.000423
-0.001694
-0.031800
-0.013960
-0.024645
-0.003500
-0.015242
-0.000189
-0.000420
-0.009220
-0.000519
-0.027096
-0.000423
-12.044423
-0.002836
-0.000282
-0.000188
-0.003807
-0.013694
-0.013418
-0.034292
-0.031800
-0.016132
-0.011187
-0.001201
-0.000393
-0.003800
-0.033452
-0.008644
-0.012951
-0.033452
-0.123788
-0.009220
-0.003810
-0.000178
-0.034294
-0.000304
-0.003810
-0.000078
-0.003810
-0.027096
-0.003810
-0.003810
-1.081096
-2.521675
-15.787247
-11.831805
-12.809609
-1.696313
-1.409997
-3.224262
-1.121760
-20.443482
-1.518301
-1.694359
-0.887231
-1.022401
-0.773413
-0.570410
-0.426656
-0.308642
-0.308642
-0.357985
-0.140117
-0.098806
-0.032086
-0.011441
-0.000705
-0.009784
-0.056332
-0.089198
-0.001511
-0.057263
-0.000137
-0.061034
-0.029301
-0.000069
-0.088316
-0.000863
-0.074675
-0.014376
-0.047234
-0.232005
-0.000472
-0.091274
-0.016464
-0.058736
-0.255380
-0.003036
-0.090630
-0.006824
-0.096942
-0.321474
-0.015673
-0.072008
-0.001318
-0.139498
-0.417006
-0.017646
-0.092184
-0.009850
-0.108704
-0.428620
-0.001308
-0.168099
-0.034294
-0.081568
-0.003020
-0.316310
-0.028770
-0.063725
-0.015684
-0.486607
-0.012202
-0.107377
-0.004245
-0.308642
-0.308673
-0.650249
-0.308642
-0.000711
-0.309489
-0.013879
-0.308642
-0.374976
-0.857339
-1.381848
-1.423923
-0.857339
-1.611174
-2.777778
-25.000000
-0.084807
-0.063533
-0.023832
-0.055203
-0.163959
-0.005132
-0.308642
-0.041446
-0.002379
-0.737802
-0.529037
-0.857339
-0.797831
-0.740773
-0.308360
-0.000062
-3.419389
-3.699803
-0.027096
-25.000000
-0.245192
-0.104736
-0.298040
-0.228234
-0.086664
-0.228073
-0.308641
-0.168357
-0.095260
-0.003810
-0.162767
-0.011847
-0.103433
-0.044365
-0.017832
-24.999999
-0.109055
-0.056914
-0.012628
-0.308642
-0.279777
-0.271714
-0.104838
-0.014073
-0.005352
-0.003245
-0.113300
-0.471888
-0.001031
-0.120752
-0.003810
-0.010585
-0.034304
-24.999997
-0.082437
-0.020842
-0.012798
-0.073515
-0.186709
-0.124921
-0.034294
-0.011390
-0.057626
-0.000393
-0.068443
-0.002381
-0.002286
-0.076733
-0.000356
-4.149558
-0.016651
-0.095260
-0.870087
-13.354621
-0.100439
-0.015728
-0.060966
-0.382574
-0.156242
-0.095260
-0.040742
-0.008085
-0.003941
-8.270752
-0.083568
-0.076949
-0.264349
-8.910886
-0.003810
-0.054582
-0.194472
-0.010403
-0.002341
-0.003480
-0.180829
-0.095836
-0.230505
-0.071905
-24.999969
-0.030036
-0.230505
-0.016061
-0.001628
-0.010584
-0.244814
-0.000000
-0.095208
-0.020819
-0.001873
-0.246885
-0.184739
-0.548697
-0.086964
-0.104025
-0.034293
-0.244870
-0.001024
-0.286203
-0.303572
-0.003810
-3.359512
-0.015242
-0.098745
-4.158839
-0.034283
-0.068699
-0.019520
-0.027096
-24.931460
-0.034012
-0.000379
-0.022768
-0.000043
-0.128879
-0.301068
-0.000753
-0.000198
-0.030980
-0.001441
-0.192559
-0.003011
-0.224047
-0.006774
-0.017583
-0.003779
-0.015242
-0.001694
-0.000018
-0.308548
-0.000770
-0.104901
-0.021858
-0.003501
-0.230505
-0.108385
-0.000423
-3.418075
-0.006078
-0.109390
-0.006774
-0.746837
-9.391611
-0.639841
-0.033452
-0.148153
-1.021144
-0.034294
-0.000373
-0.000076
-7.714638
-0.303489
-0.016565
-0.243865
-0.010304
-0.015242
-0.016391
-0.022008
-0.000000
-0.035146
-0.000000
-0.042338
-0.003810
-0.015242
-0.020672
-0.027096
-0.227588
-0.001478
-0.009781
-0.012229
-0.157576
-0.000115
-0.003068
-0.001118
-0.015620
-0.011751
-0.986531
-0.009881
-0.000000
-0.000055
-0.286203
-0.000423
-2.846788
-0.023698
-0.034294
-9.273654
-0.029401
-3.429355
-0.008974
-0.006362
-0.009664
-0.032002
-0.014498
-0.281332
-0.007489
-0.001205
-0.000423
-0.000640
-0.000013
-0.000012
-0.000082
-0.017048
-0.002846
-0.010637
-0.073604
-0.130484
-0.096676
-0.017583
-0.007285
-0.243865
-0.027096
-1.524158
-0.095731
-0.016391
-0.020092
-0.000037
-0.015242
-0.070333
-0.000000
-0.001694
-0.015242
-0.027096
-0.029025
-0.031800
-0.015242
-0.000000
-0.005352
-0.000045
-0.000601
-0.975461
-0.014621
-0.004805
-0.001636
-10.139915
-0.003180
-0.002530
-0.019237
-0.011383
-0.028280
-0.020748
-0.000007
-0.000523
-0.000024
-0.012721
-0.004581
-0.009220
-0.000328
-0.015242
-0.000000
-0.000523
-0.005196
-0.000253
-0.016784
-0.034012
-0.015242
-0.001694
-0.034294
-0.003810
-0.034262
-0.020672
-0.000753
-0.002080
-9.781707
-0.018817
-0.034294
-0.013418
-0.015590
-0.000001
-0.022768
-0.000488
-0.001694
-0.001694
-0.015242
-0.000058
-0.024169
-0.000427
-0.000204
-0.001694
-0.001694
-0.000420
-0.034293
-0.010119
-0.001694
-0.003810
-0.002091
-0.003284
-0.000022
-0.000188
-0.015242
-0.027096
-0.002530
-0.002459
-6.114414
-0.403448
-14.512814
-22.407582
-13.382970
-21.015223
-1.060148
-13.634705
-6.847302
-2.144851
-0.550814
-0.382167
-0.497633
-0.765510
-0.332121
-0.354546
-0.301068
-0.259151
-0.190017
-0.139620
-0.091164
-0.057577
-0.028875
-0.010826
-0.001057
-0.001092
-0.010676
-0.028036
-0.005935
-0.071247
-0.000006
-0.045759
-0.000506
-0.051597
-0.080267
-0.002087
-0.039033
-0.003142
-0.087587
-0.039066
-0.007719
-0.006154
-0.159123
-0.276107
-0.043259
-0.187703
-0.005406
-0.040906
-0.000117
-0.110749
-0.324811
-0.047679
-0.015880
-0.173869
-0.329662
-0.007112
-0.067188
-0.000766
-0.106203
-0.288927
-0.022564
-0.055465
-0.276146
-0.000033
-0.125812
-0.063354
-0.020737
-0.008458
-0.070996
-0.331928
-0.000524
-0.180829
-0.420773
-0.134180
-0.001821
-0.211927
-0.008845
-0.103987
-0.030732
-0.068773
-0.000046
-0.308924
-0.064737
-0.052822
-0.308924
-0.000904
-0.308736
-0.308642
-0.001712
-0.144254
-0.000138
-0.194948
-0.308642
-0.000219
-0.145683
-0.004425
-0.562021
-0.308645
-0.465091
-0.999229
-0.812265
-0.573417
-0.679915
-0.915500
-1.018068
-0.308642
-1.059510
-1.059446
-0.922050
-1.264228
-1.041335
-1.261348
-25.000000
-0.005532
-0.110401
-0.034292
-0.000429
-1.169590
-0.140734
-0.018979
-0.001694
-2.777778
-25.000000
-0.168260
-0.095871
-0.055952
-0.060475
-0.061108
-0.011141
-0.082133
-0.055094
-0.436691
-0.015242
-0.592438
-4.149520
-0.000755
-24.999990
-0.069170
-0.086089
-0.060966
-0.064272
-0.009876
-0.000188
-0.059470
-0.071136
-0.000024
-0.308638
-0.034294
-0.112436
-0.174406
-0.093357
-0.000335
-0.081686
-0.001301
-24.999969
-0.099834
-0.005437
-0.077901
-0.063261
-0.190115
-0.204915
-0.046400
-0.006521
-0.252782
-0.036071
-0.003381
-0.194024
-0.271714
-0.002153
-0.000000
-0.286203
-0.019768
-8.682052
-0.223993
-0.230018
-0.000424
-0.082982
-1.726282
-0.382295
-0.034294
-0.000000
-0.051229
-0.857339
-4.822891
-0.281132
-0.014621
-0.228277
-0.221648
-2.194787
-0.001778
-0.003810
-24.997460
-0.024882
-0.010222
-0.056534
-0.095260
-0.003810
-0.046185
-0.257602
-0.052269
-0.001804
-0.001509
-0.026039
-0.083538
-0.023455
-0.091687
-1.011924
-0.037831
-0.034283
-1.112429
-0.020745
-0.015242
-2.054595
-0.000647
-0.003280
-0.008393
-0.053720
-3.429355
-0.107396
-0.015242
-0.152839
-7.501638
-0.017181
-0.308642
-0.198531
-0.308360
-0.034200
-3.527264
-0.286203
-0.311187
-0.007815
-0.001579
-0.216575
-0.027853
-0.142302
-0.006541
-0.012043
-0.015242
-0.011060
-0.003810
-0.034294
-0.022768
-0.003810
-0.060966
-0.158249
-0.009220
-0.159449
-0.000111
-0.004847
-0.027096
-8.691724
-0.042338
-0.001694
-0.027096
-0.000497
-0.000770
-0.003680
-12.086777
-0.037768
-0.000434
-0.160684
-0.000315
-0.278643
-0.020966
-0.002062
-0.003363
-0.008749
-0.014781
-0.042897
-0.008939
-0.003435
-0.029062
-0.108385
-0.022176
-0.034262
-0.664917
-0.015242
-0.010631
-0.230544
-0.006338
-3.278633
-0.036881
-0.489424
-0.001176
-0.000000
-1.115646
-0.000473
-0.003300
-0.071551
-0.002812
-0.000032
-0.003810
-0.001682
-0.022768
-0.015242
-0.017004
-0.012043
-5.170159
-1.039710
-0.031619
-0.013654
-0.031847
-0.005023
-0.060966
-0.015242
-0.012213
-1.734153
-0.007952
-0.020819
-0.114490
-0.015242
-24.997460
-0.020721
-0.003358
-0.001785
-0.002523
-0.006802
-0.000024
-0.031800
-0.032529
-0.008188
-0.003810
-0.000005
-0.002727
-0.020745
-0.018305
-0.202316
-0.034012
-0.034294
-0.000412
-0.195733
-0.024169
-0.006774
-0.003011
-0.022768
-0.000217
-0.006886
-0.000000
-0.008044
-0.000027
-0.018934
-0.308641
-0.003810
-0.024858
-0.001694
-0.122376
-0.000215
-0.001265
-0.001694
-0.000000
-6.096632
-0.001694
-0.001694
-0.014133
-0.121171
-1.030406
-0.000781
-0.022159
-0.004098
-0.003812
-0.018817
-0.034294
-0.005352
-0.001804
-0.031800
-0.003810
-0.032969
-0.001511
-0.001877
-0.034294
-0.028055
-0.000040
-0.003594
-0.003676
-0.000455
-0.000012
-0.025648
-0.000011
-0.013184
-0.014868
-0.035146
-0.006042
-0.018817
-0.006774
-0.149874
-0.020527
-0.003810
-0.001754
-0.139933
-0.000000
-0.002222
-0.000607
-0.031800
-0.003810
-0.000110
-0.011060
-0.011897
-0.001350
-0.000000
-0.025335
