15.058000
15.509000
14.854000
15.328000
17.018000
16.568000
19.502000
18.124000
18.848000
20.260000
21.115000
21.307000
21.698000
23.820000
25.234000
24.728000
25.905000
27.752000
27.304000
28.264000
28.108000
29.714000
30.568000
31.188000
31.077000
31.924000
34.284000
32.051000
33.262000
35.667000
35.576000
36.596000
38.279000
37.739000
37.876000
40.879000
41.178000
41.508000
42.652000
43.089000
44.104000
45.684000
46.013000
47.218000
47.363000
49.635000
50.407000
50.627000
50.098000
51.750000
54.274000
54.014000
53.556000
55.852000
59.798000
59.454000
59.525000
62.350000
61.897000
60.638000
61.772000
63.671000
65.164000
66.566000
66.760000
68.721000
70.291000
68.692000
68.694000
71.540000
71.137000
73.017000
74.212000
74.449000
75.633000
78.104000
77.920000
78.897000
80.703000
80.856000
82.049000
82.836000
83.625000
85.317000
86.181000
87.072000
89.729000
90.225000
89.211000
92.732000
91.348000
92.750000
95.184000
95.721000
94.140000
103.804000
101.893000
104.721000
106.236000
105.375000
106.507000
104.035000
103.988000
107.728000
108.180000
111.627000
110.148000
111.727000
118.362000
113.723000
112.831000
115.386000
116.228000
117.648000
119.120000
122.271000
121.755000
122.657000
123.821000
124.902000
126.170000
139.286000
129.951000
133.696000
131.211000
132.499000
132.550000
134.909000
134.818000
138.471000
138.659000
141.914000
140.129000
143.065000
142.831000
145.256000
145.821000
148.718000
148.216000
150.493000
150.526000
152.623000
151.551000
157.727000
155.993000
160.197000
157.442000
163.916000
162.111000
164.639000
163.257000
167.285000
166.832000
170.013000
168.539000
171.729000
171.902000
175.869000
172.515000
179.040000
176.390000
182.452000
180.693000
183.422000
181.051000
186.964000
184.564000
189.693000
188.864000
191.350000
190.412000
193.862000
193.827000
201.108000
196.294000
199.602000
203.666000
203.546000
204.575000
206.710000
205.528000
209.175000
220.607000
212.306000
211.579000
214.530000
214.792000
218.412000
215.211000
219.976000
217.927000
224.415000
227.636000
235.293000
226.869000
233.530000
232.250000
232.776000
230.704000
236.383000
235.459000
239.182000
239.061000
241.260000
242.032000
244.914000
243.620000
246.549000
248.656000
253.181000
250.371000
254.711000
255.164000
258.288000
255.213000
259.532000
261.565000
267.285000
261.970000
276.610000
276.660000
272.824000
268.888000
275.737000
275.053000
277.811000
276.040000
280.785000
278.121000
279.818000
280.492000
286.037000
286.885000
290.243000
288.288000
294.167000
289.572000
295.438000
294.153000
302.911000
298.131000
305.029000
305.001000
312.554000
319.700000
319.899000
313.562000
313.952000
312.582000
316.239000
317.829000
322.460000
317.419000
321.791000
325.835000
327.181000
325.526000
334.293000
331.345000
338.349000
345.545000
346.863000
337.125000
344.326000
341.208000
349.497000
343.541000
348.197000
348.713000
350.999000
348.467000
360.208000
352.970000
363.816000
360.009000
363.666000
360.913000
365.153000
362.354000
371.977000
371.611000
373.362000
374.771000
387.475000
392.669000
389.518000
377.829000
387.779000
382.763000
395.541000
388.092000
392.712000
390.916000
395.526000
392.430000
402.639000
405.507000
423.426000
399.564000
407.276000
410.874000
411.269000
415.212000
416.753000
413.143000
422.636000
417.023000
428.039000
419.069000
427.180000
425.402000
430.187000
429.881000
435.148000
437.055000
441.085000
435.533000
441.345000
444.051000
450.383000
444.747000
453.832000
448.131000
460.960000
451.222000
458.168000
455.530000
469.200000
463.636000
467.779000
464.368000
469.963000
470.417000
473.906000
474.214000
478.525000
480.967000
482.425000
481.475000
484.805000
485.175000
489.496000
489.196000
493.658000
496.499000
498.377000
499.448000
503.227000
501.012000
506.450000
534.825000
514.944000
522.340000
518.779000
519.893000
520.117000
518.234000
522.597000
522.077000
530.758000
529.893000
537.136000
531.859000
539.145000
533.172000
545.183000
538.316000
551.950000
545.566000
555.355000
550.638000
555.326000
550.232000
555.057000
556.591000
565.255000
563.719000
568.077000
569.543000
575.697000
570.055000
576.368000
571.594000
586.958000
577.857000
588.748000
585.323000
590.575000
589.668000
594.076000
12.193000
12.975000
13.010000
14.010000
14.941000
15.916000
16.053000
16.905000
17.597000
18.571000
18.818000
20.943000
21.285000
22.783000
22.641000
24.169000
24.187000
25.360000
28.763000
27.145000
27.949000
28.993000
28.793000
30.206000
30.248000
30.372000
31.504000
33.195000
34.337000
35.212000
36.183000
35.392000
36.380000
37.517000
39.126000
40.101000
40.360000
41.255000
41.823000
43.251000
44.514000
45.591000
45.391000
47.891000
47.976000
48.824000
48.082000
51.432000
51.395000
52.668000
52.198000
53.562000
54.721000
56.330000
56.236000
56.374000
57.855000
60.642000
61.691000
61.542000
62.863000
64.634000
63.699000
64.278000
66.568000
67.320000
67.788000
67.666000
71.555000
71.560000
70.258000
72.088000
74.253000
74.857000
76.083000
78.939000
77.424000
78.876000
79.827000
80.958000
81.015000
83.209000
86.600000
85.438000
86.938000
86.941000
88.782000
90.167000
89.239000
91.273000
91.356000
92.391000
97.037000
95.153000
94.845000
100.284000
97.617000
99.885000
102.783000
101.656000
102.098000
104.707000
104.512000
107.559000
105.970000
109.649000
110.586000
112.770000
112.102000
113.291000
115.263000
115.795000
116.981000
120.235000
118.979000
120.021000
120.445000
121.849000
124.371000
126.637000
127.223000
127.590000
130.408000
131.114000
131.979000
132.642000
133.579000
136.496000
136.579000
137.201000
141.420000
145.041000
140.752000
143.496000
143.313000
144.522000
146.655000
148.279000
149.745000
149.437000
150.451000
152.400000
154.738000
155.939000
159.066000
157.938000
158.520000
160.242000
162.004000
161.827000
164.414000
167.205000
167.553000
168.579000
170.256000
172.967000
173.452000
173.232000
174.961000
177.576000
177.859000
180.816000
182.689000
182.040000
182.146000
184.023000
186.050000
189.632000
189.719000
190.768000
191.570000
195.954000
194.123000
196.776000
197.775000
198.871000
201.270000
207.229000
204.644000
207.156000
204.133000
207.367000
211.010000
213.565000
212.559000
214.386000
214.794000
219.355000
216.674000
219.222000
221.736000
226.127000
224.205000
226.281000
225.900000
230.692000
230.968000
231.072000
230.999000
237.277000
235.867000
240.338000
237.072000
241.457000
244.127000
245.972000
245.784000
248.538000
251.545000
250.604000
250.258000
253.899000
254.786000
256.105000
257.845000
261.058000
261.899000
262.940000
262.843000
273.370000
270.570000
270.418000
269.980000
274.770000
273.733000
277.188000
277.330000
281.803000
281.921000
280.240000
280.840000
288.704000
285.768000
290.903000
289.780000
293.433000
291.529000
295.433000
295.010000
301.888000
299.756000
306.137000
306.737000
308.831000
309.171000
306.357000
307.084000
313.657000
312.725000
316.758000
316.235000
320.067000
316.023000
320.333000
324.805000
332.667000
328.506000
334.225000
329.212000
340.864000
341.744000
336.174000
334.492000
342.394000
337.887000
346.060000
344.339000
348.209000
348.903000
354.630000
348.399000
358.770000
356.145000
360.927000
359.665000
363.267000
358.989000
366.618000
363.101000
371.201000
371.392000
373.166000
374.310000
377.719000
375.970000
383.476000
378.128000
387.096000
383.149000
390.908000
388.587000
390.936000
389.847000
393.676000
392.142000
403.274000
397.625000
406.742000
405.539000
410.906000
407.057000
408.424000
411.497000
419.088000
428.350000
436.900000
416.832000
425.974000
421.652000
424.968000
424.875000
434.362000
434.202000
433.776000
434.297000
438.747000
447.569000
455.780000
443.432000
451.378000
459.262000
451.913000
450.677000
462.249000
451.402000
462.489000
455.495000
468.375000
461.996000
468.273000
463.686000
473.823000
473.257000
475.164000
482.552000
480.077000
479.841000
480.073000
483.511000
487.796000
489.404000
487.123000
489.853000
495.152000
492.598000
498.992000
501.478000
509.352000
502.864000
502.064000
504.394000
536.108000
517.797000
517.164000
526.236000
520.930000
519.448000
522.139000
523.375000
528.744000
527.556000
532.922000
534.392000
540.070000
531.274000
550.431000
543.503000
569.176000
546.079000
566.738000
565.795000
557.973000
547.951000
558.865000
558.932000
561.166000
560.990000
569.564000
583.691000
605.093000
648.190000
689.597000
603.619000
608.526000
602.297000
623.080000
612.198000
638.977000
622.287000
659.356000
12.895000
13.143000
13.938000
15.104000
15.132000
17.004000
17.055000
17.353000
18.932000
19.966000
19.533000
21.795000
22.876000
23.897000
23.600000
25.195000
25.511000
26.465000
31.474000
28.919000
28.585000
33.852000
30.718000
29.915000
31.129000
32.799000
32.963000
34.595000
35.578000
35.925000
37.157000
38.873000
37.910000
39.276000
39.335000
40.070000
40.579000
43.161000
43.451000
43.848000
45.277000
46.205000
46.904000
49.523000
48.099000
48.907000
51.467000
58.602000
56.913000
53.492000
54.172000
58.167000
57.010000
58.009000
58.197000
60.905000
60.026000
61.115000
61.743000
64.332000
65.138000
64.537000
64.516000
68.674000
67.223000
68.037000
68.752000
71.781000
71.303000
72.638000
73.351000
73.993000
74.697000
78.196000
77.067000
80.033000
80.110000
80.720000
82.690000
83.773000
84.275000
85.004000
87.333000
86.914000
87.621000
90.814000
91.375000
93.325000
94.644000
94.231000
97.075000
97.601000
96.100000
99.793000
98.216000
99.340000
102.365000
102.956000
105.527000
106.963000
109.657000
112.767000
110.294000
110.558000
110.608000
126.769000
127.363000
122.959000
118.055000
122.241000
121.764000
122.341000
120.868000
122.892000
122.413000
126.966000
124.414000
129.673000
129.310000
130.468000
131.214000
135.639000
131.761000
134.080000
143.977000
136.478000
136.332000
138.339000
143.649000
141.321000
142.322000
141.244000
156.005000
152.566000
148.509000
160.000000
154.694000
152.421000
150.499000
162.005000
162.419000
153.530000
158.353000
162.179000
164.135000
160.891000
160.251000
165.195000
164.054000
164.964000
165.935000
170.948000
167.421000
168.653000
168.822000
172.409000
181.857000
182.079000
183.347000
178.175000
179.346000
190.270000
189.892000
190.916000
190.649000
185.934000
188.048000
191.079000
190.549000
190.312000
191.066000
197.272000
198.467000
201.560000
196.495000
200.000000
201.867000
203.953000
201.523000
205.838000
211.144000
216.164000
206.971000
214.188000
212.308000
219.639000
216.713000
218.554000
217.220000
223.440000
220.051000
230.544000
233.931000
236.675000
226.647000
231.544000
231.387000
230.317000
236.631000
237.451000
236.207000
238.946000
240.099000
244.774000
241.497000
243.384000
241.826000
255.551000
248.658000
249.979000
250.290000
256.288000
255.365000
256.361000
255.681000
264.210000
267.813000
264.476000
263.561000
269.807000
266.694000
268.614000
270.418000
275.336000
276.213000
277.699000
293.811000
282.804000
278.249000
283.885000
282.392000
286.977000
283.331000
293.268000
291.265000
297.702000
296.581000
296.843000
295.032000
298.463000
300.445000
304.011000
300.901000
309.185000
308.130000
306.991000
309.108000
314.906000
310.614000
319.836000
318.770000
320.826000
319.235000
325.051000
326.271000
328.368000
329.215000
331.685000
328.853000
336.787000
334.620000
339.389000
337.412000
347.527000
345.639000
347.557000
344.517000
349.706000
347.568000
350.320000
353.884000
360.387000
359.046000
362.677000
358.719000
362.021000
363.835000
365.335000
361.942000
375.264000
368.786000
378.403000
380.364000
378.493000
379.963000
380.320000
380.315000
389.425000
383.778000
394.891000
388.484000
396.637000
395.542000
397.263000
395.149000
405.059000
402.099000
406.066000
404.494000
410.578000
412.615000
409.642000
410.096000
415.519000
417.630000
422.923000
422.293000
428.502000
424.501000
428.144000
423.185000
448.758000
428.290000
438.747000
437.221000
439.673000
441.271000
445.710000
440.883000
447.381000
444.641000
454.838000
451.006000
456.978000
455.525000
461.136000
473.431000
484.351000
466.190000
476.740000
472.427000
481.580000
478.197000
479.038000
481.785000
486.035000
478.230000
487.463000
484.288000
494.717000
484.208000
489.911000
488.751000
498.042000
497.306000
500.377000
506.121000
506.240000
501.716000
505.745000
503.102000
518.649000
508.083000
524.528000
526.587000
542.742000
515.439000
525.428000
520.115000
531.915000
527.498000
537.786000
528.352000
537.497000
553.835000
550.901000
548.707000
554.567000
545.086000
549.078000
551.361000
552.961000
562.156000
559.425000
556.860000
565.252000
558.894000
572.994000
564.081000
580.084000
572.714000
575.058000
573.313000
585.118000
583.429000
584.809000
592.097000
593.506000
588.274000
593.959000
12.264000
12.446000
13.384000
14.217000
14.511000
15.341000
16.535000
16.880000
17.382000
18.907000
19.098000
20.498000
21.260000
22.130000
23.323000
23.437000
23.863000
25.046000
25.749000
26.734000
28.513000
28.573000
29.452000
29.951000
30.069000
30.574000
31.016000
33.476000
34.742000
35.056000
36.762000
36.170000
36.287000
38.817000
38.969000
41.596000
40.921000
41.006000
42.721000
43.599000
44.289000
44.621000
46.018000
49.330000
48.269000
49.054000
48.810000
49.050000
51.202000
52.314000
52.119000
53.815000
54.651000
56.440000
56.750000
56.982000
58.626000
60.400000
59.605000
60.927000
62.533000
63.738000
66.301000
63.937000
66.373000
66.715000
66.297000
68.322000
70.645000
72.063000
72.328000
74.040000
74.220000
75.125000
75.947000
77.206000
77.911000
79.426000
78.315000
81.031000
82.591000
82.323000
85.312000
86.452000
86.829000
90.059000
88.114000
90.192000
90.621000
92.304000
91.044000
96.147000
94.694000
99.361000
97.796000
97.697000
97.717000
101.632000
100.367000
101.878000
103.068000
104.744000
105.554000
107.652000
108.372000
110.116000
109.254000
111.668000
112.689000
112.523000
113.944000
116.166000
118.831000
120.539000
121.415000
121.187000
120.299000
123.145000
124.191000
127.677000
128.253000
129.212000
133.466000
134.494000
135.056000
134.449000
139.874000
144.048000
145.269000
146.733000
149.293000
153.136000
152.732000
152.619000
148.845000
150.377000
145.345000
149.043000
146.534000
150.215000
150.996000
154.551000
155.126000
157.419000
158.814000
159.480000
158.954000
166.912000
162.637000
164.020000
163.281000
167.001000
166.263000
170.137000
169.751000
172.865000
171.349000
173.936000
175.091000
179.080000
177.473000
183.522000
181.736000
189.441000
198.003000
193.326000
184.949000
193.162000
187.714000
192.753000
192.693000
193.607000
193.734000
195.071000
198.991000
201.890000
199.823000
203.133000
201.950000
206.978000
206.314000
207.427000
207.680000
211.252000
220.635000
216.512000
213.731000
218.260000
217.063000
232.498000
220.268000
226.313000
223.135000
228.510000
227.852000
235.617000
236.406000
243.960000
235.460000
235.191000
240.126000
239.992000
240.332000
242.128000
240.204000
243.296000
242.927000
248.374000
246.436000
252.167000
250.401000
253.544000
254.432000
256.284000
262.087000
260.391000
267.327000
276.520000
272.307000
267.657000
265.411000
269.847000
269.627000
272.968000
273.013000
281.528000
275.210000
285.123000
283.103000
291.274000
290.533000
294.241000
290.112000
289.149000
288.868000
296.930000
292.957000
296.475000
296.125000
306.720000
297.861000
302.305000
304.282000
307.032000
303.238000
314.241000
314.258000
325.534000
320.515000
318.333000
316.921000
321.024000
320.093000
321.666000
320.320000
333.257000
326.370000
334.786000
332.392000
335.903000
332.510000
343.631000
337.526000
344.765000
339.567000
345.452000
344.870000
351.286000
345.446000
355.302000
350.496000
359.348000
356.139000
360.356000
358.344000
365.364000
360.921000
364.643000
365.802000
371.429000
373.674000
380.914000
379.585000
396.170000
380.697000
380.160000
381.584000
384.187000
388.956000
395.145000
390.073000
394.420000
387.742000
394.745000
396.117000
403.935000
418.040000
407.069000
411.911000
409.254000
405.272000
410.152000
406.807000
416.487000
412.783000
423.881000
441.828000
443.688000
423.357000
424.158000
431.383000
439.867000
431.820000
438.550000
433.207000
446.337000
435.079000
442.972000
438.841000
452.675000
446.688000
453.337000
461.814000
482.554000
458.541000
456.084000
460.319000
463.962000
464.678000
467.538000
477.575000
473.250000
472.609000
472.940000
474.522000
479.341000
480.177000
484.731000
486.075000
494.061000
486.494000
491.235000
491.578000
499.164000
496.980000
505.385000
499.334000
504.506000
505.713000
509.609000
504.749000
522.884000
535.055000
548.593000
533.914000
555.401000
551.317000
530.355000
537.320000
530.692000
528.795000
535.245000
531.757000
542.064000
538.121000
546.011000
537.908000
574.100000
545.839000
552.587000
548.443000
568.024000
550.767000
554.778000
592.119000
564.679000
566.580000
572.274000
572.242000
574.752000
569.573000
576.377000
572.975000
591.318000
577.332000
601.386000
582.884000
594.999000
599.936000
591.396000
12.420000
13.472000
13.290000
14.329000
14.743000
16.526000
16.424000
17.738000
17.422000
18.628000
19.334000
21.029000
21.588000
22.600000
23.146000
23.636000
24.236000
24.846000
25.737000
25.964000
27.591000
28.998000
30.290000
32.098000
31.836000
30.622000
31.024000
33.809000
33.996000
35.362000
35.652000
35.615000
39.383000
39.031000
39.588000
40.283000
40.107000
40.818000
43.018000
43.917000
44.646000
45.638000
45.786000
47.234000
48.913000
49.430000
48.872000
49.225000
51.914000
52.857000
52.393000
52.975000
54.196000
55.994000
56.597000
56.728000
58.046000
60.901000
61.857000
61.075000
61.811000
64.341000
63.050000
66.855000
67.057000
67.643000
67.233000
68.743000
70.011000
71.184000
71.031000
73.740000
74.114000
74.931000
75.564000
77.266000
78.310000
79.636000
79.917000
81.429000
81.591000
82.375000
83.231000
86.047000
84.851000
89.976000
91.061000
90.486000
95.919000
92.606000
90.700000
94.590000
93.224000
97.818000
96.716000
99.473000
96.963000
102.492000
100.538000
102.075000
103.208000
103.853000
105.340000
106.130000
107.828000
111.905000
110.351000
112.117000
113.599000
114.103000
113.094000
115.176000
115.880000
118.065000
119.545000
121.878000
121.738000
123.473000
123.921000
127.295000
130.115000
129.241000
133.055000
132.916000
131.081000
133.851000
132.241000
136.025000
134.759000
139.884000
139.782000
144.654000
139.176000
144.677000
141.090000
146.997000
145.721000
153.053000
155.924000
150.771000
149.953000
152.692000
151.585000
160.451000
155.808000
164.574000
158.305000
161.810000
160.513000
164.912000
162.598000
170.500000
165.604000
169.962000
167.902000
175.067000
171.437000
176.731000
172.731000
177.239000
176.802000
181.351000
180.584000
183.594000
180.708000
188.773000
185.407000
190.542000
187.243000
192.197000
189.457000
196.218000
195.187000
197.879000
196.022000
201.851000
200.338000
203.842000
204.091000
205.762000
203.549000
207.504000
209.507000
217.202000
210.515000
215.045000
217.520000
221.578000
217.289000
218.620000
219.299000
225.217000
225.623000
225.116000
224.992000
229.815000
231.280000
235.681000
233.999000
242.011000
236.788000
241.356000
238.409000
242.040000
242.936000
246.478000
243.347000
250.011000
250.267000
252.643000
250.119000
254.772000
259.513000
259.902000
254.637000
259.992000
261.610000
263.659000
262.301000
269.148000
270.920000
267.749000
267.098000
280.007000
276.940000
278.053000
284.024000
283.019000
278.403000
281.943000
282.024000
286.770000
285.241000
292.267000
289.375000
292.685000
290.573000
296.618000
303.020000
299.169000
301.514000
304.195000
301.988000
306.075000
307.022000
309.399000
309.261000
313.922000
310.624000
319.046000
317.393000
321.173000
317.445000
322.038000
322.324000
326.670000
329.310000
335.038000
328.285000
334.071000
341.199000
335.936000
350.202000
349.040000
343.937000
349.867000
345.864000
348.856000
349.371000
352.533000
354.364000
357.887000
353.303000
359.081000
361.387000
362.532000
363.509000
367.874000
361.457000
372.662000
372.589000
371.965000
374.681000
378.935000
374.550000
383.545000
378.032000
387.052000
386.332000
393.701000
391.421000
392.218000
391.760000
393.522000
392.196000
403.306000
399.574000
409.126000
408.593000
408.011000
410.547000
418.172000
411.180000
416.592000
414.903000
422.886000
420.329000
426.847000
419.057000
426.788000
424.335000
437.047000
432.384000
432.404000
437.007000
447.191000
438.151000
441.675000
441.644000
457.508000
442.886000
453.907000
452.309000
459.619000
450.165000
461.660000
453.011000
474.910000
460.861000
467.737000
470.558000
471.274000
469.432000
470.842000
477.817000
480.363000
489.301000
490.224000
484.119000
483.993000
487.413000
489.842000
491.389000
495.909000
497.290000
498.770000
501.266000
501.797000
506.510000
507.568000
509.108000
517.172000
511.734000
515.544000
519.006000
520.113000
519.095000
525.747000
531.058000
533.605000
528.058000
533.913000
536.151000
542.021000
533.058000
544.112000
542.348000
551.097000
542.908000
556.996000
552.702000
558.293000
561.599000
557.709000
559.362000
565.786000
565.333000
566.208000
573.971000
578.731000
568.453000
577.717000
569.597000
583.207000
575.441000
593.234000
602.089000
615.738000
593.238000
591.777000
12.068000
13.230000
13.462000
14.610000
15.006000
16.259000
16.339000
16.733000
17.807000
18.385000
19.651000
20.871000
21.498000
22.111000
22.905000
23.482000
25.310000
26.133000
26.106000
26.425000
27.416000
28.311000
29.033000
30.230000
30.482000
30.944000
31.586000
33.354000
34.210000
35.446000
36.184000
37.200000
36.863000
37.767000
39.610000
42.148000
41.737000
42.196000
44.934000
44.141000
44.362000
44.893000
45.575000
47.104000
48.466000
49.174000
48.198000
50.334000
51.711000
52.938000
52.049000
53.836000
54.321000
55.684000
56.896000
62.167000
59.274000
60.352000
61.883000
61.378000
63.107000
64.080000
63.218000
64.908000
66.173000
69.278000
65.891000
68.855000
71.505000
69.843000
71.916000
73.075000
75.020000
75.738000
76.358000
76.679000
79.404000
80.591000
79.328000
81.982000
81.734000
82.024000
83.211000
86.773000
85.724000
88.925000
88.406000
89.030000
90.508000
90.435000
92.029000
93.825000
94.399000
94.755000
98.649000
99.315000
98.551000
101.407000
99.419000
106.526000
104.028000
104.182000
104.487000
106.951000
110.208000
111.273000
109.530000
111.310000
110.946000
112.952000
114.572000
115.819000
115.742000
118.604000
121.049000
121.572000
120.572000
122.602000
123.294000
126.173000
126.458000
130.012000
128.965000
132.191000
132.178000
133.316000
132.156000
136.197000
141.581000
139.537000
139.086000
141.785000
139.588000
145.026000
144.229000
146.877000
146.757000
153.940000
149.475000
152.028000
148.150000
152.396000
152.278000
157.594000
156.817000
159.401000
160.278000
160.513000
160.367000
166.618000
162.378000
171.617000
167.040000
167.951000
168.292000
175.184000
172.529000
174.587000
173.162000
177.763000
176.842000
182.314000
179.970000
183.623000
182.859000
187.071000
185.388000
190.824000
187.293000
195.212000
189.285000
201.069000
194.421000
196.803000
194.097000
199.528000
199.237000
203.119000
201.079000
205.069000
204.870000
207.899000
207.148000
210.523000
209.399000
213.616000
214.375000
217.467000
220.747000
218.101000
219.171000
224.608000
226.247000
225.745000
224.548000
230.727000
229.160000
230.665000
233.228000
238.399000
235.518000
237.435000
236.231000
246.999000
242.979000
243.682000
242.040000
247.581000
249.322000
249.870000
248.706000
254.089000
254.459000
255.426000
254.526000
260.917000
259.748000
267.896000
261.680000
268.564000
264.657000
267.142000
267.049000
273.820000
273.341000
275.485000
275.831000
282.806000
279.287000
281.685000
288.206000
288.384000
288.264000
290.878000
299.400000
291.995000
289.792000
295.661000
293.616000
298.993000
300.256000
302.894000
306.428000
307.237000
305.623000
305.364000
308.374000
313.429000
310.796000
315.214000
319.019000
322.066000
317.674000
328.926000
323.194000
326.086000
326.575000
332.590000
328.113000
334.651000
332.338000
335.737000
336.175000
345.021000
346.419000
346.608000
343.668000
345.949000
348.539000
349.940000
348.713000
357.083000
352.946000
358.292000
364.584000
363.092000
359.674000
366.973000
363.169000
372.661000
371.570000
382.413000
373.421000
384.272000
372.942000
382.566000
375.327000
390.578000
382.471000
388.525000
388.406000
394.048000
394.687000
394.203000
390.528000
401.846000
397.156000
404.513000
401.815000
408.565000
405.013000
412.762000
409.277000
414.170000
412.104000
421.083000
414.057000
426.190000
417.756000
430.157000
425.758000
428.518000
430.283000
439.206000
434.611000
437.764000
443.916000
443.585000
438.630000
446.973000
442.806000
455.738000
449.834000
458.259000
450.574000
465.726000
452.313000
465.685000
463.333000
467.447000
463.663000
469.175000
470.798000
473.957000
474.904000
477.080000
479.935000
483.434000
483.605000
487.510000
491.859000
487.410000
491.170000
496.013000
497.525000
497.261000
498.054000
506.252000
501.709000
503.649000
505.500000
509.143000
509.996000
516.435000
523.055000
522.580000
520.935000
522.383000
522.613000
528.542000
528.037000
537.835000
532.876000
537.307000
534.913000
543.862000
538.148000
557.637000
542.530000
556.031000
550.647000
562.373000
548.262000
554.023000
561.112000
567.309000
566.246000
564.825000
567.516000
570.836000
576.792000
577.754000
571.103000
595.781000
576.644000
587.657000
591.448000
591.646000
586.142000
588.828000
12.463000
12.563000
13.055000
16.064000
14.776000
15.369000
16.457000
17.189000
17.379000
18.821000
19.255000
20.214000
21.486000
21.808000
23.445000
23.388000
23.701000
26.048000
25.331000
26.904000
27.137000
28.670000
29.093000
29.852000
30.096000
31.107000
31.123000
33.021000
33.872000
35.004000
36.019000
36.760000
36.229000
37.425000
39.141000
39.880000
40.458000
40.969000
43.546000
43.859000
43.831000
44.596000
44.796000
47.799000
48.181000
50.054000
52.249000
50.145000
51.702000
52.852000
52.097000
52.886000
55.982000
55.593000
56.301000
56.921000
58.181000
59.421000
61.190000
61.174000
62.983000
64.284000
63.835000
65.649000
66.350000
68.773000
67.123000
69.186000
70.609000
70.910000
70.986000
74.143000
72.456000
77.886000
76.505000
76.600000
78.236000
84.769000
82.697000
84.423000
83.521000
85.307000
86.691000
88.047000
87.427000
90.380000
87.735000
90.616000
90.642000
91.047000
93.192000
95.027000
94.239000
94.112000
102.321000
98.222000
100.243000
103.911000
101.015000
101.982000
105.191000
103.404000
104.822000
106.199000
106.096000
110.690000
110.013000
114.421000
112.054000
114.447000
113.307000
114.494000
116.249000
117.053000
119.702000
121.644000
121.655000
122.972000
124.322000
125.287000
125.126000
128.531000
130.140000
130.954000
131.458000
139.124000
138.362000
141.548000
141.466000
145.303000
143.205000
140.032000
142.024000
146.170000
147.180000
144.774000
149.570000
148.127000
150.349000
151.030000
150.722000
152.322000
151.950000
159.005000
159.450000
160.610000
159.346000
163.207000
167.397000
162.810000
164.481000
167.124000
169.974000
168.479000
168.870000
173.551000
175.030000
174.266000
178.120000
177.236000
179.029000
179.902000
181.549000
183.593000
181.234000
183.827000
188.854000
188.156000
197.841000
191.900000
191.570000
194.530000
196.350000
196.618000
197.355000
198.240000
202.100000
203.683000
201.609000
204.926000
204.533000
209.946000
208.346000
211.781000
210.692000
219.991000
216.372000
218.105000
217.372000
218.733000
220.783000
224.068000
224.737000
225.786000
227.112000
232.019000
230.042000
230.886000
232.064000
253.500000
252.346000
255.369000
238.344000
242.715000
242.819000
243.206000
244.456000
254.337000
248.544000
260.763000
250.222000
256.301000
251.825000
255.981000
254.544000
269.827000
262.086000
264.040000
263.462000
267.523000
267.441000
266.544000
266.991000
275.046000
275.761000
281.348000
275.599000
286.649000
291.100000
279.646000
281.309000
286.344000
288.170000
293.988000
287.758000
292.301000
292.488000
297.683000
293.307000
300.869000
306.086000
303.194000
305.317000
321.849000
311.141000
307.500000
309.982000
314.819000
312.521000
314.635000
319.011000
331.606000
316.455000
323.010000
334.039000
339.171000
334.115000
341.501000
330.406000
335.107000
333.564000
343.912000
338.086000
342.043000
338.090000
346.414000
342.862000
352.954000
354.515000
362.579000
360.897000
357.965000
364.795000
361.735000
360.109000
361.994000
365.774000
364.474000
379.214000
380.699000
380.482000
392.991000
426.259000
418.059000
445.997000
430.517000
415.612000
432.182000
412.726000
417.978000
399.257000
410.514000
401.326000
420.363000
411.269000
411.264000
420.032000
420.021000
420.101000
424.184000
424.376000
430.342000
429.662000
432.665000
425.619000
445.243000
447.194000
444.673000
441.356000
441.929000
445.256000
455.840000
450.297000
453.810000
459.197000
449.712000
443.074000
450.081000
444.161000
453.534000
453.049000
465.375000
450.802000
466.758000
475.696000
568.938000
510.381000
528.756000
561.447000
536.307000
697.274000
532.185000
492.748000
494.571000
488.049000
498.127000
511.678000
510.220000
502.904000
508.895000
504.980000
503.355000
508.337000
502.007000
504.901000
511.587000
504.011000
510.689000
510.564000
517.504000
521.358000
515.924000
522.724000
518.144000
543.441000
545.325000
527.081000
526.840000
534.169000
552.112000
529.408000
540.930000
540.467000
547.451000
541.997000
551.341000
556.104000
568.204000
567.958000
557.588000
553.404000
567.606000
561.988000
570.018000
566.288000
580.339000
580.232000
594.356000
580.829000
592.022000
585.970000
631.878000
593.274000
637.486000
597.859000
588.241000
611.869000
613.725000
605.506000
598.199000
12.457000
13.295000
13.472000
14.647000
14.624000
15.699000
16.547000
17.139000
17.736000
19.359000
19.564000
21.155000
21.721000
22.930000
23.645000
23.893000
24.838000
27.381000
26.561000
27.145000
30.053000
29.685000
29.876000
31.021000
31.717000
31.883000
33.370000
34.612000
35.040000
36.227000
36.382000
35.543000
37.428000
38.603000
39.221000
41.330000
40.720000
41.076000
42.182000
43.514000
49.044000
58.895000
55.273000
55.479000
47.844000
53.560000
50.103000
50.932000
54.674000
55.517000
53.468000
54.223000
56.045000
62.148000
55.478000
57.855000
59.530000
59.351000
59.375000
62.077000
62.463000
63.523000
62.862000
65.997000
66.708000
66.975000
67.235000
71.438000
70.588000
73.131000
74.993000
75.617000
73.210000
77.845000
78.436000
93.508000
90.842000
97.672000
81.731000
83.491000
84.373000
99.182000
96.946000
90.316000
90.684000
88.876000
91.225000
95.044000
100.244000
103.568000
107.381000
113.895000
110.243000
102.718000
107.334000
104.867000
105.084000
109.436000
113.754000
112.467000
113.016000
113.759000
113.883000
112.770000
117.906000
125.454000
122.293000
118.188000
116.168000
127.196000
124.212000
121.232000
124.487000
124.089000
122.287000
127.048000
129.098000
126.995000
130.670000
134.221000
133.692000
136.238000
133.324000
141.382000
142.003000
138.889000
139.038000
141.418000
145.328000
145.358000
148.275000
151.362000
148.496000
150.555000
149.533000
157.018000
161.724000
155.003000
159.603000
154.434000
158.506000
153.625000
159.390000
164.496000
164.148000
164.251000
170.949000
169.653000
172.609000
177.487000
175.060000
178.703000
176.768000
181.768000
185.174000
179.811000
176.918000
178.659000
178.318000
181.041000
183.161000
181.488000
190.170000
190.238000
190.677000
200.128000
191.178000
211.002000
214.885000
229.085000
216.287000
216.590000
215.036000
213.917000
210.950000
205.760000
212.834000
213.270000
218.358000
214.569000
209.246000
219.881000
227.621000
227.709000
234.306000
224.665000
216.835000
234.258000
227.030000
232.597000
233.510000
240.224000
242.296000
275.055000
258.600000
253.607000
263.158000
252.525000
252.333000
261.663000
260.914000
254.406000
253.947000
263.256000
253.097000
255.510000
262.264000
258.766000
266.125000
262.950000
266.565000
269.141000
272.303000
266.517000
270.128000
276.001000
271.314000
276.679000
277.943000
284.263000
279.153000
277.765000
292.732000
296.652000
297.191000
293.155000
289.696000
290.743000
294.119000
294.783000
296.040000
299.179000
301.378000
305.873000
313.421000
323.802000
310.649000
318.414000
313.910000
323.200000
324.311000
326.664000
322.165000
319.502000
317.965000
323.562000
339.166000
386.624000
358.436000
356.040000
349.702000
358.742000
332.734000
326.258000
360.433000
358.222000
353.380000
360.461000
337.751000
437.313000
343.633000
391.182000
393.332000
376.493000
379.005000
373.141000
379.982000
386.771000
369.113000
366.359000
424.467000
377.355000
388.730000
388.471000
393.803000
390.853000
380.474000
423.444000
532.628000
496.805000
452.965000
429.860000
415.088000
419.054000
411.650000
408.151000
408.646000
417.034000
409.511000
413.632000
409.029000
429.987000
416.054000
413.546000
449.721000
433.920000
416.518000
429.157000
479.786000
459.677000
440.818000
452.912000
447.776000
445.328000
446.589000
452.755000
428.056000
456.247000
465.109000
450.659000
470.437000
483.922000
498.123000
460.790000
468.379000
474.397000
453.466000
498.218000
490.922000
518.987000
480.978000
511.901000
519.529000
518.408000
471.365000
502.375000
499.012000
498.554000
588.114000
491.927000
492.988000
513.667000
536.632000
521.981000
521.846000
533.068000
497.513000
528.264000
518.222000
516.289000
491.915000
537.173000
507.903000
569.219000
599.742000
569.317000
626.309000
550.914000
522.907000
510.585000
512.100000
530.839000
573.000000
627.298000
602.640000
581.229000
565.085000
591.099000
591.065000
692.387000
689.312000
609.196000
611.244000
593.386000
575.609000
598.775000
669.602000
604.208000
589.200000
585.199000
582.949000
593.069000
598.661000
643.678000
646.119000
599.430000
595.046000
609.735000
627.528000
600.386000
662.697000
638.428000
622.432000
638.039000
620.928000
649.313000
641.691000
634.816000
632.621000
641.250000
16.555000
15.642000
15.697000
16.743000
15.401000
16.558000
19.693000
21.768000
18.261000
19.711000
20.100000
20.641000
21.853000
22.365000
22.793000
23.856000
23.781000
24.763000
27.057000
27.367000
32.039000
31.228000
35.964000
32.629000
30.885000
33.892000
32.986000
33.890000
35.041000
35.619000
36.154000
37.361000
38.521000
44.109000
40.855000
43.643000
43.726000
44.904000
45.721000
54.434000
52.172000
47.446000
55.505000
56.658000
50.045000
52.553000
52.607000
55.864000
52.850000
58.200000
57.093000
58.390000
58.645000
57.898000
61.335000
59.889000
63.746000
63.015000
68.425000
64.424000
67.959000
66.367000
73.260000
70.676000
73.993000
80.344000
75.217000
72.989000
78.651000
77.368000
78.875000
81.747000
81.032000
86.283000
85.015000
86.208000
88.806000
85.879000
82.356000
96.710000
94.877000
92.021000
87.305000
92.107000
87.433000
88.936000
99.069000
92.721000
98.741000
97.810000
99.986000
94.915000
101.215000
97.412000
95.437000
100.120000
102.716000
108.719000
109.145000
106.384000
110.309000
111.429000
108.918000
114.017000
113.879000
110.773000
116.348000
120.237000
115.632000
120.422000
119.290000
123.090000
118.966000
123.815000
125.612000
125.462000
130.193000
132.705000
129.312000
130.064000
131.483000
136.333000
140.371000
145.335000
136.436000
145.059000
144.715000
143.944000
141.846000
144.642000
146.226000
153.544000
147.848000
148.263000
154.610000
157.591000
157.818000
160.480000
151.368000
158.568000
156.814000
160.516000
161.021000
170.950000
163.444000
167.043000
166.874000
176.112000
173.897000
192.215000
174.554000
180.134000
181.825000
178.602000
178.080000
191.027000
183.549000
187.964000
177.929000
187.401000
191.075000
188.368000
187.668000
192.940000
186.328000
195.289000
195.126000
200.154000
196.137000
201.119000
204.140000
205.332000
198.206000
206.628000
205.370000
212.611000
208.939000
211.672000
206.216000
218.681000
215.397000
215.327000
216.501000
218.988000
221.774000
222.497000
223.834000
225.130000
226.156000
234.130000
228.223000
240.568000
233.804000
247.601000
238.716000
249.504000
241.758000
257.372000
239.139000
247.492000
245.542000
249.224000
249.764000
252.040000
252.555000
255.216000
245.615000
257.117000
252.896000
261.506000
256.089000
261.551000
259.762000
269.262000
266.108000
272.243000
269.411000
273.304000
269.579000
274.693000
278.921000
281.510000
286.655000
289.401000
287.301000
284.189000
287.032000
292.618000
286.374000
290.154000
288.032000
297.570000
294.305000
297.101000
301.646000
299.458000
298.740000
307.723000
303.635000
309.775000
307.952000
315.728000
309.652000
315.486000
315.148000
308.460000
307.356000
315.634000
313.672000
318.881000
321.364000
321.400000
318.077000
325.308000
326.319000
331.159000
331.357000
335.116000
330.607000
341.274000
337.433000
340.876000
340.742000
342.734000
340.980000
352.587000
347.977000
350.241000
350.863000
350.737000
350.345000
362.867000
354.815000
363.104000
364.508000
366.663000
365.619000
370.264000
366.588000
377.563000
370.161000
380.306000
377.931000
379.894000
379.176000
388.019000
384.194000
387.834000
384.163000
391.684000
397.232000
405.447000
433.684000
397.533000
393.750000
402.878000
408.432000
406.353000
402.798000
412.950000
409.589000
415.587000
411.627000
417.752000
437.953000
429.071000
425.560000
432.695000
443.298000
444.751000
438.881000
445.649000
437.466000
446.153000
439.681000
452.162000
444.683000
444.939000
444.187000
448.275000
451.182000
452.966000
453.374000
460.492000
458.821000
461.222000
459.005000
472.915000
478.082000
485.508000
469.801000
489.705000
481.491000
490.226000
481.430000
490.029000
481.527000
496.757000
486.472000
500.631000
489.617000
501.451000
496.400000
509.133000
497.118000
506.651000
505.153000
528.492000
506.074000
527.639000
518.408000
521.870000
514.255000
520.972000
517.476000
527.664000
535.455000
545.869000
531.102000
532.930000
543.378000
554.737000
543.034000
547.450000
548.624000
559.185000
562.160000
560.806000
553.300000
556.031000
549.832000
570.482000
574.529000
567.858000
567.788000
582.793000
653.124000
635.215000
601.565000
613.802000
609.079000
643.823000
636.037000
608.239000
619.709000
622.195000
617.466000
644.449000
643.533000
658.347000
12.775000
13.963000
26.477000
14.920000
16.334000
16.217000
16.991000
18.337000
23.467000
20.149000
21.097000
28.054000
23.294000
24.369000
24.487000
31.430000
27.165000
27.073000
34.856000
28.657000
29.122000
37.568000
30.182000
31.612000
39.549000
35.202000
41.417000
35.314000
36.697000
45.590000
42.602000
45.528000
44.394000
45.997000
42.374000
43.165000
43.466000
48.632000
59.614000
45.690000
50.382000
50.722000
48.963000
55.281000
50.836000
50.612000
55.217000
52.623000
54.575000
56.731000
55.976000
54.920000
58.559000
57.133000
57.295000
63.585000
59.851000
61.529000
67.597000
62.057000
66.689000
66.807000
66.896000
73.935000
67.931000
73.374000
69.160000
70.623000
74.890000
74.335000
75.876000
74.607000
77.552000
80.647000
82.887000
80.699000
79.853000
85.963000
83.473000
87.995000
84.712000
92.798000
93.265000
87.717000
96.417000
90.938000
99.063000
94.711000
93.518000
98.410000
93.891000
107.119000
96.497000
109.588000
106.140000
104.894000
109.561000
109.785000
108.025000
114.414000
107.996000
115.012000
110.280000
116.592000
113.384000
115.299000
117.150000
122.223000
115.158000
125.377000
123.040000
119.618000
124.344000
121.072000
124.488000
129.993000
125.436000
132.063000
132.077000
129.004000
132.247000
136.341000
138.230000
138.295000
137.443000
141.619000
139.133000
144.440000
142.566000
145.476000
145.598000
149.710000
148.533000
149.319000
149.777000
184.847000
154.866000
158.171000
159.087000
164.662000
163.758000
162.163000
164.924000
168.990000
165.155000
166.955000
166.873000
170.255000
168.364000
169.712000
169.989000
174.233000
177.998000
177.794000
176.835000
180.752000
179.095000
186.964000
180.458000
194.361000
190.563000
190.407000
186.336000
192.516000
190.548000
195.363000
191.876000
192.404000
196.953000
206.371000
204.855000
205.817000
201.460000
212.169000
209.821000
210.168000
211.971000
216.261000
223.727000
224.751000
214.129000
218.975000
217.861000
221.912000
219.796000
222.479000
225.188000
227.143000
231.871000
229.264000
228.960000
233.693000
235.177000
241.073000
236.714000
235.586000
236.234000
240.103000
238.293000
241.953000
243.597000
250.449000
246.907000
248.000000
252.365000
252.966000
251.898000
256.607000
258.955000
261.958000
256.234000
262.810000
269.352000
277.459000
261.848000
268.883000
269.621000
271.742000
270.779000
277.407000
277.915000
280.127000
276.640000
284.741000
279.423000
283.010000
283.080000
291.519000
285.584000
291.244000
291.428000
298.699000
293.189000
306.051000
297.392000
300.248000
300.451000
305.556000
298.113000
304.870000
309.041000
308.904000
302.861000
329.639000
322.415000
320.578000
355.155000
317.266000
325.573000
387.032000
354.542000
392.334000
331.383000
360.414000
370.688000
356.192000
334.191000
342.446000
345.210000
354.280000
342.122000
350.076000
341.660000
347.033000
347.224000
362.923000
387.408000
354.786000
348.357000
353.640000
351.185000
378.133000
401.085000
381.383000
416.449000
385.312000
409.732000
406.310000
391.613000
399.797000
405.481000
411.457000
405.833000
417.116000
398.024000
409.143000
401.265000
416.558000
391.595000
410.522000
405.116000
421.765000
413.051000
413.778000
414.932000
427.513000
456.977000
436.936000
434.731000
426.041000
440.169000
508.017000
448.082000
454.036000
431.115000
445.109000
455.516000
494.606000
451.285000
459.115000
461.616000
491.149000
466.543000
478.982000
488.182000
509.621000
493.156000
469.494000
459.824000
482.689000
500.486000
493.271000
498.405000
476.760000
514.911000
512.104000
525.699000
500.952000
533.546000
528.616000
520.739000
530.887000
528.151000
546.584000
500.043000
569.796000
524.463000
538.636000
501.464000
543.665000
543.525000
544.734000
516.742000
517.325000
515.667000
524.585000
528.434000
591.355000
576.270000
553.600000
556.041000
565.791000
560.615000
551.111000
569.079000
564.870000
550.347000
548.957000
591.842000
591.267000
580.044000
611.140000
562.613000
580.284000
574.444000
568.564000
578.525000
577.861000
574.567000
576.395000
581.299000
606.887000
572.781000
601.665000
593.876000
583.574000
591.306000
605.129000
658.232000
610.201000
606.381000
640.093000
614.125000
647.042000
635.302000
650.011000
644.078000
655.271000
617.779000
632.992000
