-22.439063
-29.592496
-2.098030
-19.967364
-28.062598
-140.331242
-25.719939
-9.406058
-31.790757
-30.189482
-2.540897
-2.160818
-2.190404
-2.144273
-2.132972
-2.116650
-2.095053
-2.066345
-2.025004
-1.960689
-1.865393
-1.760218
-1.699117
-1.707643
-1.616786
-1.523664
-1.425860
-1.338432
-1.255345
-1.225698
-1.147707
-1.061965
-0.991376
-0.928667
-0.864805
-0.846047
-0.780719
-0.727276
-0.696490
-0.647116
-0.614102
-0.574061
-0.554593
-0.519839
-0.504451
-0.478736
-0.471601
-0.450837
-0.442801
-0.430754
-0.419164
-0.435669
-0.413354
-0.406398
-0.424287
-0.403708
-0.400900
-0.402743
-0.406062
-0.401157
-0.402026
-0.399740
-0.404971
-0.403384
-0.401622
-0.401894
-0.404724
-0.404631
-0.400348
-0.406420
-0.400192
-0.407753
-0.397899
-0.397890
-0.397891
-0.410935
-0.423744
-0.416124
-0.398886
-0.398794
-0.398703
-0.398608
-0.398508
-0.410372
-0.398788
-0.424139
-0.403099
-0.437300
-0.402443
-0.398979
-0.401627
-0.398878
-0.398721
-0.400674
-0.401034
-0.402068
-0.466865
-0.401157
-0.403195
-0.402594
-0.400318
-0.400027
-0.401164
-0.399516
-0.401686
-0.400587
-0.399574
-0.400142
-0.398343
-0.404983
-0.402948
-0.400123
-0.399986
-0.398265
-0.398150
-0.410624
-0.498531
-0.400518
-0.400056
-0.399672
-0.399942
-0.398186
-0.414404
-0.397944
-0.397940
-0.400527
-0.397950
-0.397946
-0.400403
-0.397970
-0.397964
-0.397957
-0.400352
-0.397994
-0.397983
-0.399356
-0.750945
-0.782425
-0.400469
-0.398214
-0.398157
-0.400166
-0.398180
-0.398094
-0.397963
-0.400017
-0.398772
-0.397896
-0.399515
-0.399679
-0.398096
-0.398548
-0.398327
-0.400434
-0.400037
-0.398762
-0.398566
-0.398861
-0.400437
-0.398669
-0.400261
-0.398644
-0.399171
-0.398720
-0.400681
-0.400187
-0.399220
-0.398845
-0.399176
-0.398875
-0.400218
-0.400732
-0.399244
-0.398954
-0.399220
-0.398959
-0.400256
-0.400561
-0.399188
-0.399011
-0.398897
-0.399323
-0.400240
-0.400595
-0.398956
-0.399298
-0.398951
-0.400595
-0.399106
-0.400855
-0.399070
-0.399254
-0.398991
-0.400177
-0.399144
-0.399748
-0.400459
-0.399753
-0.399748
-0.403286
-0.400251
-1.259191
-0.402136
-0.405455
-0.401652
-0.401200
-0.402065
-0.397991
-0.402040
-0.397938
-0.398545
-0.402018
-0.397943
-0.398782
-0.401999
-0.401980
-0.401963
-0.397924
-17.508299
-0.401939
-0.397924
-0.402965
-0.397918
-0.401931
-0.401928
-0.401911
-0.401899
-92.724164
-0.397962
-0.397949
-0.397937
-0.397924
-0.398684
-0.397901
-0.397900
-0.399096
-0.397916
-0.397914
-0.399300
-0.397935
-0.397929
-0.399378
-0.397954
-0.398030
-0.397992
-0.403497
-0.401871
-0.398117
-0.402389
-0.398010
-0.401911
-0.398170
-0.402814
-0.401996
-0.401960
-0.398655
-0.403308
-0.398015
-0.402057
-0.403286
-0.402129
-0.402091
-0.398131
-0.398857
-0.398009
-0.403522
-0.398147
-0.399089
-0.402148
-0.398036
-0.402109
-0.403643
-0.402169
-0.403541
-0.398115
-0.402221
-0.398031
-0.399540
-0.402169
-0.403625
-0.402224
-0.402186
-0.398106
-0.403667
-0.398022
-0.402211
-308.129084
-0.398360
-0.398317
-0.398264
-0.398115
-0.399314
-0.398105
-0.398318
-0.398136
-0.399681
-0.398319
-0.398165
-0.398340
-0.398189
-0.404821
-0.398171
-0.398415
-0.398197
-0.398817
-0.398193
-0.398418
-0.398948
-0.398394
-0.398235
-0.399134
-0.398211
-0.398449
-0.398237
-0.399204
-0.398454
-0.398231
-0.399074
-0.398470
-0.398245
-0.398477
-0.399316
-0.398272
-0.398479
-0.398259
-0.399328
-0.398252
-0.398522
-0.399031
-0.398496
-0.398308
-0.399088
-0.398297
-0.398515
-0.399123
-0.398297
-0.398525
-0.399611
-0.398310
-0.398526
-0.398322
-0.399051
-0.398317
-0.399124
-0.398547
-0.405310
-0.398309
-0.398548
-0.398917
-0.398527
-0.398329
-0.398961
-0.398324
-0.398992
-0.398544
-0.398320
-0.398982
-0.398526
-0.398334
-0.399059
-0.398535
-0.398336
-0.399018
-0.399051
-0.398527
-0.398339
-0.398321
-0.399011
-0.398548
-0.399101
-0.398329
-0.398553
-0.399105
-0.398333
-0.399032
-0.398544
-0.398346
-0.399134
-0.398548
-0.398350
-0.399058
-0.398337
-0.398568
-0.399147
-0.398338
-0.398569
-0.399137
-0.398350
-0.399116
-0.398566
-0.398351
-0.399018
-0.398558
-0.398361
-0.399156
-0.398559
-0.404998
-0.399675
-0.399675
-0.398359
-77.153253
-26.059471
-20.584009
-127.685501
-4.634519
-87.814782
-8.451169
-65.091324
-2.548892
-34.573580
-4.643374
-2.605303
-2.629840
-2.405991
-2.202887
-2.046283
-1.943512
-1.882034
-1.853986
-1.855076
-1.779101
-1.690461
-1.537930
-1.332102
-1.173584
-1.064130
-0.981079
-0.925669
-0.906678
-0.903346
-0.845500
-0.794694
-0.749215
-0.727766
-0.719660
-0.690678
-0.666026
-0.642658
-0.624386
-0.610899
-0.602033
-0.604508
-0.606921
-0.580147
-0.568902
-0.557254
-0.545011
-0.533931
-0.532285
-0.536366
-0.508258
-0.496322
-0.485283
-0.473081
-0.470184
-0.474042
-0.451123
-0.444374
-0.434993
-0.430883
-0.431427
-0.421802
-0.419891
-0.414768
-0.413258
-0.410780
-0.408016
-0.408229
-0.405855
-0.403755
-0.405238
-0.401940
-0.402347
-0.401726
-0.401424
-0.400491
-0.402271
-0.399581
-0.402960
-0.399252
-0.406838
-0.398586
-0.399529
-0.401947
-0.404038
-0.399889
-0.400414
-0.399034
-0.400525
-0.406939
-0.401184
-0.398079
-0.398122
-0.403209
-0.403217
-0.409742
-0.398970
-0.401125
-0.398942
-0.398460
-0.405557
-0.401356
-0.400404
-0.399831
-0.415438
-0.403999
-0.406785
-0.399295
-0.398922
-0.398594
-0.398984
-0.401420
-0.399305
-0.405442
-0.398627
-0.399721
-0.401088
-0.399270
-0.418689
-0.446759
-0.402649
-0.401082
-0.403192
-0.400741
-0.407507
-0.398442
-0.400201
-0.401323
-0.398174
-0.399925
-0.398257
-0.403860
-0.399617
-0.398361
-0.398252
-0.399709
-0.404723
-0.398403
-0.399443
-0.398508
-0.403138
-0.398272
-0.399614
-0.398440
-0.412168
-0.399319
-0.402022
-0.398659
-0.399323
-0.398687
-0.398974
-0.405215
-0.452609
-0.433940
-0.399488
-0.399375
-0.399247
-0.399122
-0.399530
-0.399167
-0.399465
-0.399170
-0.399348
-0.399148
-0.403297
-0.660255
-0.398887
-0.398884
-0.398976
-0.398961
-0.399005
-0.398991
-0.403092
-0.398571
-0.399006
-0.398728
-0.399095
-0.398835
-0.398392
-0.399541
-0.398420
-0.402939
-0.399076
-0.398531
-0.399165
-0.400098
-0.401302
-0.399078
-0.399741
-0.400331
-0.398451
-0.398236
-0.399721
-0.398730
-0.401112
-0.400618
-0.399137
-0.401127
-0.398154
-0.399414
-0.400435
-0.398282
-0.399746
-0.400608
-0.399119
-0.400622
-0.398961
-0.400696
-0.398248
-0.399343
-0.400406
-0.400618
-0.399200
-0.399972
-0.398170
-0.400601
-0.399322
-0.398346
-0.404748
-0.400034
-0.401328
-0.398023
-0.398812
-0.399319
-0.399733
-0.399150
-0.398285
-0.399455
-0.399207
-0.400624
-0.399734
-0.399722
-0.399133
-0.398146
-0.399704
-0.399909
-0.399717
-0.400619
-0.399341
-0.399721
-0.398681
-0.398139
-0.402201
-0.399783
-0.398729
-0.399911
-0.398140
-0.399971
-0.400623
-0.398564
-0.399684
-0.412477
-0.397992
-0.397955
-0.402635
-0.398588
-0.402555
-0.398081
-0.398017
-0.399621
-0.398723
-0.398365
-0.398048
-3.083917
-0.400067
-0.399891
-0.404291
-0.397901
-0.397894
-0.399836
-0.399837
-0.399874
-0.398301
-0.399822
-0.398497
-0.399822
-0.398775
-0.398098
-0.403968
-0.399924
-0.398815
-0.399874
-0.399867
-0.401943
-0.399799
-0.398273
-0.399771
-0.399832
-0.402238
-0.398287
-0.399675
-0.399542
-0.400017
-0.401154
-17.508298
-0.402968
-0.399836
-0.399775
-0.399822
-0.403347
-0.402474
-0.399769
-0.399765
-0.399749
-0.402240
-0.399756
-0.399756
-0.400355
-0.401280
-117.586436
-0.398381
-0.398367
-0.398354
-0.398341
-0.399837
-0.398875
-0.398311
-0.398997
-0.399798
-0.398285
-0.398976
-0.398306
-0.398292
-0.399190
-0.399940
-0.398236
-0.399147
-0.398274
-0.398253
-0.399197
-0.400010
-0.398194
-0.399150
-0.398229
-0.398219
-0.399170
-0.400036
-0.398154
-0.399100
-0.398181
-0.398164
-0.400005
-0.399124
-0.398120
-0.398118
-0.398983
-0.398010
-0.398535
-0.398867
-0.400105
-0.398099
-0.403601
-0.399883
-0.399883
-0.399776
-0.399748
-0.403618
-0.399822
-0.399822
-0.399999
-0.400112
-0.402238
-0.400094
-0.399822
-0.399999
-0.403322
-0.402238
-0.399885
-0.399769
-0.399749
-0.400251
-0.400094
-0.402238
-0.400092
-0.398298
-0.399788
-0.399821
-0.403326
-0.400067
-0.399904
-0.402799
-0.400037
-0.399748
-0.399749
-0.400002
-0.401603
-0.399850
-82.364146
-0.398318
-0.398314
-0.398306
-0.399393
-0.398316
-0.398317
-0.400188
-0.399390
-0.398249
-0.398278
-0.399487
-0.398299
-54.075183
-8.705708
-32.046304
-82.784721
-28.163404
-24.793506
-54.881571
-73.138693
-12.133445
-131.222049
-8.670075
-8.624270
-8.639568
-8.538737
-8.452829
-8.392708
-8.359781
-8.340906
-8.327997
-8.317059
-8.304937
-8.253998
-8.185516
-8.066583
-7.897808
-7.730844
-7.565337
-7.350640
-7.096418
-6.967296
-6.989652
-6.827254
-6.601780
-6.354473
-6.127347
-5.886000
-5.690904
-5.691023
-5.530089
-5.304562
-5.082685
-4.886164
-4.673219
-4.547051
-4.588882
-4.405579
-4.202671
-4.014601
-3.830969
-3.677196
-3.681223
-3.538765
-3.372158
-3.224395
-3.081664
-2.958279
-2.954104
-2.840489
-2.711838
-2.598840
-2.488169
-2.395551
-2.392874
-2.300661
-2.204805
-2.115351
-2.027781
-1.960322
-1.961261
-1.886061
-1.816720
-1.745947
-1.675494
-1.624315
-1.627199
-1.566114
-1.517119
-1.463461
-1.407186
-1.364555
-1.366787
-1.318523
-1.284143
-1.246722
-1.204531
-1.165597
-1.160878
-1.166324
-1.115774
-1.089391
-1.061415
-1.032654
-1.002700
-0.983680
-0.991314
-0.952528
-0.933713
-0.913920
-0.890407
-0.868379
-0.867251
-0.876243
-0.831713
-0.815440
-0.799674
-0.782315
-0.762351
-0.750224
-0.755183
-0.736355
-0.770856
-0.719008
-0.708942
-0.699065
-0.688001
-0.673073
-0.657469
-0.649200
-0.654023
-0.636738
-0.665666
-0.625580
-0.619736
-0.614119
-0.608164
-0.600218
-0.589503
-0.579693
-0.577015
-0.583973
-0.559705
-0.554316
-0.549384
-0.558518
-0.565098
-0.539827
-0.534907
-0.529623
-0.522027
-0.517049
-0.519683
-0.528860
-0.500193
-0.495537
-0.491613
-0.487911
-0.488208
-0.493091
-0.498543
-0.474807
-0.471329
-0.468016
-0.464738
-0.468815
-0.476555
-0.454771
-0.451793
-0.461762
-0.447234
-0.457158
-0.443324
-0.441518
-0.445419
-0.454096
-0.435149
-0.433324
-0.431515
-0.437596
-0.444278
-0.426460
-0.425066
-0.423799
-0.431470
-0.436890
-0.420323
-0.419424
-0.418644
-0.417878
-0.421597
-0.426623
-0.414398
-0.426508
-0.412948
-0.412443
-0.411969
-0.417316
-0.410598
-0.421638
-0.409169
-0.408778
-0.417819
-0.407704
-0.407417
-0.416841
-0.406341
-0.406154
-0.405935
-0.415097
-0.404895
-0.404682
-0.416372
-0.403872
-0.403692
-0.403543
-0.413649
-0.402902
-0.402790
-0.402698
-0.412645
-0.402133
-0.402058
-0.402011
-0.411645
-0.401509
-0.401466
-0.415641
-0.401089
-0.401028
-0.400971
-0.407768
-0.419104
-0.399944
-0.399842
-0.399773
-0.399731
-0.399710
-0.399706
-0.399712
-0.410817
-0.399451
-0.399480
-0.412020
-0.399062
-0.399078
-0.399102
-0.399136
-0.406343
-0.399252
-0.420819
-0.399369
-0.399384
-0.411870
-0.398889
-0.398889
-0.398893
-0.398900
-0.398903
-0.408100
-0.398506
-0.398482
-0.398501
-0.399461
-0.398438
-0.406357
-0.398506
-0.400001
-0.398436
-0.400465
-0.398319
-0.409373
-0.449586
-0.401330
-0.401360
-0.412468
-0.400550
-0.400514
-0.400465
-0.409356
-0.399710
-0.399413
-0.398261
-0.400104
-0.407427
-0.398159
-0.398133
-0.397970
-0.398582
-0.398190
-0.398598
-0.398262
-0.400239
-0.398057
-0.399170
-0.398203
-0.398882
-0.398286
-0.399949
-0.398081
-0.398851
-0.398268
-0.398276
-0.402531
-0.399165
-0.398848
-0.399926
-0.398081
-0.398100
-0.399162
-0.398236
-0.401484
-0.398998
-0.400402
-0.398094
-0.398110
-0.399081
-0.398238
-0.401390
-0.400876
-0.398071
-0.399485
-0.398127
-0.398131
-0.399112
-0.398234
-0.401444
-0.399565
-0.401234
-0.398117
-0.401245
-0.398143
-0.398144
-0.399124
-0.398176
-0.401753
-0.399150
-0.397988
-0.397997
-0.399154
-0.398190
-0.398023
-0.399614
-0.401526
-0.399929
-0.398035
-0.398039
-0.398042
-0.401123
-0.400613
-0.398061
-0.398938
-0.398092
-0.398060
-0.400886
-0.398056
-0.401581
-0.398399
-0.398268
-0.401363
-0.401710
-0.398076
-0.398372
-0.398098
-0.398225
-0.399029
-0.397975
-0.402177
-0.397955
-0.398122
-0.401364
-2.775947
-226.063077
-0.401610
-0.403281
-0.402704
-0.401876
-0.402205
-0.401434
-0.398302
-0.398277
-0.401767
-0.398260
-0.398374
-0.401810
-0.398377
-0.398198
-0.398467
-0.398226
-0.398432
-0.398266
-0.401733
-0.398577
-0.398371
-0.398227
-0.400621
-0.398323
-0.398260
-0.401923
-0.398236
-0.402171
-0.398455
-0.398357
-0.398163
-0.400929
-0.398308
-0.398195
-0.398352
-0.398226
-0.398377
-0.401441
-0.400343
-169.570121
-19.623303
-136.198767
-14.391793
-29.801432
-33.012222
-54.879685
-83.469273
-143.924174
-13.206336
-19.621330
-13.519721
-14.388963
-12.308296
-10.590243
-9.123333
-7.563558
-6.140565
-5.044851
-4.248848
-4.102748
-3.963119
-3.745226
-3.269477
-2.641804
-2.216773
-1.913069
-1.682951
-1.514122
-1.414367
-1.394593
-1.392245
-1.379736
-1.348989
-1.320073
-1.286948
-1.251802
-1.221871
-1.200349
-1.185291
-1.174109
-1.165152
-1.157583
-1.151769
-1.151057
-1.152476
-1.153802
-1.154313
-1.153909
-1.131964
-1.124158
-1.115580
-1.106082
-1.095826
-1.085141
-1.074342
-1.063599
-1.052985
-1.043223
-1.038661
-1.041576
-1.045605
-1.017121
-1.003094
-0.986878
-0.968300
-0.948020
-0.925157
-0.900747
-0.887932
-0.892220
-0.853776
-0.832142
-0.813266
-0.795196
-0.771060
-0.755425
-0.752320
-0.723826
-0.708185
-0.698012
-0.676265
-0.661025
-0.655754
-0.631583
-0.620395
-0.616676
-0.595027
-0.586391
-0.583133
-0.562397
-0.553838
-0.542466
-0.530870
-0.528169
-0.511616
-0.507513
-0.496308
-0.494956
-0.483153
-0.479145
-0.469115
-0.466465
-0.458324
-0.453053
-0.450867
-0.441034
-0.445565
-0.437582
-0.428269
-0.440608
-0.428255
-0.424034
-0.418054
-0.415097
-0.424130
-0.416436
-0.408439
-0.420812
-0.412284
-0.405076
-0.420868
-0.406333
-0.402364
-0.402191
-0.411588
-0.406758
-0.408399
-0.403018
-0.406662
-0.398633
-0.397985
-0.412404
-0.406576
-0.404246
-0.400655
-0.398154
-0.398502
-0.411979
-0.409286
-0.399367
-0.398441
-0.398611
-0.399688
-0.402217
-0.412267
-0.409966
-0.399532
-0.398469
-0.398253
-0.400007
-0.401795
-0.403693
-0.417216
-0.412538
-0.400202
-0.399298
-0.398620
-0.398506
-0.400709
-0.400405
-0.401490
-0.407356
-0.414972
-0.414533
-0.399794
-0.399592
-0.399412
-0.399581
-0.400389
-0.413768
-0.431973
-0.436502
-0.401997
-0.401847
-0.398553
-0.398520
-0.398482
-0.401577
-0.398425
-0.399851
-0.400077
-0.401271
-0.400910
-0.400499
-0.400962
-0.400917
-0.400649
-0.399401
-0.400754
-0.400667
-0.400711
-0.400222
-0.400947
-0.401052
-0.400203
-0.400488
-0.401526
-0.400808
-0.401192
-0.400428
-0.401386
-0.400518
-0.400829
-0.402140
-0.400596
-0.400128
-0.400704
-0.402232
-0.400691
-0.400788
-0.401500
-0.400683
-0.439892
-0.546514
-0.417213
-0.400561
-0.399811
-0.400474
-0.399880
-0.399752
-0.400360
-0.399835
-0.400921
-0.567159
-0.401258
-0.398172
-0.398062
-0.398867
-0.400810
-0.398505
-0.399205
-0.398828
-0.400307
-0.400714
-0.398974
-0.400506
-0.398750
-0.401492
-0.399202
-0.399020
-0.399184
-0.400159
-0.399236
-0.400754
-0.401017
-0.399191
-0.401547
-0.399294
-0.399706
-0.400394
-0.400732
-0.399158
-0.399250
-0.400821
-0.399564
-0.400777
-0.398720
-0.399687
-0.401139
-0.400419
-0.400951
-0.398959
-0.399555
-0.399781
-0.400546
-0.399307
-0.400386
-0.400970
-0.400391
-0.399349
-0.399008
-0.399803
-0.400244
-0.400391
-0.399946
-0.401230
-0.400179
-0.399935
-0.399854
-0.399715
-0.400164
-0.399867
-0.401955
-0.398940
-0.404525
-0.399712
-0.400463
-0.399774
-0.400074
-0.401550
-0.400295
-0.400024
-0.398842
-0.400334
-0.400406
-0.399427
-0.400432
-0.402526
-0.399266
-0.400412
-0.399559
-0.399785
-0.400123
-0.399779
-0.399851
-0.400744
-0.401887
-0.399520
-0.398842
-0.399975
-0.401140
-0.399785
-0.401762
-0.399318
-0.400881
-0.399754
-0.399600
-0.402523
-0.400334
-0.399359
-0.398949
-0.402246
-0.400669
-0.399307
-0.404469
-0.400801
-0.398817
-0.400588
-0.399976
-0.399260
-0.400515
-0.399309
-0.400726
-0.399774
-0.402716
-0.399027
-0.398895
-0.402414
-0.400807
-0.398580
-0.401159
-0.399140
-0.398717
-0.400627
-0.398501
-0.400334
-0.400965
-0.399122
-0.401455
-0.398510
-0.400334
-0.400976
-0.789354
-0.900729
-2.458813
-2.854217
-1.727077
-4.757628
-165.570878
-12.654155
-234.482644
-0.517040
-0.402559
-0.405953
-0.402402
-0.401703
-0.402231
-0.401325
-0.402034
-0.401254
-0.401809
-0.399475
-0.397985
-0.398200
-0.398079
-0.400746
-0.398079
-0.397955
-0.398496
-0.397955
-0.398252
-0.397955
-0.401632
-0.400886
-0.397927
-0.398280
-0.398252
-0.398395
-0.398467
-0.397955
-0.398241
-0.399232
-0.398276
-0.399189
-0.398200
-0.398293
-0.401724
-0.399410
-0.397956
-103.527602
-29.238964
-86.915907
-78.762519
-63.454909
-6.869179
-190.643379
-23.272319
-62.135290
-101.547570
-6.936373
-6.985456
-6.618543
-5.873744
-4.869977
-4.088615
-3.470060
-3.270915
-3.204548
-3.095559
-2.891017
-2.452050
-1.996525
-1.536443
-1.301173
-1.172334
-1.097694
-1.059622
-1.045017
-1.035991
-1.020384
-0.967486
-0.895173
-0.789063
-0.691956
-0.651483
-0.636762
-0.628697
-0.620094
-0.606526
-0.594834
-0.584416
-0.576896
-0.574999
-0.573517
-0.562135
-0.560676
-0.558395
-0.556549
-0.555000
-0.553663
-0.554487
-0.555539
-0.556212
-0.549795
-0.556102
-0.548115
-0.547160
-0.554345
-0.545601
-0.544655
-0.543718
-0.542785
-0.549830
-0.541250
-0.540271
-0.539278
-0.538269
-0.544606
-0.536619
-0.535531
-0.534411
-0.533269
-0.539339
-0.531367
-0.530103
-0.528813
-0.535545
-0.526608
-0.525099
-0.523529
-0.529503
-0.520732
-0.518810
-0.516770
-0.522227
-0.512939
-0.510280
-0.507490
-0.515212
-0.501966
-0.497946
-0.493531
-0.499239
-0.484800
-0.479063
-0.486099
-0.469850
-0.464633
-0.464539
-0.474262
-0.453995
-0.450966
-0.446059
-0.441977
-0.442251
-0.435630
-0.441927
-0.432862
-0.430933
-0.431220
-0.424750
-0.431765
-0.424280
-0.419630
-0.424951
-0.420159
-0.417506
-0.417774
-0.416388
-0.414273
-0.415074
-0.412641
-0.412445
-0.410981
-0.411894
-0.409057
-0.409647
-0.407654
-0.409005
-0.406195
-0.406953
-0.405075
-0.407489
-0.404072
-0.403887
-0.403601
-0.408274
-0.402742
-0.399736
-0.407650
-0.402679
-0.403360
-0.400322
-0.411591
-0.400657
-0.398418
-0.400678
-0.401293
-0.406639
-0.400385
-0.400550
-0.407502
-0.400786
-0.402756
-0.400857
-0.398034
-0.398978
-0.407227
-0.400398
-0.400168
-0.403617
-0.400248
-0.399487
-0.398893
-0.401913
-0.400396
-0.408850
-0.400504
-0.399458
-0.400229
-0.399506
-0.406554
-0.401197
-0.400419
-0.404529
-0.399921
-0.400146
-0.399484
-0.401958
-0.411466
-0.401293
-0.399627
-0.398160
-0.398020
-0.400626
-0.398699
-0.403121
-0.401652
-0.413435
-0.402363
-0.401577
-0.400677
-0.400605
-0.400227
-0.399435
-0.400221
-0.399613
-0.398459
-0.399954
-0.401130
-0.398921
-0.400046
-0.399163
-0.401728
-0.400977
-0.407823
-0.407197
-0.402906
-0.401173
-0.401620
-0.399723
-0.400985
-0.399123
-0.402377
-0.400406
-0.399874
-0.398890
-0.410610
-0.403845
-0.408081
-0.402634
-0.402536
-0.401101
-0.400796
-0.400733
-0.402215
-0.399255
-0.400547
-0.399604
-0.403230
-0.398959
-0.425909
-0.403795
-0.402025
-0.404264
-0.401960
-0.401104
-0.399707
-0.401033
-0.399093
-0.402127
-0.403130
-0.400173
-0.398944
-0.398770
-0.400525
-0.398606
-0.399172
-0.402742
-0.400341
-0.398111
-0.399904
-0.398092
-0.403320
-0.400761
-0.399449
-0.398283
-0.403418
-0.399539
-0.400600
-0.397974
-0.399996
-0.398022
-0.398000
-0.400060
-0.400415
-0.398148
-0.403574
-0.397900
-0.400816
-0.400619
-0.398003
-0.404635
-0.400532
-0.400428
-0.398178
-0.398148
-0.400651
-0.403383
-0.400052
-0.397977
-0.400533
-0.398055
-0.397995
-0.400052
-0.400667
-0.398206
-0.398126
-0.403206
-0.398318
-0.400674
-0.400863
-0.398053
-0.397984
-0.397940
-0.400740
-0.398378
-0.400618
-0.405284
-0.401008
-0.398611
-0.403015
-0.400834
-0.398251
-0.400977
-0.398066
-0.397938
-0.401163
-0.398480
-0.399548
-0.398416
-0.398003
-0.400480
-0.402924
-0.398003
-0.398002
-0.400730
-0.401649
-0.398453
-0.398053
-0.398525
-0.398965
-0.401599
-0.398481
-0.398103
-0.398280
-0.400959
-1.153179
-0.398720
-0.398090
-0.398705
-0.407335
-0.506560
-0.404928
-0.402608
-0.402329
-0.398686
-0.406209
-0.398792
-0.401881
-0.398797
-0.403016
-0.398710
-0.402242
-0.398225
-0.401211
-0.398266
-0.398208
-0.398118
-0.400864
-0.398940
-0.398054
-0.398036
-0.401670
-0.399205
-0.402475
-0.398051
-0.401890
-0.400566
-0.398090
-0.398072
-0.398052
-0.398791
-0.400289
-0.398043
-0.401673
-0.399206
-0.398082
-0.398073
-0.398901
-0.401910
-0.398051
-0.400380
-0.398091
-0.399196
-0.401591
-0.398115
-0.398107
-0.400214
-0.398670
-0.402068
-0.398107
-0.398098
-0.398707
-0.401488
-0.398251
-0.401097
-0.398728
-0.398143
-0.400334
-0.398166
-0.398881
-0.398129
-0.401326
-0.398198
-0.400193
-0.398737
-0.398171
-0.399594
-6.597716
-78.748052
-140.265401
-16.577780
-2.097793
-2.181014
-89.121938
-19.504163
-2.265976
-171.709923
-1.406942
-1.959077
-1.647818
-1.516055
-1.428888
-1.454763
-1.417028
-1.392402
-1.368664
-1.345126
-1.326170
-1.309251
-1.275716
-1.241826
-1.180925
-1.079804
-0.959341
-0.862747
-0.793490
-0.738627
-0.703691
-0.684504
-0.647588
-0.641348
-0.645366
-0.612659
-0.597034
-0.582789
-0.573605
-0.571437
-0.561029
-0.567108
-0.571534
-0.567141
-0.567180
-0.567209
-0.538668
-0.530012
-0.569008
-0.519532
-0.511810
-0.506069
-0.513278
-0.497624
-0.492730
-0.486989
-0.485771
-0.492875
-0.476004
-0.470617
-0.465122
-0.466263
-0.477769
-0.456215
-0.451686
-0.446078
-0.443182
-0.445707
-0.435563
-0.433202
-0.451851
-0.429256
-0.425272
-0.419803
-0.417556
-0.420186
-0.414250
-0.409347
-0.424979
-0.410834
-0.406413
-0.403055
-0.402481
-0.406518
-0.408247
-0.401485
-0.408847
-0.405958
-0.398127
-0.397947
-0.407993
-0.407314
-0.403738
-0.399860
-0.402811
-0.400623
-0.408040
-0.406455
-0.403487
-0.405854
-0.403496
-0.408704
-0.401505
-0.398825
-0.410851
-0.401531
-0.399291
-0.401779
-0.411655
-0.411938
-0.420181
-0.401487
-0.400790
-0.400159
-0.402412
-0.398106
-0.401509
-0.422282
-0.417301
-0.398510
-0.398494
-0.439255
-0.398553
-0.406170
-0.398499
-0.398427
-0.398296
-0.398043
-0.399377
-0.397954
-0.398066
-0.399697
-0.404777
-0.399214
-0.398987
-0.399866
-0.400012
-0.400516
-0.464056
-0.431429
-0.398953
-0.400748
-0.399124
-0.400076
-0.400080
-0.399151
-0.401291
-0.398966
-0.399730
-0.400297
-0.399062
-0.400889
-0.400319
-0.399062
-0.399462
-0.401311
-0.399774
-0.398824
-0.547533
-0.400241
-0.399327
-0.399602
-0.400668
-0.400613
-0.399057
-0.400232
-0.399760
-0.400594
-0.399975
-0.400853
-0.398948
-0.400419
-0.399507
-0.400152
-0.399562
-0.401141
-0.399756
-0.400487
-0.399120
-0.400001
-0.400180
-0.400979
-0.399508
-0.400221
-0.399897
-0.399601
-0.399712
-0.401161
-0.400146
-0.399463
-0.399848
-0.400320
-0.399556
-0.399883
-0.401158
-0.400091
-0.739917
-0.400231
-0.399954
-0.400155
-0.399697
-0.401483
-0.400016
-0.399562
-0.400058
-0.400100
-0.399597
-0.400010
-0.401395
-0.399582
-0.400420
-0.399992
-0.399410
-0.400008
-0.400240
-0.401202
-0.399389
-0.400101
-0.399503
-0.400331
-0.399743
-0.399567
-0.401498
-0.399993
-0.399758
-0.399536
-0.400191
-0.399531
-0.401527
-0.399517
-0.400105
-0.399549
-0.400363
-0.399987
-0.400030
-0.400411
-0.399172
-0.399581
-0.401565
-0.399200
-0.400417
-0.399347
-0.399335
-0.400113
-0.400713
-0.399323
-0.400632
-0.399286
-0.399466
-0.401996
-0.399843
-0.399205
-0.399393
-0.400297
-0.400419
-0.399854
-0.399299
-0.400811
-0.399130
-0.399187
-0.401798
-0.399880
-0.399145
-0.399921
-0.399302
-0.400719
-0.399088
-0.399486
-0.402196
-0.399463
-0.399326
-0.401084
-0.398985
-0.398905
-0.399507
-0.399768
-0.399918
-0.399841
-0.399208
-0.400675
-0.401993
-0.399073
-0.399093
-0.401096
-0.399914
-0.398717
-1.848981
-7.115874
-10.960889
-9.363679
-0.401272
-0.402629
-0.402051
-0.401758
-0.398122
-23.864895
-0.401112
-0.398949
-0.400932
-0.398579
-0.398436
-0.398668
-0.398453
-0.398783
-0.400946
-0.398202
-0.398491
-0.398797
-0.399159
-0.398328
-0.399001
-0.399395
-0.399129
-0.398582
-0.399139
-0.400951
-0.398479
-0.398768
-0.398882
-0.399771
-0.398369
-0.399520
-0.399524
-0.398898
-0.401977
-0.398114
-0.399896
-0.399711
-0.398581
-0.400280
-0.398445
-0.399242
-0.398547
-0.398164
-0.401150
-0.400729
-0.398669
-0.399968
-0.402051
-45.610086
-0.398491
-0.399292
-0.399323
-0.398345
-0.399819
-0.402219
-0.398377
-0.400302
-0.398857
-0.398398
-0.401386
-0.398308
-0.398844
-0.399163
-0.399389
-0.399040
-0.398993
-0.398353
-0.398830
-0.399644
-0.399528
-0.399109
-0.400492
-0.398372
-0.398443
-0.400094
-0.398428
-0.400650
-0.399487
-0.402333
-0.398468
-0.398534
-0.398444
-0.401415
-0.398984
-0.398816
-0.399246
-0.400976
-0.399184
-0.398013
-0.398234
-199.555327
-0.401551
-0.399070
-0.399072
-0.398226
-0.398200
-0.399182
-0.402267
-0.398847
-0.399730
-0.398287
-0.398708
-0.398966
-0.399141
-0.398463
-0.398268
-0.399734
-0.398853
-0.399649
-17.288938
-175.263825
-8.868720
-25.023872
-82.568988
-18.812405
-1.357690
-166.451804
-4.904373
-57.368462
-1.315373
-1.302013
-1.328713
-1.281643
-1.272460
-1.266683
-1.262456
-1.258909
-1.255544
-1.245689
-1.239956
-1.234625
-1.229707
-1.225213
-1.221087
-1.217221
-1.213483
-1.209724
-1.205727
-1.200740
-1.189589
-1.184262
-1.180087
-1.177114
-1.175066
-1.173447
-1.171800
-1.169692
-1.166050
-1.153309
-1.142192
-1.129862
-1.114514
-1.095241
-1.072191
-1.046468
-1.019793
-1.005740
-1.028922
-0.963389
-0.926651
-0.889594
-0.850245
-0.826903
-0.831908
-0.781467
-0.756714
-0.724902
-0.694449
-0.680784
-0.647975
-0.635898
-0.606189
-0.596863
-0.568280
-0.555368
-0.539359
-0.543330
-0.515744
-0.503329
-0.487958
-0.488328
-0.472260
-0.466305
-0.461301
-0.467473
-0.449514
-0.445758
-0.436789
-0.438877
-0.431820
-0.433446
-0.428737
-0.424642
-0.426217
-0.426923
-0.417926
-0.423687
-0.420032
-0.412298
-0.430318
-0.413777
-0.413175
-0.412311
-0.408291
-0.409246
-0.409701
-0.414398
-0.408277
-0.411076
-0.409015
-0.409915
-0.413618
-0.410158
-0.411999
-0.410825
-0.403139
-0.402897
-0.406564
-0.403587
-0.412274
-0.404373
-0.404738
-0.405494
-0.403807
-0.403629
-0.407689
-0.404554
-0.408113
-0.405890
-0.405973
-0.399856
-0.400695
-0.409436
-0.402708
-0.403047
-0.403962
-0.401458
-0.401710
-0.406610
-0.403353
-0.404568
-0.404238
-0.404275
-0.400012
-0.405320
-0.404439
-0.403635
-0.400325
-0.401893
-0.401784
-0.400672
-0.400782
-0.417166
-0.402898
-0.402338
-0.402034
-0.401785
-0.401476
-0.401403
-0.401985
-0.401369
-0.401227
-0.402600
-0.401304
-0.401199
-0.406350
-0.399789
-0.399376
-0.399135
-0.398534
-0.399719
-0.400070
-0.409376
-0.401532
-0.401320
-0.402338
-0.402051
-0.399554
-0.839380
-0.602745
-0.567739
-0.567808
-0.567878
-0.567950
-0.568026
-0.568109
-0.568205
-0.568325
-0.568601
-0.575295
-0.567169
-0.567206
-0.567258
-0.577066
-0.567100
-0.567104
-0.567115
-0.567134
-0.576281
-0.567099
-0.567100
-0.567100
-0.574923
-0.567111
-0.567104
-0.567099
-0.567097
-0.574426
-0.567117
-0.567109
-0.567103
-0.573722
-0.567129
-0.567120
-0.567112
-0.573199
-0.567139
-0.567129
-0.567127
-0.572798
-0.567147
-0.567137
-0.567127
-0.572487
-0.567161
-0.567143
-0.567133
-0.571768
-0.567161
-0.567146
-0.567137
-0.571963
-0.573527
-1.727077
-4.843626
-16.581704
-0.568227
-20.915577
-0.567966
-0.567927
-0.567890
-0.567864
-0.567864
-0.567791
-0.567762
-0.567734
-0.567708
-0.567683
-0.567667
-0.568272
-0.567701
-5.240904
-0.567595
-0.567872
-79.172738
-0.567573
-0.567555
-0.567536
-0.567520
-0.567509
-0.567487
-0.567509
-0.567457
-0.567440
-0.567426
-0.567415
-0.567400
-0.567388
-0.567376
-0.567364
-0.567353
-0.567342
-0.567333
-0.567321
-0.567312
-0.567302
-0.567293
-0.567286
-0.567275
-0.567266
-0.567264
-0.567250
-0.567243
-0.567235
-0.567227
-0.567220
-0.567213
-0.567206
-0.567206
-0.567193
-0.567187
-0.567182
-0.572890
-0.567251
-131.189667
-0.567196
-0.567190
-0.567183
-0.567176
-0.567174
-0.567164
-0.567161
-0.567152
-0.567148
-0.567141
-0.567137
-0.567131
-0.567127
-0.567127
-0.567127
-0.567127
-0.567112
-0.567106
-0.567102
-0.567098
-0.567097
-0.567097
-0.567097
-0.567097
-0.567106
-0.567115
-0.567100
-0.567097
-0.567100
-0.567100
-0.567203
-0.567161
-0.567226
-0.567170
-0.567253
-0.567190
-0.567274
-0.567207
-0.567296
-0.567224
-0.567296
-0.567264
-0.567341
-0.567264
-0.567359
-0.567267
-0.567372
-0.567286
-0.567372
-0.567293
-0.567282
-0.567264
-0.567267
-0.567266
-0.567214
-0.567170
-0.567533
-0.567806
-0.584839
-0.573456
-0.567312
-0.569016
-0.572890
-1.970619
-1.584240
-2.053092
-0.761261
-2.161780
-0.491991
-0.517459
-0.424568
-0.411181
-0.827382
-0.421845
-0.409366
-0.398523
-0.408321
-0.398145
-0.399748
-0.401231
-0.399689
-0.437132
-0.406964
-0.405240
-0.404177
-0.400988
-0.404479
-0.404934
-0.401189
-0.400642
-0.400553
-0.400164
-0.406222
-0.410365
-0.399857
-0.400116
-0.401374
-0.399693
-0.403184
-0.400192
-0.400191
-0.400499
-0.400004
-0.400679
-0.403969
-0.401284
-0.425944
-0.399854
-0.399698
-0.399760
-0.406520
-0.399508
-0.400903
-0.399137
-0.516134
-107.176673
-93.511828
-20.435848
-39.520983
-72.669068
-199.413980
-6.878992
-43.194135
-97.286019
-0.505116
-0.505334
-0.513059
-0.499341
-0.499162
-0.499078
-0.499007
-0.506970
-0.498917
-0.499383
-0.507411
-0.495528
-0.494779
-0.496704
-0.495295
-0.496050
-0.493283
-0.495438
-0.491914
-0.494448
-0.490795
-0.493187
-0.489748
-0.491857
-0.488741
-0.490520
-0.487769
-0.489249
-0.486814
-0.488018
-0.485873
-0.486872
-0.484932
-0.485763
-0.483994
-0.484680
-0.483051
-0.483616
-0.482099
-0.482590
-0.481132
-0.481564
-0.480146
-0.480544
-0.479136
-0.479520
-0.478096
-0.478486
-0.477018
-0.477433
-0.477175
-0.475265
-0.474855
-0.475003
-0.474738
-0.472887
-0.472439
-0.472387
-0.472093
-0.471797
-0.469252
-0.468681
-0.468096
-0.467233
-0.466823
-0.466394
-0.465967
-0.465491
-0.460959
-0.459640
-0.458174
-0.456447
-0.454079
-0.450807
-0.448281
-0.445603
-0.442933
-0.440748
-0.429887
-0.423016
-0.422613
-0.412928
-0.412307
-0.407452
-0.406658
-0.404767
-0.405264
-0.403157
-0.407929
-0.404429
-0.399242
-0.399052
-0.407895
-0.400816
-0.402994
-0.398506
-0.398884
-0.399596
-0.403693
-0.398841
-0.403430
-0.399726
-0.398918
-0.398651
-0.402340
-0.403085
-0.398675
-0.399083
-0.399920
-0.403822
-0.398958
-0.398664
-0.401166
-0.399225
-0.404597
-0.399295
-0.399071
-0.398944
-0.402768
-0.400009
-0.407374
-0.399546
-0.400155
-0.399278
-0.399340
-0.399031
-0.404803
-0.400337
-0.405566
-0.399187
-0.398102
-0.398757
-0.410653
-0.402989
-0.404677
-0.401042
-0.399320
-0.399620
-0.399916
-0.398202
-0.399913
-0.402131
-0.419730
-0.404531
-0.405372
-0.401064
-0.399126
-0.399902
-0.399042
-0.400690
-0.398826
-0.400058
-0.398855
-0.399374
-0.398901
-0.403910
-0.399083
-0.399338
-0.398728
-0.398865
-0.399326
-0.399896
-0.398283
-0.401004
-0.397981
-0.404302
-0.400949
-0.424115
-0.402255
-0.481998
-0.402879
-0.399030
-0.406463
-0.398845
-0.402077
-0.398461
-0.398394
-0.400033
-0.398441
-0.404624
-0.398364
-0.400244
-0.398400
-0.403992
-0.398221
-0.399836
-0.398266
-0.398227
-0.399938
-0.403772
-0.398174
-0.398080
-0.400129
-0.403168
-0.398145
-0.398086
-0.399793
-0.398778
-0.402381
-0.399167
-0.399728
-0.398093
-0.398101
-0.404005
-0.400048
-0.398508
-0.398135
-0.398314
-0.399316
-0.400016
-0.584259
-0.650218
-0.581047
-0.689238
-0.573912
-0.588136
-0.574138
-0.574105
-0.577353
-0.578966
-0.586796
-0.573911
-0.574000
-0.582546
-0.574179
-0.576572
-0.576641
-0.574775
-0.586796
-0.573865
-0.574052
-0.574780
-0.575323
-0.573974
-0.574854
-0.582565
-0.573975
-0.573975
-0.586796
-0.574846
-0.575464
-0.575003
-0.574854
-0.574848
-0.582570
-1.271132
-0.574845
-0.574845
-0.574845
-0.574845
-0.574845
-0.597853
-0.586796
-0.582538
-0.576720
-0.582538
-0.582538
-0.582538
-0.582762
-0.899903
-0.584694
-0.606763
-1.612748
-0.586530
-0.582320
-0.582320
-0.582320
-0.582320
-0.582320
-0.582320
-0.582320
-1.438748
-0.582320
-0.582320
-0.582320
-0.582320
-0.582320
-0.582320
-0.582320
-0.582320
-3.279018
-10.960889
-0.582320
-0.582320
-0.582320
-0.582320
-0.573936
-308.129092
-0.522535
-0.399295
-0.399149
-0.398907
-0.398724
-0.398257
-0.399449
-0.398135
-0.398129
-0.399740
-0.398094
-0.398094
-0.398093
-0.399911
-0.398966
-0.398094
-0.398925
-0.399779
-0.398088
-0.398095
-0.404931
-0.398097
-0.399941
-0.398916
-0.398106
-0.398101
-0.399896
-0.398984
-0.398384
-0.398959
-0.399766
-0.398336
-0.398507
-0.399014
-0.399673
-0.398111
-0.399564
-0.398941
-0.398261
-0.399205
-0.400763
-0.398134
-0.399030
-0.398958
-0.398293
-0.399823
-0.399381
-0.434202
-0.434526
-0.434202
-0.582320
-0.582320
-0.582320
-0.582320
-0.582320
-0.582320
-0.582320
-0.582320
-0.582320
-0.582320
-0.597489
-0.582320
-0.582320
-0.582320
-0.582320
-0.582320
-0.582320
-0.582320
-0.582320
-0.582320
-0.582320
-0.582320
-0.582320
-0.582320
-0.582320
-0.582320
-0.582320
-0.582320
-0.582320
-0.582320
-0.582320
-0.582320
-0.582320
-0.582320
-0.582320
-0.582320
-0.582320
-0.582320
-0.582320
-0.582320
-0.582320
-0.582320
-0.582320
-0.582320
-0.582320
-0.582320
-0.582320
-0.582320
-0.582320
-0.582320
-0.582320
-0.582320
-17.136126
-19.162025
-91.247842
-63.587783
-21.462992
-48.333677
-131.264260
-96.627361
-35.144983
-9.599754
-9.451578
-9.227257
-8.744014
-7.423135
-5.729734
-4.690812
-3.781797
-2.914418
-2.102864
-1.502063
-1.325535
-1.312180
-1.240728
-1.129076
-0.934666
-0.714267
-0.598764
-0.541850
-0.506785
-0.478044
-0.459516
-0.451462
-0.448892
-0.447222
-0.444109
-0.435121
-0.432127
-0.429966
-0.428432
-0.427345
-0.426562
-0.425984
-0.425548
-0.425221
-0.429278
-0.424309
-0.424048
-0.429237
-0.423444
-0.423250
-0.428971
-0.422757
-0.422607
-0.428704
-0.422172
-0.422046
-0.428418
-0.421646
-0.421530
-0.421444
-0.428389
-0.421047
-0.420949
-0.428050
-0.420587
-0.420471
-0.420389
-0.427828
-0.420027
-0.419914
-0.419821
-0.427538
-0.419466
-0.419343
-0.419230
-0.427033
-0.418897
-0.418750
-0.418623
-0.418513
-0.426703
-0.418169
-0.417979
-0.417826
-0.425701
-0.417511
-0.417277
-0.417076
-0.416927
-0.424849
-1.000788
-1.154792
-0.871711
-0.769762
-0.690152
-0.639740
-0.609617
-0.592287
-0.803052
-0.602259
-0.605425
-0.587300
-0.580902
-0.575887
-0.573929
-0.574003
-0.574847
-0.575299
-0.574481
-0.577197
-0.573998
-0.573897
-0.578971
-0.573941
-0.573908
-0.579999
-0.574133
-0.574136
-0.574097
-0.574136
-0.582399
-0.574778
-0.575242
-0.574230
-0.574208
-0.574180
-0.583648
-0.575242
-0.575242
-0.574411
-0.575242
-0.575243
-0.574632
-0.577197
-0.574838
-0.591612
-0.577197
-0.576451
-0.577197
-0.577197
-0.575242
-0.575800
-0.575800
-0.575250
-0.575266
-0.575880
-0.575321
-0.583648
-0.575242
-0.575243
-0.575250
-0.575250
-0.583648
-0.577197
-0.577197
-0.577197
-0.577197
-0.575250
-0.614595
-0.581129
-0.583648
-0.575266
-0.575454
-0.575460
-0.583648
-0.575479
-0.577198
-0.575460
-0.575880
-0.583648
-0.575312
-0.575266
-0.577200
-0.575312
-0.575266
-0.575880
-0.575955
-0.578040
-0.575268
-0.577205
-0.575880
-0.577198
-0.583648
-0.575899
-0.575315
-0.577219
-0.577200
-0.577198
-0.583648
-0.577197
-0.578037
-0.577198
-0.583648
-0.583648
-0.577198
-0.588145
-0.588650
-0.748915
-0.575268
-0.575899
-0.578246
-0.637729
-0.925250
-1.249919
-0.575899
-1.179093
-0.577219
-0.581715
-0.582976
-0.593417
-0.633419
-0.575899
-0.577387
-0.586627
-0.581840
-0.581226
-0.575899
-0.593417
-0.581226
-0.577219
-0.581226
-0.793104
-0.627463
-0.604116
-0.627463
-0.627463
-0.593417
-0.595016
-0.925221
-0.666302
-0.900355
-0.898817
-0.898527
-1.560538
-0.901560
-0.911228
-2.849505
-10.960889
-6.708140
-108.858782
-0.898216
-0.659423
-0.784051
-0.698190
-0.636217
-0.898252
-0.898401
-0.633419
-0.589017
-0.575955
-0.581226
-0.623776
-0.575955
-0.593417
-0.606612
-0.624115
-0.575460
-0.624350
-0.625700
-0.784051
-0.575899
-0.595016
-0.581226
-0.635614
-0.577219
-0.790955
-0.623776
-0.643866
-0.595016
-0.581715
-0.633419
-0.912452
-0.897905
-0.897913
-0.897907
-0.897915
-0.898132
-0.907566
-0.897967
-0.897877
-0.897935
-0.897935
-0.901030
-0.907717
-0.898887
-0.898887
-0.898176
-0.901030
-0.939790
-0.901030
-0.927555
-0.901096
-0.897879
-0.898207
-0.897940
-0.898968
-0.898207
-0.901030
-0.898968
-0.899165
-0.898928
-0.923940
-308.110972
-0.575242
-0.575460
-0.575265
-0.575242
-0.575315
-0.575880
-0.575242
-0.575242
-0.575242
-0.575315
-0.575244
-0.577219
-0.575242
-0.575479
-0.575242
-0.575315
-0.575242
-0.575242
-0.575321
-0.575242
-0.575242
-0.575244
-0.575244
-0.575242
-0.575245
-0.575244
-0.593417
-0.575454
-0.575880
-0.575321
-0.624115
-0.577219
-0.624350
-0.614416
-0.577219
-0.593676
-0.577165
-0.575899
-0.793104
-0.633419
-0.595016
-0.626474
-0.633419
-0.575880
-0.604430
-0.636217
-0.589017
-0.589017
-0.584237
-0.577219
-0.575955
-0.575460
-0.624686
-0.584388
-0.624350
-0.575460
-0.593676
-0.575880
-0.637729
-0.581226
-0.637729
-0.897828
-0.897835
-0.630492
-0.784767
-0.626474
-0.790955
-0.900383
-0.897819
-0.897824
-0.900729
-0.897819
-0.897817
-0.900729
-0.897832
-0.897826
-0.900729
-0.897848
-0.793104
-0.897840
-0.901355
-0.897866
-0.666302
-0.897855
-0.630492
-0.901289
-0.897882
-0.897874
-0.897858
-0.900730
-0.897896
-0.897871
-0.897981
-0.900757
-0.897898
-0.898006
-0.897873
-135.518242
-257.903474
-77.723773
-29.725610
-122.166572
-106.727141
-7.383431
-176.801976
-147.274043
-83.268306
-7.370284
-7.355870
-7.328795
-7.289571
-7.236447
-7.170680
-7.105365
-7.050949
-7.014125
-6.995522
-6.985519
-6.975530
-6.964845
-6.953619
-6.941802
-6.929158
-6.915188
-6.898703
-6.876223
-6.842085
-6.796325
-6.732644
-6.646570
-6.557202
-6.488439
-6.438647
-6.397702
-6.357846
-6.312234
-6.252528
-6.168705
-6.052693
-5.920960
-5.810030
-5.727189
-5.662285
-5.607632
-5.559889
-5.518370
-5.483487
-5.455399
-5.433147
-5.414421
-5.394823
-5.356731
-5.285519
-5.167193
-5.024981
-4.947535
-4.916283
-4.897865
-4.845962
-4.771825
-4.666750
-4.572115
-4.505528
-4.453352
-4.404082
-4.343386
-4.251230
-4.135210
-4.065369
-4.055393
-4.057319
-3.987492
-3.912396
-3.809138
-3.717573
-3.645585
-3.574373
-3.483754
-3.384892
-3.334629
-3.336047
-3.270278
-3.198112
-3.105344
-3.032413
-2.983421
-2.926366
-2.846882
-2.764059
-2.724630
-2.721228
-2.658505
-2.588885
-2.513004
-2.464020
-2.433734
-2.378259
-2.308612
-2.246337
-2.217389
-2.214512
-2.154114
-2.092103
-2.036206
-2.005847
-1.988801
-1.939237
-1.883617
-1.833171
-1.803835
-1.761536
-1.712200
-1.672927
-1.661594
-1.664377
-1.614853
-1.574958
-1.530604
-1.493189
-1.454940
-1.415286
-1.391752
-1.390485
-1.391652
-1.346617
-1.316108
-1.283016
-1.253696
-1.222575
-1.190823
-1.171611
-1.169708
-1.171458
-1.134190
-1.112151
-1.088661
-1.066993
-1.044547
-1.018284
-0.999956
-0.996083
-0.998137
-0.969060
-0.953053
-0.936598
-0.920888
-0.906118
-0.885322
-0.868805
-0.863226
-0.865648
-0.864003
-0.836206
-0.824283
-0.812521
-0.801298
-0.789149
-0.773295
-0.761007
-0.756792
-0.758935
-0.759188
-0.734069
-0.725253
-0.716853
-0.708919
-0.700515
-0.688506
-0.679522
-0.676299
-0.678514
-0.679742
-0.656068
-0.648935
-0.642380
-0.636341
-0.630014
-0.621102
-0.616366
-0.616151
-0.618873
-0.619074
-0.596875
-0.591164
-0.585997
-0.581221
-0.575819
-0.569265
-0.566612
-0.567445
-0.569847
-0.569893
-0.550042
-0.545766
-0.541938
-0.538379
-0.534231
-0.529911
-0.529005
-0.530520
-0.532896
-0.516166
-0.529152
-0.511091
-0.508073
-0.505374
-0.502679
-0.498433
-0.498159
-0.499682
-0.502163
-0.502999
-0.485735
-0.483098
-0.480723
-0.478353
-0.476270
-0.477908
-0.480509
-0.482740
-0.467060
-0.464976
-0.463015
-0.463658
-0.467247
-0.470090
-0.456009
-0.454383
-0.452811
-0.453441
-0.456205
-0.458803
-0.445993
-0.444519
-0.448040
-0.452401
-0.440741
-0.439601
-0.438420
-0.440916
-0.443099
-0.445059
-0.433319
-0.432276
-0.431268
-0.434743
-0.437074
-0.427963
-0.434996
-0.426345
-0.425573
-0.430585
-0.432527
-0.423099
-0.422457
-0.425815
-0.429155
-0.420236
-0.419706
-0.419150
-0.422474
-0.424234
-0.416472
-0.423679
-0.415357
-0.414843
-0.420863
-0.413634
-0.420585
-0.412643
-0.418960
-0.411817
-0.411497
-0.416534
-0.410541
-0.416580
-0.409695
-0.409414
-0.415001
-0.408481
-0.414939
-0.407765
-0.413836
-0.407197
-0.407002
-0.412067
-0.406342
-0.412133
-0.405764
-0.405611
-0.410819
-0.404965
-0.410889
-0.404581
-0.404306
-0.409923
-0.403766
-0.403644
-0.409530
-0.403063
-0.409468
-0.402662
-0.402567
-0.408375
-0.402162
-0.402082
-0.408114
-0.401669
-0.401603
-0.407828
-0.401216
-0.401160
-0.407535
-0.400823
-0.400779
-0.407137
-0.400490
-0.400461
-0.406651
-0.400215
-0.400205
-0.400267
-0.406153
-0.412196
-0.399828
-0.399811
-0.399802
-0.402513
-0.405680
-0.399036
-0.399009
-0.408037
-0.398833
-0.398832
-0.398849
-0.408126
-0.398592
-0.398616
-0.398596
-0.398896
-0.407295
-0.409749
-0.398438
-0.398448
-0.398464
-0.398488
-0.398516
-0.398453
-0.402631
-0.398328
-0.405035
-0.398202
-0.407591
-0.398143
-0.398159
-0.398180
-0.405166
-0.398098
-0.398101
-0.408547
-0.398115
-0.407677
-0.398015
-0.398018
-0.398022
-0.398025
-0.398031
-0.405883
-0.398089
-0.406239
-0.397994
-0.397991
-0.397988
-0.397987
-0.407434
-0.398267
-0.406226
-0.398132
-0.398113
-0.398108
-0.398009
-0.409181
-0.398471
-0.406394
-0.398328
-0.398301
-0.398263
-0.404638
-0.398105
-0.398001
-0.397917
-0.403631
-0.397914
-0.399536
-0.412649
-0.399160
-0.399105
