13.654000
13.519000
14.538000
16.635000
16.931000
17.256000
17.850000
19.716000
18.271000
19.932000
23.861000
21.867000
22.259000
23.486000
24.189000
24.941000
25.163000
27.166000
26.874000
29.635000
29.128000
33.861000
33.547000
32.010000
32.507000
32.846000
33.770000
34.284000
41.875000
37.236000
37.475000
38.018000
38.605000
39.771000
45.392000
41.992000
42.782000
43.066000
44.784000
51.352000
47.115000
48.364000
48.325000
50.054000
53.128000
51.562000
51.552000
55.335000
53.430000
55.423000
55.341000
59.892000
57.871000
62.448000
60.602000
64.998000
63.971000
65.384000
65.292000
74.583000
67.384000
68.799000
67.001000
77.537000
70.235000
72.756000
80.202000
73.354000
73.439000
83.582000
77.036000
80.667000
88.460000
79.062000
80.731000
84.603000
80.828000
86.573000
86.181000
84.722000
91.546000
87.276000
87.219000
94.239000
90.751000
94.762000
95.176000
94.274000
97.635000
97.425000
99.704000
97.609000
103.112000
101.294000
105.875000
107.705000
103.591000
109.438000
110.973000
107.461000
110.326000
111.679000
114.502000
116.924000
116.420000
115.265000
121.314000
117.684000
118.340000
123.442000
126.644000
131.705000
130.109000
125.912000
131.258000
134.061000
130.714000
130.945000
133.280000
134.256000
135.546000
137.119000
137.177000
144.719000
144.132000
147.023000
143.463000
144.799000
143.064000
146.703000
145.835000
147.745000
149.268000
151.281000
150.558000
152.542000
153.686000
154.422000
158.989000
159.452000
159.073000
160.420000
161.828000
164.403000
166.288000
167.980000
168.587000
169.829000
170.933000
170.203000
173.832000
196.984000
181.472000
180.000000
179.694000
181.083000
182.952000
184.148000
184.495000
187.037000
185.081000
188.611000
191.772000
193.127000
192.633000
194.172000
194.950000
199.490000
198.083000
201.893000
201.658000
208.385000
209.892000
208.925000
206.354000
209.723000
212.277000
215.084000
217.322000
218.399000
216.520000
219.206000
218.045000
221.429000
220.318000
226.094000
226.290000
224.834000
231.370000
226.954000
227.019000
233.553000
229.734000
233.208000
236.489000
239.740000
234.710000
238.497000
237.296000
244.085000
241.307000
246.720000
246.231000
250.796000
246.755000
252.527000
249.056000
257.527000
252.508000
258.741000
256.587000
266.858000
262.657000
263.862000
262.582000
271.868000
268.983000
272.943000
272.301000
278.101000
273.581000
276.684000
279.050000
282.802000
282.273000
286.817000
285.183000
289.366000
285.229000
296.741000
288.419000
295.112000
295.138000
299.087000
297.247000
304.348000
298.932000
303.824000
303.813000
313.365000
309.025000
316.152000
312.489000
318.262000
310.586000
319.005000
318.340000
322.755000
318.491000
329.446000
325.584000
334.959000
329.969000
331.853000
328.832000
338.211000
332.537000
340.341000
337.136000
344.314000
341.500000
348.832000
343.294000
356.501000
347.463000
357.501000
388.286000
359.912000
359.587000
363.398000
363.877000
370.771000
366.073000
370.498000
370.377000
376.901000
368.187000
377.632000
371.266000
382.791000
377.992000
386.024000
385.866000
389.719000
383.512000
392.128000
388.839000
400.891000
393.862000
401.732000
401.503000
404.289000
399.672000
403.615000
401.237000
413.819000
408.642000
417.801000
414.533000
421.631000
418.267000
419.836000
419.572000
426.969000
424.600000
432.556000
427.499000
437.526000
428.076000
440.418000
431.757000
444.260000
436.586000
450.959000
444.078000
455.764000
444.509000
452.622000
451.683000
460.461000
456.217000
465.655000
473.282000
475.151000
463.713000
470.278000
475.704000
479.422000
472.410000
479.489000
473.601000
488.903000
476.333000
487.591000
482.198000
495.773000
485.996000
508.891000
490.392000
506.137000
512.527000
520.240000
505.464000
516.469000
509.379000
520.620000
505.165000
524.565000
512.998000
521.515000
518.676000
539.954000
526.661000
529.434000
528.187000
539.807000
533.467000
535.071000
535.316000
544.189000
542.598000
565.884000
584.707000
641.001000
590.614000
591.629000
590.061000
580.413000
568.729000
590.259000
600.721000
584.481000
590.613000
602.451000
582.953000
607.782000
576.254000
589.055000
582.153000
606.536000
626.793000
605.552000
593.875000
632.480000
589.396000
604.192000
596.746000
610.940000
598.960000
610.034000
13.229000
13.774000
13.722000
14.592000
15.347000
16.295000
16.426000
17.544000
18.299000
19.114000
20.184000
21.967000
23.850000
24.157000
28.810000
35.467000
28.072000
27.477000
29.680000
30.485000
28.840000
30.502000
30.190000
31.101000
32.395000
32.786000
34.156000
35.389000
35.294000
37.331000
36.641000
36.312000
39.604000
40.182000
40.852000
41.208000
40.887000
43.557000
44.499000
46.260000
45.588000
47.139000
47.828000
49.080000
49.682000
49.861000
50.352000
52.506000
52.902000
53.556000
55.453000
55.515000
56.552000
57.807000
57.268000
60.755000
60.223000
60.962000
61.650000
65.047000
65.159000
65.508000
66.639000
68.634000
68.212000
68.427000
69.403000
72.983000
72.106000
73.692000
74.551000
74.330000
75.851000
78.517000
77.002000
85.481000
82.943000
81.108000
83.181000
84.316000
86.862000
89.463000
86.812000
88.828000
90.429000
90.239000
90.894000
95.276000
95.256000
93.675000
95.262000
97.010000
99.369000
103.389000
103.055000
101.064000
105.420000
107.899000
108.697000
110.058000
111.397000
116.662000
112.544000
114.244000
116.665000
116.801000
117.487000
116.878000
115.508000
117.478000
117.597000
119.493000
121.451000
125.091000
124.336000
125.599000
123.905000
127.855000
129.544000
130.282000
130.163000
133.731000
135.869000
138.097000
135.425000
138.484000
140.540000
140.965000
140.713000
145.509000
144.569000
145.950000
144.725000
149.277000
148.170000
153.448000
152.072000
153.748000
152.575000
158.131000
153.485000
160.598000
159.127000
160.674000
161.452000
164.360000
161.742000
169.192000
169.615000
168.641000
167.076000
175.816000
170.006000
177.379000
229.650000
290.114000
258.346000
222.732000
203.961000
194.031000
192.376000
196.641000
192.375000
205.115000
192.317000
197.579000
196.086000
196.726000
196.997000
204.707000
232.108000
261.517000
229.662000
233.934000
242.239000
323.810000
378.157000
423.356000
270.876000
267.491000
247.538000
239.409000
240.230000
336.324000
305.453000
303.627000
454.751000
460.519000
465.240000
482.705000
561.913000
573.946000
381.482000
370.812000
276.998000
255.151000
250.175000
255.904000
262.806000
271.585000
262.533000
264.270000
266.274000
310.567000
296.092000
276.899000
283.126000
273.659000
260.450000
265.544000
276.247000
268.798000
268.074000
284.327000
289.796000
278.536000
274.557000
280.060000
276.595000
284.378000
280.919000
283.287000
283.867000
319.581000
344.401000
360.304000
300.710000
303.717000
293.986000
305.600000
301.143000
315.814000
311.575000
315.429000
313.216000
321.721000
312.437000
312.827000
311.777000
320.753000
323.662000
325.201000
326.649000
332.555000
319.158000
325.777000
323.153000
329.852000
327.180000
334.803000
330.777000
346.406000
338.655000
370.828000
342.848000
346.478000
347.772000
372.493000
374.937000
354.731000
349.612000
363.248000
351.509000
363.161000
354.573000
364.453000
363.155000
368.279000
377.807000
388.681000
411.634000
442.467000
478.606000
430.657000
403.427000
412.837000
402.180000
406.906000
402.847000
429.354000
408.782000
416.614000
415.141000
448.206000
432.207000
449.435000
419.527000
435.473000
438.753000
454.381000
469.617000
501.673000
502.194000
423.039000
430.723000
440.266000
455.586000
483.987000
442.711000
436.932000
462.641000
489.518000
470.737000
445.439000
433.851000
440.616000
458.568000
484.553000
445.294000
484.772000
450.846000
459.278000
462.132000
462.092000
465.953000
510.848000
495.684000
494.030000
498.278000
536.487000
546.453000
569.992000
524.824000
529.838000
521.975000
554.376000
538.749000
595.181000
554.007000
512.127000
516.008000
510.474000
504.257000
542.750000
506.860000
526.411000
515.201000
523.363000
522.678000
579.226000
558.561000
563.015000
554.935000
578.217000
578.050000
582.585000
578.380000
577.139000
573.879000
587.446000
580.841000
596.955000
596.293000
614.504000
660.657000
707.539000
648.090000
625.934000
616.251000
638.295000
621.291000
639.519000
636.764000
646.351000
633.570000
656.047000
617.130000
610.036000
604.980000
618.236000
613.788000
619.005000
612.595000
622.142000
615.929000
635.971000
660.375000
618.601000
612.601000
619.157000
604.616000
665.226000
627.419000
649.955000
622.935000
635.106000
636.760000
637.068000
617.671000
642.258000
12.846000
13.886000
14.209000
14.979000
15.280000
16.725000
17.338000
17.522000
19.316000
22.417000
21.183000
29.712000
24.079000
26.094000
24.282000
24.979000
26.629000
25.948000
27.799000
28.594000
29.754000
30.425000
30.999000
33.572000
44.126000
38.999000
47.566000
40.647000
38.914000
40.810000
48.159000
42.832000
39.999000
40.670000
40.917000
43.692000
43.075000
48.325000
44.869000
47.313000
48.144000
50.129000
50.645000
50.609000
54.357000
54.012000
54.107000
55.765000
56.298000
57.160000
59.124000
62.549000
59.198000
62.502000
59.794000
61.023000
62.993000
64.206000
64.417000
66.864000
67.468000
67.334000
71.933000
75.196000
73.865000
71.873000
76.003000
75.881000
75.963000
77.543000
78.773000
79.030000
79.278000
80.487000
82.390000
93.227000
99.554000
85.945000
87.618000
86.817000
89.115000
89.010000
92.503000
90.941000
95.819000
95.178000
92.757000
100.347000
105.376000
100.157000
97.655000
100.010000
106.521000
109.243000
114.826000
111.624000
106.113000
108.123000
109.105000
114.274000
116.816000
115.315000
114.132000
117.684000
114.924000
117.187000
123.706000
127.495000
123.239000
123.197000
124.405000
133.424000
127.784000
131.278000
129.395000
132.576000
131.440000
133.053000
136.649000
137.125000
138.331000
141.133000
138.711000
139.287000
144.948000
147.169000
149.067000
154.161000
148.426000
148.698000
152.027000
156.267000
159.081000
154.023000
158.745000
161.169000
157.825000
166.615000
163.730000
167.217000
165.625000
168.128000
168.373000
172.367000
174.584000
174.934000
172.654000
180.088000
178.233000
183.793000
179.433000
186.505000
187.028000
190.213000
185.249000
191.762000
190.727000
195.537000
193.323000
196.326000
194.729000
198.717000
198.261000
194.520000
197.372000
197.049000
202.347000
202.614000
206.365000
211.252000
207.885000
208.817000
213.659000
216.705000
212.749000
213.927000
211.680000
218.545000
216.987000
219.516000
226.706000
231.642000
223.851000
226.403000
225.859000
237.418000
232.940000
238.712000
241.046000
257.125000
232.861000
242.324000
243.783000
247.525000
243.211000
250.557000
263.401000
259.671000
294.455000
265.488000
258.667000
268.440000
262.099000
272.263000
272.149000
270.490000
271.301000
276.778000
264.814000
268.296000
268.766000
272.179000
277.373000
277.061000
273.834000
282.424000
277.438000
282.942000
284.291000
290.768000
283.278000
282.760000
283.378000
284.975000
281.687000
291.517000
288.788000
293.224000
298.030000
294.927000
292.535000
301.762000
295.957000
300.107000
296.494000
306.360000
305.016000
308.758000
307.512000
326.799000
309.252000
315.041000
320.182000
318.158000
313.248000
345.969000
319.154000
326.887000
331.937000
331.875000
334.235000
337.114000
329.783000
332.453000
336.096000
343.437000
347.350000
351.175000
340.099000
347.617000
346.130000
346.282000
345.035000
361.721000
357.990000
362.622000
353.890000
364.012000
357.569000
366.112000
359.837000
376.501000
366.419000
374.706000
384.472000
378.850000
392.750000
393.505000
380.122000
409.341000
401.174000
420.399000
422.253000
448.632000
425.647000
409.815000
410.400000
412.400000
409.129000
410.842000
412.442000
440.532000
433.028000
482.088000
420.890000
427.365000
425.774000
422.864000
420.135000
434.913000
446.314000
430.412000
421.501000
436.408000
459.576000
450.320000
438.334000
442.207000
432.789000
442.324000
437.936000
465.180000
461.387000
493.173000
464.975000
472.029000
470.023000
477.066000
465.054000
478.049000
483.045000
512.826000
507.761000
499.778000
493.874000
506.511000
514.467000
529.145000
496.812000
508.973000
507.944000
518.267000
494.450000
497.993000
491.066000
512.813000
493.243000
504.034000
506.653000
513.311000
532.904000
523.717000
511.165000
525.169000
519.192000
515.368000
508.805000
525.676000
512.671000
522.561000
523.758000
529.499000
517.344000
533.214000
526.112000
542.752000
524.930000
540.291000
535.435000
550.862000
539.929000
555.135000
552.775000
562.861000
553.779000
554.152000
558.649000
566.642000
561.362000
573.353000
566.678000
577.091000
563.498000
575.338000
572.569000
584.125000
596.492000
603.552000
606.193000
619.571000
586.650000
612.167000
608.863000
633.894000
618.579000
622.940000
612.721000
638.293000
639.274000
675.880000
13.954000
13.957000
14.471000
15.828000
16.299000
17.204000
17.939000
17.652000
19.211000
19.747000
20.978000
22.580000
22.477000
23.782000
24.268000
24.928000
27.190000
28.114000
27.943000
29.563000
29.409000
30.424000
31.618000
32.253000
33.084000
36.088000
34.932000
35.935000
37.506000
38.316000
38.497000
39.733000
40.605000
41.019000
41.430000
42.753000
42.649000
45.419000
45.483000
46.612000
46.267000
48.396000
49.592000
50.426000
50.345000
51.139000
53.480000
54.217000
54.083000
55.238000
58.253000
59.058000
59.843000
61.630000
61.877000
63.576000
62.287000
64.211000
65.660000
67.206000
66.585000
69.117000
69.554000
70.360000
72.063000
73.403000
73.001000
74.801000
74.607000
77.127000
78.267000
80.125000
77.040000
83.672000
87.593000
89.553000
89.900000
98.377000
88.422000
91.496000
92.970000
91.621000
93.961000
92.945000
92.609000
96.125000
94.982000
99.481000
97.879000
99.507000
98.830000
101.560000
100.637000
102.193000
103.382000
103.624000
108.691000
109.107000
108.315000
111.036000
110.952000
115.741000
116.175000
120.826000
120.377000
132.824000
131.276000
128.979000
135.422000
141.704000
140.463000
124.097000
123.482000
145.981000
143.941000
136.273000
129.849000
135.997000
135.263000
140.697000
140.675000
142.997000
145.863000
143.756000
140.545000
143.237000
144.389000
146.628000
144.640000
154.327000
152.163000
153.671000
152.604000
154.124000
154.936000
157.418000
155.631000
156.836000
154.853000
161.807000
164.115000
181.195000
191.509000
172.217000
191.926000
186.658000
194.588000
197.635000
185.807000
187.467000
182.373000
196.834000
214.313000
195.665000
196.912000
204.435000
195.046000
201.877000
193.190000
216.770000
320.815000
279.931000
244.628000
230.434000
282.662000
260.208000
273.586000
242.691000
244.096000
220.673000
213.780000
222.466000
216.563000
225.521000
240.209000
226.836000
228.560000
234.775000
241.647000
251.406000
239.629000
246.949000
250.526000
246.615000
246.887000
262.792000
262.379000
256.368000
264.131000
271.757000
275.815000
291.764000
277.533000
301.355000
282.576000
285.153000
263.835000
271.051000
279.816000
290.452000
289.929000
286.299000
269.045000
278.385000
270.452000
276.142000
275.775000
293.734000
281.161000
296.659000
302.528000
291.801000
280.014000
276.439000
280.904000
292.022000
295.027000
317.944000
294.644000
290.161000
292.419000
301.292000
302.325000
318.653000
304.801000
301.871000
304.453000
366.615000
328.551000
311.758000
312.850000
344.003000
330.687000
345.130000
315.098000
329.851000
342.243000
331.591000
336.132000
366.410000
378.489000
366.515000
344.702000
342.033000
335.371000
346.938000
364.424000
371.605000
352.622000
366.770000
357.966000
354.537000
340.821000
348.302000
358.047000
367.272000
393.281000
374.804000
380.355000
380.801000
354.426000
369.435000
361.778000
377.472000
412.192000
418.997000
390.100000
380.263000
369.030000
376.819000
374.078000
383.929000
378.160000
390.036000
407.543000
415.159000
410.220000
416.791000
406.184000
406.623000
393.199000
429.856000
408.210000
424.707000
399.854000
411.368000
423.473000
425.155000
426.135000
435.389000
413.884000
468.132000
440.364000
444.146000
423.009000
431.439000
427.072000
438.759000
434.031000
440.761000
434.468000
463.239000
456.208000
449.548000
443.910000
451.643000
466.208000
488.243000
487.106000
472.717000
465.358000
491.193000
468.131000
478.955000
461.155000
481.081000
500.303000
485.322000
472.280000
484.189000
473.691000
486.104000
480.691000
491.411000
518.442000
526.934000
510.776000
513.373000
491.360000
502.380000
497.554000
546.171000
520.254000
542.650000
528.183000
529.928000
504.360000
519.199000
509.061000
529.608000
519.825000
554.120000
544.610000
539.697000
526.456000
535.216000
527.262000
540.334000
533.733000
541.553000
539.564000
549.235000
539.400000
600.789000
593.274000
588.088000
587.455000
589.412000
563.592000
578.416000
559.833000
575.281000
586.524000
614.371000
616.801000
612.416000
615.518000
632.039000
627.771000
634.382000
609.103000
627.438000
625.986000
596.710000
623.174000
628.517000
620.225000
669.908000
649.791000
633.706000
607.215000
643.831000
680.503000
665.837000
644.322000
629.625000
624.408000
637.516000
627.172000
637.989000
14.008000
14.738000
14.696000
15.253000
16.183000
17.329000
17.583000
18.562000
19.420000
20.293000
21.802000
22.709000
23.276000
24.108000
24.357000
25.202000
25.481000
27.935000
27.443000
29.170000
29.236000
30.610000
31.285000
31.679000
32.693000
33.667000
34.609000
37.358000
43.212000
41.658000
44.641000
42.802000
49.055000
42.497000
43.029000
44.469000
45.277000
45.640000
46.158000
47.529000
48.722000
49.646000
50.549000
51.493000
51.633000
53.605000
53.474000
53.385000
54.916000
57.136000
57.117000
57.922000
58.921000
60.673000
60.995000
60.786000
62.738000
64.607000
63.885000
65.417000
66.494000
67.913000
68.775000
68.630000
72.561000
72.483000
72.978000
75.183000
74.670000
76.565000
76.621000
79.060000
79.354000
80.746000
79.976000
83.562000
83.227000
86.050000
86.976000
89.827000
87.563000
92.121000
90.773000
92.528000
94.703000
95.121000
92.743000
98.439000
97.968000
98.403000
99.132000
100.744000
100.920000
104.170000
102.760000
104.698000
105.013000
109.830000
110.426000
110.743000
110.754000
111.626000
111.938000
113.898000
113.933000
117.727000
116.270000
120.853000
120.828000
121.971000
122.175000
124.908000
124.692000
126.259000
126.571000
130.872000
130.213000
135.778000
132.573000
136.795000
134.231000
137.276000
140.916000
141.621000
141.000000
142.293000
143.272000
145.208000
145.372000
148.676000
149.739000
150.455000
150.240000
150.842000
152.846000
154.979000
158.843000
158.619000
160.260000
162.750000
160.640000
161.905000
166.007000
168.245000
166.574000
168.947000
170.052000
172.188000
175.715000
175.851000
175.603000
178.724000
179.585000
181.684000
182.058000
185.690000
184.169000
185.917000
186.316000
191.696000
191.112000
195.400000
193.682000
195.826000
196.951000
202.057000
198.554000
212.198000
216.381000
207.511000
207.085000
209.685000
216.021000
223.044000
223.284000
226.284000
222.049000
218.054000
220.245000
226.332000
220.494000
222.653000
222.657000
229.756000
226.929000
230.161000
236.011000
249.570000
239.050000
244.728000
238.587000
244.737000
262.811000
281.747000
266.988000
260.211000
254.000000
247.800000
247.770000
254.991000
253.203000
255.510000
261.825000
272.119000
279.562000
262.612000
266.548000
279.217000
265.248000
274.588000
280.383000
287.448000
288.078000
293.202000
287.586000
291.174000
277.771000
286.507000
284.695000
305.245000
288.404000
290.779000
286.692000
301.934000
325.845000
338.278000
321.816000
310.021000
313.351000
321.545000
317.228000
328.287000
307.988000
326.887000
324.003000
315.694000
317.995000
320.674000
313.721000
323.170000
319.790000
325.335000
331.114000
345.148000
335.500000
331.478000
330.222000
379.738000
360.863000
354.555000
348.850000
361.904000
353.898000
347.863000
344.942000
360.343000
368.307000
379.963000
371.718000
376.784000
382.218000
383.541000
396.071000
388.009000
373.218000
372.687000
366.642000
375.359000
373.364000
379.655000
375.400000
381.800000
378.704000
388.625000
383.259000
422.686000
409.238000
401.918000
393.023000
396.195000
392.909000
401.530000
396.063000
409.131000
398.845000
444.575000
424.978000
440.035000
428.732000
449.568000
443.756000
431.637000
421.737000
422.289000
419.260000
432.827000
424.139000
435.680000
431.548000
441.661000
445.392000
460.344000
464.158000
484.906000
442.914000
461.934000
472.317000
457.746000
452.935000
456.300000
453.348000
462.323000
475.564000
492.398000
478.053000
488.011000
473.967000
499.865000
497.786000
509.859000
508.685000
490.898000
479.416000
489.341000
482.274000
488.610000
529.744000
525.965000
531.487000
503.395000
522.156000
517.580000
500.155000
509.514000
503.116000
513.932000
507.548000
514.012000
519.818000
545.716000
544.266000
531.238000
593.384000
577.900000
551.377000
546.852000
562.779000
576.442000
538.909000
546.335000
546.517000
565.977000
545.003000
607.453000
566.988000
573.742000
604.805000
601.456000
589.822000
589.737000
566.145000
620.233000
582.707000
590.230000
601.518000
589.497000
591.171000
598.457000
604.758000
651.709000
613.707000
615.342000
591.854000
657.314000
638.393000
634.170000
638.866000
617.462000
630.354000
636.478000
609.348000
641.202000
646.141000
635.206000
616.377000
648.803000
666.559000
645.651000
652.677000
680.412000
15.188000
15.499000
16.618000
16.753000
16.758000
17.854000
19.744000
20.180000
21.521000
22.932000
23.180000
23.113000
23.660000
24.184000
27.715000
27.872000
26.819000
28.106000
28.313000
29.453000
30.848000
31.710000
31.984000
32.493000
33.880000
34.472000
35.088000
36.300000
36.853000
38.600000
38.891000
40.425000
40.328000
42.425000
43.719000
45.011000
44.362000
45.559000
46.598000
48.173000
66.872000
51.435000
50.750000
51.889000
53.857000
55.841000
58.212000
56.172000
56.442000
61.435000
60.313000
62.256000
60.866000
61.110000
61.231000
61.889000
63.608000
64.638000
64.888000
64.720000
66.969000
68.115000
67.987000
68.921000
70.552000
71.475000
72.751000
75.096000
78.263000
78.395000
78.890000
81.180000
83.672000
80.777000
80.991000
88.901000
87.377000
87.653000
86.503000
87.421000
87.941000
90.690000
90.761000
97.945000
94.020000
93.473000
94.928000
96.680000
96.790000
96.458000
99.448000
124.834000
112.821000
110.759000
113.434000
114.532000
112.302000
118.818000
117.349000
122.624000
113.369000
113.551000
112.253000
116.847000
115.742000
117.463000
116.429000
119.510000
122.750000
130.839000
122.206000
124.953000
124.424000
126.977000
126.144000
130.728000
131.757000
133.080000
133.358000
134.970000
134.953000
138.122000
138.964000
142.651000
142.124000
165.003000
151.236000
153.670000
151.962000
155.588000
152.905000
153.822000
152.455000
155.988000
153.641000
190.351000
167.872000
173.961000
173.684000
179.271000
174.493000
172.302000
179.615000
169.652000
168.991000
170.758000
169.948000
173.964000
175.166000
181.481000
196.514000
189.889000
189.282000
189.868000
191.843000
192.417000
190.062000
187.161000
187.614000
193.283000
206.468000
205.728000
206.951000
211.641000
203.135000
207.287000
208.845000
215.853000
218.961000
218.316000
212.580000
229.606000
216.555000
219.615000
221.231000
226.157000
222.703000
244.147000
228.197000
230.706000
222.211000
235.335000
245.404000
245.915000
235.790000
240.942000
232.545000
236.137000
232.877000
235.368000
238.141000
245.219000
239.437000
270.908000
260.396000
260.426000
254.437000
250.357000
249.622000
271.464000
260.536000
256.883000
282.705000
281.613000
258.338000
265.660000
261.430000
267.178000
267.370000
274.140000
268.798000
272.948000
270.303000
312.557000
286.649000
291.610000
276.849000
281.622000
279.533000
288.684000
285.913000
287.253000
287.372000
294.510000
290.323000
311.292000
303.606000
321.617000
309.255000
318.931000
313.419000
327.761000
317.753000
325.128000
319.263000
319.483000
322.181000
332.880000
336.214000
330.599000
324.794000
325.575000
368.831000
353.325000
340.945000
347.577000
345.862000
342.059000
335.324000
338.278000
337.819000
388.665000
367.413000
379.591000
342.973000
365.484000
376.599000
382.273000
383.167000
371.045000
355.925000
364.780000
366.522000
373.141000
366.118000
388.852000
388.993000
389.685000
375.201000
431.103000
395.404000
391.936000
386.586000
410.539000
404.316000
418.630000
396.180000
393.845000
395.785000
412.339000
393.215000
403.615000
407.179000
429.505000
421.875000
423.773000
407.281000
421.807000
411.048000
421.170000
414.679000
429.892000
419.016000
424.065000
441.038000
457.706000
448.842000
439.255000
433.173000
473.779000
468.716000
443.981000
447.800000
457.171000
444.003000
454.565000
445.275000
459.630000
446.508000
479.814000
490.919000
474.139000
455.389000
510.829000
477.712000
478.747000
462.698000
472.792000
466.840000
500.341000
498.485000
493.627000
519.190000
522.503000
489.338000
523.610000
498.284000
536.857000
527.429000
539.917000
501.697000
511.489000
504.671000
549.259000
528.332000
555.014000
534.898000
544.624000
541.896000
548.435000
543.478000
560.882000
527.120000
533.776000
530.133000
537.982000
542.768000
588.107000
549.877000
544.192000
536.921000
557.622000
544.840000
556.854000
551.733000
579.681000
576.735000
562.643000
555.806000
573.663000
563.544000
572.052000
569.504000
581.160000
569.124000
582.332000
572.427000
590.965000
577.114000
592.267000
583.501000
602.247000
587.742000
595.421000
590.688000
629.730000
639.524000
675.430000
638.858000
629.767000
606.953000
672.550000
654.642000
656.927000
662.191000
692.622000
680.410000
660.995000
625.569000
683.255000
14.035000
14.299000
15.293000
15.964000
16.966000
18.612000
18.727000
18.930000
19.982000
22.425000
21.154000
22.083000
24.216000
24.003000
25.292000
25.289000
28.741000
27.429000
28.571000
30.819000
30.652000
32.471000
33.638000
33.165000
33.675000
34.759000
38.784000
37.503000
37.766000
38.380000
40.358000
41.145000
42.380000
42.324000
43.907000
45.858000
45.760000
45.946000
47.817000
48.415000
48.600000
49.568000
51.769000
51.626000
52.395000
54.332000
54.892000
55.593000
57.183000
58.787000
58.849000
59.920000
60.415000
64.938000
66.067000
64.346000
64.131000
68.598000
70.181000
71.862000
72.629000
72.223000
73.695000
73.482000
76.050000
72.661000
72.929000
76.110000
75.655000
76.203000
78.210000
77.808000
79.193000
82.863000
102.463000
87.935000
91.072000
89.380000
89.296000
90.071000
89.499000
93.454000
91.870000
94.348000
92.942000
93.546000
94.682000
101.168000
96.711000
98.941000
101.756000
101.298000
100.642000
103.907000
103.567000
106.721000
105.746000
108.751000
116.309000
115.864000
115.948000
112.307000
112.823000
124.133000
122.344000
126.752000
123.535000
128.911000
121.458000
122.700000
121.371000
125.358000
125.420000
127.227000
127.609000
132.543000
130.629000
131.325000
132.697000
136.220000
158.260000
147.162000
144.802000
147.508000
145.913000
146.468000
147.821000
147.831000
159.908000
152.636000
149.263000
151.411000
153.115000
155.865000
158.036000
160.862000
160.624000
160.651000
161.025000
165.120000
167.309000
164.457000
164.468000
167.119000
174.973000
177.469000
178.130000
186.984000
189.450000
181.792000
179.473000
180.117000
179.863000
182.771000
182.812000
184.530000
185.170000
187.701000
205.809000
201.611000
192.240000
196.006000
198.403000
200.208000
194.899000
197.547000
212.386000
214.245000
217.513000
212.833000
213.582000
226.832000
212.774000
212.647000
214.780000
215.714000
215.364000
225.784000
231.136000
238.730000
222.972000
224.813000
231.422000
228.741000
226.706000
232.761000
244.367000
248.371000
231.669000
238.103000
238.087000
249.797000
252.117000
254.551000
249.330000
250.559000
243.868000
250.347000
246.895000
266.951000
257.942000
258.104000
256.313000
259.859000
258.295000
265.873000
260.878000
265.962000
264.044000
273.163000
268.352000
301.739000
287.588000
285.627000
285.705000
289.494000
289.338000
283.734000
279.914000
294.112000
304.868000
307.107000
288.916000
294.583000
320.226000
313.985000
318.874000
301.988000
311.157000
317.577000
311.665000
320.301000
319.842000
315.470000
315.794000
334.540000
332.091000
330.927000
323.903000
338.942000
329.830000
352.259000
334.704000
338.785000
347.507000
341.227000
334.363000
343.721000
336.862000
355.264000
346.195000
348.322000
339.100000
351.377000
346.102000
355.508000
384.160000
369.530000
359.377000
368.525000
375.487000
379.296000
366.475000
386.040000
369.465000
379.297000
371.551000
381.701000
369.895000
411.394000
408.159000
399.556000
386.905000
391.973000
386.956000
394.987000
439.690000
424.485000
406.641000
403.924000
395.340000
433.534000
425.300000
413.089000
412.414000
408.416000
408.038000
415.218000
406.558000
419.067000
415.141000
430.496000
422.636000
440.461000
438.649000
437.257000
431.673000
432.552000
429.366000
440.367000
440.246000
438.868000
434.420000
476.710000
440.173000
452.613000
441.761000
492.761000
472.826000
475.497000
451.844000
464.034000
455.316000
464.950000
463.891000
470.998000
468.711000
496.407000
471.933000
490.466000
488.132000
483.852000
481.145000
486.735000
485.146000
486.453000
491.961000
503.186000
498.205000
502.803000
533.474000
531.583000
530.723000
514.536000
514.800000
522.467000
511.468000
526.758000
544.015000
539.575000
552.069000
561.730000
539.312000
571.873000
536.447000
550.483000
542.888000
588.834000
543.140000
563.947000
574.903000
589.582000
595.915000
588.320000
558.836000
584.965000
553.654000
585.434000
563.397000
608.589000
592.063000
582.914000
595.648000
626.529000
609.699000
600.523000
619.797000
607.394000
600.080000
607.397000
595.651000
606.908000
602.061000
601.058000
598.526000
613.397000
604.072000
624.314000
599.055000
660.523000
626.610000
620.420000
614.260000
630.220000
618.556000
634.844000
621.784000
639.287000
630.725000
636.103000
13.640000
16.020000
14.525000
15.760000
15.861000
16.922000
18.120000
19.715000
18.873000
20.429000
21.486000
22.355000
23.022000
23.750000
24.409000
24.712000
25.628000
27.274000
26.968000
29.145000
29.701000
30.968000
31.287000
31.244000
32.654000
34.571000
34.901000
35.580000
35.752000
37.410000
37.508000
38.513000
39.771000
41.420000
41.288000
42.026000
43.280000
44.983000
46.973000
47.063000
46.801000
48.010000
50.703000
50.737000
50.967000
52.013000
51.566000
54.371000
55.544000
55.671000
56.693000
58.568000
58.750000
58.818000
60.721000
67.883000
65.429000
69.617000
71.618000
68.962000
68.773000
68.530000
68.725000
70.037000
70.599000
72.014000
72.016000
74.504000
74.398000
76.316000
78.528000
79.090000
84.935000
81.692000
84.007000
92.441000
88.520000
91.419000
94.361000
88.709000
87.314000
94.829000
94.862000
97.114000
99.164000
101.652000
106.265000
110.317000
101.984000
110.376000
115.567000
114.382000
109.011000
105.153000
111.719000
110.808000
108.124000
115.834000
114.722000
117.330000
118.187000
116.969000
118.406000
117.016000
116.335000
117.933000
118.846000
120.597000
122.727000
124.373000
129.485000
148.211000
137.542000
135.109000
135.118000
139.025000
148.720000
141.077000
139.754000
141.473000
144.315000
142.788000
138.642000
142.253000
142.248000
143.728000
143.018000
144.987000
145.361000
147.599000
149.155000
152.721000
153.571000
155.615000
153.231000
156.525000
159.648000
160.240000
163.735000
169.990000
168.932000
170.510000
171.728000
176.976000
173.594000
171.055000
170.542000
176.755000
176.808000
174.695000
174.957000
178.286000
178.611000
180.412000
183.848000
187.071000
201.237000
190.967000
188.690000
192.558000
189.220000
192.764000
192.826000
198.184000
199.512000
202.097000
201.508000
205.457000
204.115000
211.114000
205.958000
210.705000
214.751000
217.839000
217.297000
219.844000
217.172000
216.937000
222.027000
227.264000
220.169000
220.854000
221.956000
230.605000
228.218000
229.912000
227.212000
235.408000
237.597000
236.064000
236.035000
243.011000
256.939000
251.945000
258.748000
261.146000
261.058000
257.389000
244.834000
255.255000
251.302000
256.286000
253.325000
266.718000
260.544000
281.497000
273.009000
268.022000
263.953000
275.824000
283.522000
279.216000
277.698000
282.032000
284.788000
282.351000
278.860000
284.909000
287.035000
289.171000
281.720000
290.405000
286.465000
292.604000
290.013000
305.436000
310.368000
316.832000
307.532000
305.276000
312.522000
334.270000
321.700000
323.568000
329.063000
323.590000
335.428000
335.504000
329.260000
327.543000
339.160000
336.514000
332.344000
334.699000
326.566000
330.033000
332.904000
337.303000
333.459000
344.207000
337.755000
345.594000
343.478000
344.196000
360.509000
371.084000
353.973000
357.126000
355.889000
361.048000
358.228000
364.317000
358.456000
369.858000
364.080000
370.966000
375.128000
379.023000
375.356000
381.006000
376.454000
387.785000
379.312000
390.328000
386.780000
389.782000
387.814000
392.241000
388.798000
398.270000
393.731000
422.117000
408.311000
434.637000
416.534000
417.536000
426.319000
442.570000
420.241000
432.819000
441.725000
445.703000
433.223000
424.999000
445.743000
457.608000
426.568000
432.762000
430.761000
436.744000
463.473000
479.039000
467.596000
469.881000
472.457000
462.195000
470.150000
472.750000
475.366000
467.749000
463.497000
491.341000
472.612000
500.657000
485.979000
506.654000
493.774000
510.453000
477.330000
483.530000
474.395000
490.611000
482.104000
508.986000
512.562000
528.715000
507.346000
533.435000
530.236000
526.627000
521.335000
542.346000
502.554000
510.830000
507.646000
517.475000
519.893000
537.731000
537.794000
537.756000
528.830000
539.584000
553.567000
559.796000
586.265000
585.584000
536.233000
549.303000
531.365000
579.133000
559.190000
571.759000
581.517000
597.169000
572.555000
564.917000
548.560000
573.655000
598.179000
593.652000
593.986000
591.635000
586.994000
593.852000
601.351000
593.206000
602.487000
602.459000
606.700000
613.169000
612.219000
650.782000
633.449000
627.215000
624.927000
613.133000
596.419000
611.223000
600.457000
624.705000
605.213000
626.220000
638.357000
664.474000
655.394000
651.139000
622.791000
634.829000
622.911000
638.126000
12.947000
13.981000
14.290000
15.268000
15.981000
17.321000
17.528000
18.065000
18.994000
20.014000
21.288000
22.092000
22.822000
23.663000
24.833000
25.523000
25.489000
26.880000
27.314000
29.516000
29.784000
31.457000
32.003000
31.725000
32.321000
33.188000
34.594000
35.641000
36.550000
39.217000
39.860000
40.534000
42.922000
42.716000
43.168000
44.263000
44.990000
46.790000
47.628000
47.939000
49.188000
50.404000
50.791000
52.271000
52.563000
54.148000
56.289000
55.423000
61.130000
58.114000
60.205000
60.031000
60.457000
62.378000
63.580000
65.016000
64.957000
66.824000
67.107000
69.722000
69.360000
68.876000
69.243000
70.124000
71.051000
71.842000
72.676000
74.096000
74.861000
75.841000
77.522000
79.308000
79.002000
81.880000
84.157000
84.012000
83.292000
85.109000
85.246000
87.108000
88.005000
88.282000
92.641000
95.034000
93.013000
96.992000
95.544000
97.444000
99.648000
99.159000
98.446000
102.810000
101.401000
104.088000
105.199000
105.923000
107.156000
107.623000
108.771000
112.246000
109.382000
114.515000
113.967000
115.818000
115.276000
136.399000
117.279000
121.892000
119.032000
123.129000
125.413000
127.081000
127.279000
130.327000
130.680000
130.998000
131.882000
134.168000
135.125000
139.730000
137.962000
138.887000
140.215000
143.279000
139.954000
144.317000
142.759000
147.108000
145.385000
147.906000
148.450000
150.981000
151.222000
158.137000
155.654000
155.697000
157.866000
160.134000
157.983000
163.186000
162.936000
165.675000
163.110000
168.604000
165.903000
175.549000
179.686000
187.011000
177.908000
174.990000
180.006000
183.484000
193.955000
192.097000
192.362000
196.715000
195.389000
197.483000
188.897000
195.400000
190.675000
204.329000
204.445000
212.612000
199.350000
205.079000
199.999000
205.375000
201.790000
205.385000
244.465000
229.700000
223.752000
223.553000
213.273000
217.940000
220.290000
223.004000
219.848000
224.909000
221.467000
224.142000
231.953000
246.497000
236.470000
244.665000
241.868000
235.803000
233.962000
242.469000
234.823000
268.463000
252.210000
256.948000
254.001000
252.638000
250.775000
248.290000
247.068000
252.674000
253.787000
256.052000
257.385000
261.433000
259.454000
262.270000
261.461000
268.324000
265.919000
269.266000
270.198000
274.979000
274.180000
277.006000
273.337000
281.404000
276.950000
284.182000
282.441000
290.205000
284.469000
290.185000
288.614000
298.372000
293.640000
300.306000
302.208000
308.798000
301.630000
303.363000
305.000000
309.795000
308.035000
312.353000
330.132000
336.978000
322.961000
341.450000
332.677000
349.696000
329.655000
336.544000
329.416000
330.632000
325.056000
347.744000
347.383000
346.245000
334.695000
339.757000
338.280000
359.155000
366.367000
371.578000
357.711000
397.182000
376.218000
358.143000
354.965000
368.334000
363.491000
376.080000
355.632000
368.297000
364.346000
374.837000
420.730000
397.705000
408.423000
404.137000
376.583000
389.224000
387.567000
397.634000
405.966000
410.606000
418.864000
422.335000
397.161000
422.762000
399.257000
410.276000
396.346000
442.472000
430.546000
419.333000
407.360000
420.834000
413.302000
418.556000
412.947000
475.051000
455.512000
429.152000
418.818000
450.474000
448.201000
455.475000
429.453000
438.723000
437.036000
448.393000
466.732000
457.785000
453.589000
456.623000
447.061000
479.452000
468.872000
462.731000
459.736000
500.934000
501.478000
476.255000
466.584000
478.059000
470.281000
477.905000
467.669000
505.937000
499.808000
535.941000
481.139000
525.602000
533.331000
523.405000
494.045000
506.044000
501.943000
524.283000
532.241000
531.770000
525.935000
514.913000
513.972000
549.070000
534.928000
548.122000
554.171000
542.893000
550.798000
528.914000
534.927000
551.360000
558.317000
542.361000
555.592000
547.927000
533.848000
547.282000
571.481000
582.431000
544.388000
582.077000
571.513000
585.820000
589.466000
601.687000
567.834000
581.483000
564.536000
618.059000
608.181000
625.382000
588.771000
579.433000
573.909000
584.941000
580.954000
587.912000
584.697000
600.247000
607.203000
604.306000
617.755000
625.795000
597.814000
610.045000
606.208000
617.875000
603.930000
618.729000
609.096000
627.120000
626.241000
629.254000
622.572000
637.791000
672.779000
654.378000
13.275000
12.886000
14.527000
15.302000
16.123000
16.862000
17.811000
18.634000
19.725000
20.845000
22.471000
22.732000
23.156000
24.635000
25.628000
25.558000
26.963000
28.111000
29.209000
29.947000
30.362000
34.153000
33.391000
31.848000
33.724000
34.391000
34.755000
35.674000
36.310000
38.693000
39.350000
40.189000
40.639000
41.178000
41.528000
41.920000
42.822000
45.395000
46.508000
47.122000
47.038000
50.408000
50.053000
51.479000
49.929000
51.741000
54.491000
54.697000
56.065000
57.617000
60.636000
58.944000
59.365000
61.681000
63.187000
62.893000
62.162000
64.744000
68.673000
66.475000
65.905000
71.121000
70.673000
71.245000
71.550000
71.235000
72.787000
74.744000
75.726000
76.252000
78.160000
78.950000
97.373000
81.385000
82.614000
99.653000
89.923000
92.340000
88.814000
89.745000
91.507000
110.979000
92.363000
97.153000
94.316000
98.517000
96.014000
96.729000
98.387000
98.063000
98.826000
99.918000
99.878000
108.414000
106.754000
116.178000
108.145000
120.075000
115.655000
117.337000
109.955000
112.404000
111.846000
114.093000
116.366000
120.361000
118.856000
123.356000
121.287000
122.507000
124.342000
127.752000
127.031000
128.761000
134.878000
136.816000
133.419000
137.134000
137.367000
141.720000
166.699000
148.810000
144.283000
153.805000
152.895000
150.156000
150.956000
154.393000
152.928000
155.998000
156.494000
158.453000
158.917000
162.605000
163.169000
165.630000
163.537000
168.352000
165.676000
165.837000
161.595000
164.192000
165.445000
168.252000
165.226000
172.993000
170.026000
174.141000
171.917000
200.799000
185.238000
187.337000
191.219000
196.028000
188.000000
193.285000
194.249000
200.594000
191.969000
194.645000
201.184000
203.677000
205.436000
204.663000
199.887000
200.334000
204.396000
207.585000
205.936000
208.435000
205.539000
211.076000
209.481000
215.575000
214.228000
221.133000
220.442000
223.126000
216.525000
223.063000
221.607000
240.942000
224.710000
225.777000
277.117000
251.026000
245.825000
244.769000
236.679000
238.164000
236.802000
240.213000
239.219000
254.577000
252.539000
251.934000
247.208000
250.896000
247.139000
255.150000
252.176000
259.044000
253.930000
265.932000
270.827000
275.259000
267.556000
269.635000
299.148000
290.643000
268.457000
281.239000
275.365000
281.028000
280.217000
286.433000
285.664000
290.283000
287.075000
293.674000
283.414000
289.569000
300.250000
316.712000
313.518000
314.588000
300.933000
311.643000
310.087000
304.447000
314.920000
319.482000
322.857000
332.617000
314.920000
333.174000
328.077000
333.464000
326.223000
325.075000
326.208000
335.675000
346.182000
338.981000
355.543000
355.586000
359.399000
357.196000
333.143000
341.694000
338.505000
343.651000
340.285000
343.548000
341.689000
351.755000
349.068000
355.829000
355.401000
379.674000
374.768000
366.065000
358.202000
365.529000
361.491000
368.855000
371.666000
390.329000
397.397000
389.192000
375.722000
385.542000
375.677000
387.074000
385.358000
393.432000
384.708000
391.839000
388.000000
410.226000
413.063000
412.913000
402.737000
409.149000
404.145000
406.555000
404.062000
416.501000
410.182000
420.399000
415.171000
431.796000
423.519000
438.415000
435.744000
438.676000
436.663000
444.521000
433.657000
440.410000
431.753000
441.947000
437.238000
450.478000
468.464000
462.092000
450.263000
530.884000
476.781000
466.708000
453.389000
468.231000
458.697000
470.654000
464.168000
474.963000
467.997000
471.596000
469.963000
480.302000
472.062000
482.934000
481.811000
491.342000
484.986000
518.991000
514.954000
516.530000
516.461000
518.024000
522.017000
520.720000
547.031000
546.769000
528.869000
552.660000
514.140000
524.518000
547.075000
552.612000
526.796000
560.728000
531.593000
541.692000
529.004000
547.813000
541.344000
543.261000
533.999000
539.366000
580.316000
587.497000
576.561000
609.983000
623.586000
608.998000
563.362000
589.832000
560.976000
571.335000
571.134000
571.365000
591.607000
591.944000
650.184000
606.198000
605.372000
619.192000
594.362000
591.996000
586.001000
596.633000
587.883000
598.967000
597.283000
605.680000
595.686000
618.368000
606.527000
618.250000
612.505000
613.756000
632.107000
635.110000
628.261000
632.872000
615.210000
634.940000
624.032000
647.424000
