-36.452080
-48.515671
-66.745846
-37.878114
-40.890766
-50.397595
-14.350729
-33.424854
-43.702534
-43.700337
-14.193383
-13.876673
-13.294157
-12.690296
-11.775678
-10.664481
-10.158925
-9.991287
-9.916518
-9.812442
-9.645816
-9.470415
-9.337144
-9.048851
-8.332094
-7.806288
-7.570540
-7.702603
-7.130073
-6.020057
-5.161548
-4.491794
-4.060691
-3.895286
-3.932950
-3.826343
-3.738354
-3.719124
-3.656185
-3.523183
-3.255049
-3.063051
-2.857121
-2.499189
-2.141316
-1.973111
-1.898904
-1.864066
-1.838060
-1.804578
-1.758407
-1.693078
-1.603915
-1.499992
-1.439344
-1.447455
-1.419552
-1.391821
-1.346676
-1.282916
-1.229647
-1.366268
-1.190796
-1.360824
-1.154585
-1.120470
-1.095291
-1.083055
-1.076722
-1.070900
-1.065511
-1.060173
-1.054865
-1.050092
-1.046473
-1.042640
-16.212332
-16.139594
-16.910106
-3.996508
-3.982326
-3.988454
-3.986397
-3.989753
-3.980022
-3.980150
-3.984376
-3.980930
-3.982007
-3.981767
-3.981421
-3.983080
-3.980642
-3.983701
-3.980999
-3.981958
-3.980446
-3.982263
-3.981311
-3.981050
-3.981554
-3.981285
-3.980354
-3.982537
-3.981263
-3.981006
-3.981231
-3.980066
-3.980627
-3.980117
-3.980698
-3.980720
-3.980719
-3.980730
-3.981021
-3.980693
-3.980535
-3.980904
-3.980687
-3.980741
-3.980608
-3.980704
-3.980708
-3.980743
-3.980632
-3.980691
-3.980479
-3.980743
-3.980636
-3.980779
-3.980579
-3.980744
-3.980634
-3.980793
-3.980759
-3.980778
-3.980817
-3.980790
-3.980792
-3.980797
-3.980853
-3.980787
-3.980817
-3.980845
-3.980813
-3.980755
-3.980911
-3.980876
-3.980944
-3.980927
-3.980920
-3.980933
-3.980925
-3.980966
-3.980984
-3.980938
-3.981024
-3.980981
-3.980954
-3.981060
-3.981011
-3.981041
-3.980996
-3.981086
-3.981142
-3.981121
-3.981086
-3.981110
-3.981178
-3.981132
-3.981126
-3.981147
-3.981153
-3.981169
-3.981151
-3.981190
-3.981183
-3.981203
-3.981205
-3.981325
-3.981207
-3.981237
-3.981236
-3.981247
-3.981234
-3.981201
-3.981344
-3.981259
-3.981343
-3.981315
-3.981318
-3.981293
-3.981280
-3.981401
-3.981367
-3.981276
-3.981395
-3.981337
-3.981437
-3.981438
-3.981378
-3.981402
-3.981383
-3.981428
-3.981385
-3.981459
-3.981482
-3.981472
-3.981433
-3.981495
-3.981469
-3.981516
-3.981445
-3.981573
-3.981497
-3.981392
-3.981806
-3.981474
-3.981341
-3.981353
-3.981582
-3.982137
-3.981335
-3.981398
-3.981370
-3.981479
-3.981408
-3.981465
-3.981613
-3.982227
-3.981331
-3.981340
-3.981342
-3.981574
-3.981502
-3.981475
-3.982309
-3.981344
-3.981313
-3.981379
-3.981353
-3.981608
-3.981508
-3.982425
-3.981357
-3.981350
-3.981480
-3.981475
-3.981511
-3.982495
-3.981478
-3.981320
-3.981347
-3.981421
-3.981388
-3.981595
-3.982529
-3.981364
-3.981381
-3.981351
-3.981533
-3.981529
-3.981488
-3.981712
-3.981548
-3.982637
-3.981400
-3.981350
-3.981393
-3.981487
-3.981605
-3.981616
-3.981581
-3.982711
-3.981532
-3.981397
-3.981407
-3.981586
-3.981455
-3.981571
-3.982655
-3.981497
-3.981310
-3.981486
-3.981471
-3.981690
-3.981349
-3.981755
-3.982577
-3.981680
-3.981409
-3.981231
-3.981471
-3.982733
-3.981424
-3.981390
-3.981460
-3.981435
-3.981677
-3.981312
-3.981697
-3.982830
-3.981089
-3.981331
-3.981578
-3.981329
-3.981588
-3.981507
-3.981401
-3.981784
-3.982883
-3.981514
-3.980973
-3.981328
-3.981683
-3.981891
-3.981977
-3.981962
-3.982110
-3.980766
-3.982787
-3.981262
-3.981398
-3.981398
-3.980825
-3.981255
-3.981780
-3.982137
-3.982180
-3.981333
-3.981623
-3.982218
-3.982631
-3.982594
-3.980458
-3.981631
-3.980546
-3.980379
-3.980554
-3.981910
-3.981308
-3.982628
-3.980735
-3.981939
-3.982156
-3.980670
-3.980390
-3.980698
-3.980948
-3.980722
-3.981753
-3.982280
-3.982111
-3.982114
-3.983076
-3.980840
-3.980708
-3.982145
-3.980704
-3.982289
-3.982516
-3.980292
-3.980495
-3.980656
-3.981489
-3.981459
-3.982040
-3.980672
-3.980732
-3.981405
-3.980728
-3.982554
-3.982327
-3.982683
-3.982595
-3.980228
-3.982196
-3.980292
-3.980317
-3.980299
-3.980898
-3.981939
-3.981836
-3.980635
-3.982270
-3.982594
-3.982618
-3.980244
-3.980311
-3.982098
-3.981717
-3.980273
-3.982421
-3.980288
-3.980719
-3.981024
-3.982595
-3.982641
-3.982067
-3.980220
-40.943029
-31.823901
-27.174049
-51.546247
-57.111395
-27.811268
-68.134024
-36.831568
-42.601987
-19.540871
-27.117467
-27.863117
-19.510079
-26.950574
-27.579804
-22.032110
-19.768739
-19.049303
-19.136835
-26.511920
-19.113478
-18.592455
-17.039970
-15.189682
-26.148590
-14.205583
-13.224304
-11.363774
-10.565145
-9.916300
-9.613122
-9.527277
-9.439413
-9.247682
-8.858999
-23.537721
-21.374186
-35.008823
-32.293546
-12.857442
-12.791600
-12.608533
-18.143535
-18.105192
-18.143086
-12.024883
-10.898130
-18.124424
-9.627854
-8.747039
-8.136912
-7.667523
-7.420573
-7.518587
-7.190932
-6.809684
-6.816531
-6.646926
-6.333385
-6.068117
-6.051320
-6.026352
-5.972763
-5.826078
-5.348906
-4.873401
-4.518829
-4.208064
-3.945294
-3.831456
-3.832596
-3.829056
-3.816491
-3.798886
-3.779507
-3.754974
-3.763696
-3.714235
-3.667687
-3.618495
-3.594032
-3.590510
-3.585522
-3.576606
-3.552014
-3.508517
-3.421250
-3.319008
-3.272523
-3.271692
-3.272620
-3.272423
-3.269721
-3.268647
-3.267195
-3.266651
-3.266218
-3.264219
-3.263225
-3.262716
-3.263036
-3.262098
-3.262046
-3.261169
-3.261624
-3.261624
-3.261658
-3.260133
-3.260169
-3.259977
-3.259879
-3.259877
-3.259301
-3.259909
-3.259877
-3.259872
-3.259877
-3.259879
-3.259877
-3.259877
-3.258973
-3.258941
-3.258898
-3.259879
-3.259878
-3.258906
-3.258886
-3.258774
-3.259981
-3.259410
-3.259876
-3.259410
-3.259068
-3.137329
-3.067108
-3.038587
-3.029034
-3.027349
-3.027595
-3.025867
-3.026239
-3.031514
-3.023139
-3.020634
-3.013996
-3.009812
-3.006139
-3.018055
-3.019430
-3.018003
-3.000471
-2.997225
-2.995120
-2.994416
-2.994474
-3.015779
-3.015216
-3.015189
-2.991236
-2.991059
-2.991168
-2.991099
-2.991124
-2.991069
-2.990978
-2.989166
-2.990906
-2.990405
-2.988246
-2.988026
-2.987830
-2.987706
-2.987562
-2.987308
-2.987213
-2.986785
-2.986639
-2.986572
-2.987739
-2.986534
-2.986409
-2.986338
-2.986330
-2.986324
-2.986290
-2.986713
-2.986269
-2.986218
-2.986276
-2.986399
-2.986524
-2.986383
-2.986212
-2.986240
-2.986509
-2.986510
-2.986223
-2.986482
-2.986132
-2.986258
-2.986129
-2.986343
-2.986338
-2.986061
-2.986309
-2.986109
-2.986055
-2.985984
-2.986116
-2.986131
-2.986105
-2.985889
-2.986007
-2.985884
-2.985973
-2.985927
-2.985545
-2.986302
-2.985461
-2.985452
-2.985535
-2.985540
-2.985552
-2.985554
-2.985621
-2.985581
-2.985482
-2.985653
-2.985578
-2.985371
-2.985371
-2.985824
-2.985377
-2.985498
-2.985516
-2.985398
-2.985775
-2.985483
-2.985495
-2.985459
-2.985403
-2.985388
-2.985478
-2.985545
-2.985400
-2.985461
-2.985691
-2.985457
-2.985693
-2.985402
-2.985454
-2.985515
-2.985446
-2.985465
-2.985408
-2.985433
-2.985649
-2.985481
-2.985422
-2.985410
-2.985609
-5.336894
-2.985743
-5.548265
-2.985810
-2.985792
-2.985836
-2.985750
-2.985877
-2.985861
-6.272914
-3.999197
-3.996201
-3.990739
-4.003014
-4.000858
-3.979884
-3.979867
-3.979874
-3.980903
-3.981253
-3.980690
-3.980722
-3.980923
-3.981132
-3.981002
-3.981236
-3.981197
-3.981028
-3.981194
-3.981018
-3.981445
-3.981206
-3.981138
-3.980942
-3.981263
-3.981168
-3.980945
-3.981235
-3.981234
-3.981182
-3.981567
-3.980952
-3.981040
-3.981265
-3.981476
-3.980963
-3.981528
-3.981126
-3.981331
-3.980965
-3.981276
-3.981490
-3.981145
-3.981499
-3.980888
-3.981064
-3.981119
-3.981521
-3.981395
-3.981137
-3.980935
-3.981162
-3.981170
-3.981224
-3.980907
-3.981266
-3.981104
-3.981118
-3.980847
-3.981371
-3.981115
-3.981116
-3.981182
-3.980792
-3.981213
-3.981019
-3.981103
-3.981189
-3.980745
-3.981179
-3.980974
-3.981110
-3.981130
-3.981063
-3.980698
-3.981035
-3.980586
-3.980928
-3.981023
-3.981161
-3.981207
-3.981111
-3.981308
-3.981133
-3.980685
-3.981195
-3.981057
-3.980999
-3.981088
-3.980643
-3.981016
-3.981163
-3.980605
-3.981000
-3.981067
-3.980961
-3.981411
-3.981165
-3.980753
-3.981004
-3.980566
-3.981067
-3.980979
-3.981133
-3.980558
-3.980968
-3.981023
-3.980948
-3.981101
-3.980544
-3.980898
-3.981178
-3.980533
-3.981039
-3.980975
-3.980967
-3.981123
-3.980933
-3.980925
-3.980996
-3.980569
-3.981036
-3.980926
-3.980988
-3.980486
-3.980900
-3.981012
-3.981082
-3.980891
-58.191634
-45.331606
-35.046164
-49.387506
-67.088064
-47.664678
-32.046820
-52.700149
-46.244338
-36.123653
-32.046837
-31.886340
-30.952135
-29.322174
-27.949175
-26.705379
-25.499454
-24.077259
-22.864514
-21.872629
-21.079270
-20.509976
-20.105652
-20.111279
-19.949913
-19.553784
-19.075222
-18.928531
-18.971759
-18.684322
-17.646725
-16.713770
-15.715814
-14.597505
-13.358375
-12.151266
-11.126797
-10.510629
-10.428238
-10.350100
-10.222578
-9.882023
-9.646426
-9.515464
-9.377560
-9.230188
-9.196071
-9.130900
-8.937661
-8.234685
-7.408422
-6.612977
-6.000831
-5.406116
-5.015403
-4.895989
-4.911563
-4.869535
-4.825346
-4.713993
-4.523240
-4.430207
-4.391985
-4.356816
-4.295662
-4.144031
-3.771185
-3.454482
-3.251579
-3.095197
-3.045057
-3.046206
-3.032340
-3.011901
-2.981307
-2.933048
-2.881649
-2.850729
-2.841497
-18.027485
-18.148610
-3.993420
-3.995283
-3.988559
-3.994626
-3.992356
-3.985891
-3.985322
-3.984215
-3.985562
-3.984592
-3.985298
-3.984938
-3.985105
-3.985705
-3.984348
-3.984955
-3.984974
-3.984720
-3.984547
-3.984892
-3.984210
-3.984463
-3.984351
-3.984646
-3.984263
-3.984476
-3.984357
-3.984801
-3.984220
-3.983983
-3.984147
-3.984122
-3.983877
-3.983822
-3.983161
-3.983365
-3.983740
-3.983390
-3.983472
-3.983381
-3.983321
-3.983296
-3.983443
-3.983347
-3.982833
-3.983097
-3.983148
-3.982922
-3.982689
-3.982792
-3.982754
-3.982662
-3.982625
-3.982589
-3.982362
-3.982632
-3.982174
-3.982199
-3.982346
-3.981954
-3.982441
-3.982158
-3.982066
-3.981985
-3.981931
-3.981924
-3.981683
-3.981854
-3.981639
-3.981576
-3.981724
-3.981755
-3.981810
-3.981611
-3.981386
-3.981545
-3.981370
-3.981498
-3.981384
-3.981554
-3.981453
-3.981181
-3.981301
-3.981286
-3.981244
-3.981216
-3.981175
-3.981024
-3.981266
-3.981143
-3.980791
-3.981104
-3.981045
-3.981102
-3.980933
-3.980939
-3.980947
-3.981119
-3.980985
-3.980746
-3.980938
-3.981026
-3.980950
-3.980935
-3.980882
-3.980788
-3.980901
-3.980942
-3.980880
-3.980768
-3.980762
-3.980680
-3.980799
-3.980833
-3.980771
-3.980631
-3.980740
-3.980763
-3.980689
-3.980687
-3.980710
-3.980733
-3.980642
-3.980586
-3.980658
-3.980551
-3.980797
-3.980639
-3.980536
-3.980669
-3.980653
-3.980546
-3.980538
-3.980590
-3.980519
-3.980537
-3.980605
-3.980531
-3.980557
-3.980530
-3.980515
-3.980508
-3.980520
-3.980536
-3.980588
-3.980427
-3.980511
-3.980489
-3.980510
-3.980447
-3.980539
-3.980427
-3.980509
-3.980430
-3.980483
-3.980467
-3.980424
-3.980438
-3.980414
-3.980447
-3.980434
-3.980432
-3.980412
-3.980409
-3.980460
-3.980424
-3.980419
-3.980324
-3.980373
-3.980466
-3.980460
-3.980670
-3.980484
-3.980347
-3.980386
-3.980362
-3.980543
-3.980346
-3.980338
-3.980441
-3.980484
-3.980372
-3.980389
-3.980348
-3.980367
-3.980470
-3.980375
-3.980427
-3.980427
-3.980367
-3.980334
-3.980307
-3.980344
-3.980545
-3.980388
-3.980236
-3.980329
-3.980410
-3.980366
-3.980355
-3.980356
-3.980125
-3.980315
-3.980400
-3.980388
-3.980428
-3.980299
-3.980561
-3.980545
-3.980525
-3.980312
-3.980331
-3.980358
-3.980338
-3.980416
-3.980338
-3.980324
-3.980622
-3.980337
-3.980383
-3.980341
-3.980338
-3.980506
-3.980522
-3.980588
-3.980831
-3.980352
-3.980454
-3.980289
-3.980570
-3.980491
-3.980513
-3.980525
-3.980518
-3.980514
-3.980539
-3.980478
-3.980492
-3.980508
-3.980414
-3.980474
-3.980545
-3.980456
-3.980542
-3.980512
-3.980518
-3.980531
-3.980454
-3.980495
-3.980491
-3.980501
-3.980460
-3.980525
-3.980513
-3.980478
-3.980472
-3.980491
-3.980481
-3.980528
-3.980473
-3.980542
-3.980491
-3.980519
-3.980504
-3.980539
-3.980514
-3.980521
-3.980508
-3.980463
-3.980539
-3.980531
-3.980491
-3.980525
-3.980514
-3.980535
-3.980559
-3.980537
-3.980539
-3.980573
-3.980528
-3.980561
-3.980585
-3.980579
-3.980583
-3.980556
-3.980569
-3.980578
-3.980583
-3.980583
-3.980596
-3.980576
-3.980591
-3.980609
-3.980602
-3.980623
-3.980602
-3.980574
-3.980613
-3.980611
-3.980644
-3.980616
-3.980595
-3.980616
-3.980638
-3.980642
-3.980613
-3.980612
-3.980658
-3.980653
-3.980661
-3.980651
-3.980646
-3.980668
-3.980657
-3.980653
-3.980685
-3.980659
-3.980643
-3.980653
-31.324662
-49.445239
-27.032704
-66.839280
-39.332313
-49.731436
-40.461861
-37.459697
-63.195432
-29.485263
-27.027656
-26.921360
-26.442520
-25.320842
-24.246820
-23.091831
-22.008936
-20.988065
-20.044020
-19.184993
-18.518790
-18.631455
-17.698982
-16.804404
-16.392263
-16.543901
-15.615193
-13.349980
-11.814742
-10.367363
-9.094225
-8.048617
-7.142198
-6.916725
-6.853364
-6.532183
-6.152086
-6.903024
-5.750784
-5.192752
-4.668334
-4.599406
-18.463735
-18.324967
-18.169354
-18.393770
-17.666486
-17.380224
-17.196860
-17.115293
-17.519140
-19.461828
-32.225527
-20.519182
-24.399784
-50.624129
-4.558662
-22.232772
-23.286804
-3.988350
-3.988350
-3.988060
-3.985819
-3.989317
-3.984580
-3.983709
-3.983630
-3.985257
-3.982593
-3.984299
-3.983374
-3.983019
-3.983352
-3.983653
-3.982833
-3.983352
-3.983083
-3.983118
-3.982979
-3.982957
-3.983581
-3.983035
-3.982865
-3.982298
-3.983471
-3.982902
-3.982535
-3.982976
-3.982674
-3.982574
-3.982674
-3.982201
-3.982895
-3.982480
-3.982090
-3.982175
-3.982623
-3.981926
-3.982724
-3.981973
-3.981950
-3.982138
-3.981901
-3.981944
-3.981833
-3.981890
-3.981828
-3.981965
-3.981754
-3.981839
-3.981614
-3.981887
-3.981574
-3.981603
-3.981716
-3.981495
-3.981532
-3.981577
-3.981357
-3.981524
-3.981394
-3.981416
-3.981314
-3.981438
-3.981263
-3.981383
-3.981361
-3.981269
-3.981379
-3.981160
-3.981218
-3.981168
-3.981109
-3.981219
-3.981268
-3.981109
-3.981132
-3.981030
-3.981009
-3.981023
-3.981010
-3.981031
-3.981010
-3.980919
-3.980912
-3.980935
-3.980865
-3.980868
-3.980887
-3.980851
-3.980888
-3.981047
-3.980766
-3.980815
-3.980790
-3.980806
-3.980714
-3.980785
-3.980724
-3.980864
-3.980761
-3.980702
-3.980679
-3.980695
-3.980747
-3.980632
-3.980702
-3.980637
-3.980646
-3.980664
-3.980563
-3.980645
-3.980631
-3.980605
-3.980599
-3.980573
-3.980598
-3.980571
-3.980598
-3.980550
-3.980528
-3.980562
-3.980631
-3.980497
-3.980464
-3.980553
-3.980501
-3.980517
-3.980489
-3.980534
-3.980487
-3.980493
-3.980480
-3.980479
-3.980516
-3.980462
-3.980474
-3.980483
-3.980465
-3.980452
-3.980450
-3.980448
-3.980412
-3.980527
-3.980394
-3.980430
-3.980530
-3.980678
-3.980400
-3.980474
-3.980366
-3.980409
-3.980394
-3.980392
-3.980400
-3.980375
-3.980400
-3.980392
-3.980401
-3.980380
-3.980353
-3.980360
-3.980376
-3.980380
-3.980407
-3.980352
-3.980426
-3.980351
-3.980386
-3.980357
-3.980348
-3.980368
-3.980338
-3.980335
-3.980354
-3.980334
-3.980338
-3.980361
-3.980422
-3.980345
-3.980508
-3.980333
-3.980328
-3.980403
-3.980330
-3.980372
-3.980333
-3.980379
-3.980287
-3.980348
-3.980337
-3.980368
-3.980352
-3.980334
-3.980359
-3.980349
-3.980359
-3.980340
-3.980373
-3.980339
-3.980328
-3.980358
-3.980353
-3.980332
-3.980365
-3.980354
-3.980357
-3.980355
-3.980355
-3.980311
-3.980370
-3.980354
-3.980355
-3.980395
-3.980355
-3.980335
-3.980364
-3.980375
-3.980375
-3.980368
-3.980369
-3.980378
-3.980372
-3.980363
-3.980395
-3.980361
-3.980374
-3.980388
-3.980384
-3.980394
-3.980383
-3.980415
-3.980369
-3.980344
-3.980388
-3.980452
-3.980400
-3.980399
-3.980415
-3.980398
-3.980401
-3.980387
-3.980436
-3.980402
-3.980385
-3.980412
-3.980372
-3.980397
-3.980420
-3.980429
-3.980421
-3.980417
-3.980378
-3.980422
-3.980457
-3.980427
-3.980403
-3.980434
-3.980414
-3.980438
-3.980402
-3.980414
-3.980433
-3.980451
-3.980424
-3.980434
-3.980447
-3.980476
-3.980438
-3.980430
-3.980480
-3.980464
-3.980484
-3.980431
-3.980431
-3.980443
-3.980486
-3.980439
-3.980435
-3.980519
-3.980502
-3.980459
-3.980528
-3.980456
-3.980478
-3.980467
-3.980466
-3.980462
-3.980512
-3.980536
-3.980538
-3.980481
-3.980527
-3.980494
-3.980513
-3.980487
-3.980527
-3.980501
-3.980500
-3.980520
-3.980531
-3.980517
-3.980571
-3.980469
-3.980544
-3.980527
-3.980575
-3.980544
-3.980544
-3.980541
-3.980529
-3.980537
-3.980553
-3.980530
-3.980576
-3.980560
-3.980551
-3.980565
-3.980566
-3.980570
-3.980571
-3.980582
-3.980573
-3.980579
-3.980588
-3.980579
-3.980589
-3.980594
-3.980584
-3.980587
-3.980620
-3.980601
-3.980585
-3.980617
-3.980581
-3.980596
-3.980629
-3.980603
-3.980622
-3.980606
-36.474729
-44.210219
-37.897268
-27.621305
-28.511101
-49.782874
-33.052273
-38.947326
-37.651334
-39.963866
-28.683091
-27.543347
-26.197574
-24.717257
-23.302224
-22.070281
-27.867373
-20.777459
-19.658052
-18.674823
-17.836479
-17.133517
-16.553386
-16.094095
-15.794718
-15.424777
-14.498819
-13.295476
-12.822894
-12.036874
-25.596328
-24.586979
-25.531396
-24.353625
-22.866107
-23.132351
-22.926912
-22.360124
-21.208713
-19.862496
-18.372219
-16.848695
-15.355377
-13.934806
-12.617917
-11.422421
-10.357783
-9.427504
-8.628929
-8.099012
-7.647484
-7.529470
-7.590996
-7.356947
-6.917162
-6.666480
-6.729552
-6.517073
-6.130899
-5.655967
-5.457038
-5.484374
-5.405339
-5.311533
-5.166579
-5.001891
-4.983990
-5.274656
-4.772418
-4.705649
-4.710442
-4.703435
-4.698145
-4.678172
-4.646881
-12.839621
-12.590008
-4.589121
-12.120276
-4.484995
-4.401576
-11.913889
-11.867368
-4.346707
-11.859462
-11.856168
-11.854484
-19.804059
-5.333196
-5.289953
-5.213066
-5.134797
-5.108553
-5.125881
-5.191877
-4.900616
-4.645410
-4.288798
-3.963995
-3.888390
-3.878102
-3.874643
-3.859500
-3.837203
-3.802653
-3.752404
-3.705358
-3.647790
-3.547373
-3.400157
-3.344704
-3.353756
-3.333970
-3.317986
-3.291432
-3.261677
-3.259147
-3.257766
-3.257400
-3.257019
-3.256954
-3.257238
-3.256804
-3.257764
-3.256618
-3.257098
-3.256917
-3.258035
-3.256712
-3.257322
-3.258247
-3.257604
-3.256653
-3.257761
-3.258348
-3.257022
-3.256270
-3.256440
-3.258050
-3.257179
-3.257795
-3.171664
-3.102566
-3.060159
-3.041795
-3.031714
-3.024580
-3.021967
-3.021318
-3.021547
-3.024790
-3.019986
-3.020318
-3.011755
-3.010039
-3.018962
-3.017197
-3.019177
-3.004311
-3.016377
-3.000379
-3.015765
-2.997411
-2.995569
-3.016062
-2.993317
-2.991996
-2.991316
-2.990773
-2.990713
-2.990820
-2.990924
-2.991022
-2.991068
-2.989316
-2.988981
-2.988987
-2.988953
-2.989001
-2.989034
-2.988489
-2.988750
-2.988466
-2.988451
-2.988576
-2.988315
-2.988415
-2.987474
-2.988397
-2.987070
-2.987097
-2.986771
-2.986632
-2.987103
-2.987071
-2.987154
-2.986704
-2.986620
-2.986209
-2.986168
-2.986517
-2.986534
-2.986630
-2.986143
-2.986129
-2.986560
-2.986166
-2.986383
-2.986382
-2.986125
-2.986307
-2.986678
-2.985987
-2.986180
-2.986280
-2.986469
-2.986094
-2.986094
-2.986238
-2.986230
-2.986315
-2.986077
-2.986174
-2.986050
-2.986148
-2.986056
-2.986247
-2.986034
-2.986006
-2.986100
-2.986178
-2.986124
-2.985971
-2.986134
-2.985921
-2.985942
-2.985963
-2.985887
-2.985884
-2.985953
-2.985889
-2.985881
-2.985840
-2.985805
-2.985689
-2.985783
-2.985778
-2.985357
-2.985351
-2.985929
-2.985476
-2.985344
-2.985577
-2.985564
-2.985321
-2.985797
-2.985300
-2.985321
-2.985486
-2.985205
-2.985450
-2.985602
-2.985355
-2.985374
-2.985400
-2.985307
-2.985776
-2.985406
-2.985456
-2.985361
-2.985388
-2.985330
-2.985497
-2.985557
-2.985545
-2.985393
-2.985478
-2.985384
-2.985698
-2.985365
-2.985613
-2.985365
-2.985433
-2.985387
-2.985432
-2.985453
-2.985342
-2.985336
-2.985868
-2.985510
-2.985487
-2.985443
-2.985453
-2.985483
-2.985363
-2.985458
-2.985487
-2.985379
-2.985427
-2.985352
-2.985348
-2.985447
-2.985386
-2.985461
-2.985428
-2.985550
-2.985390
-2.985435
-2.985431
-2.985434
-2.985413
-2.985410
-2.985563
-2.985403
-2.985476
-2.985450
-2.985566
-2.985495
-2.985358
-2.985431
-2.985494
-2.985352
-2.985438
-2.985412
-2.985438
-2.985417
-2.985424
-2.985481
-2.985409
-2.985370
-2.985456
-2.985408
-2.985478
-2.985405
-2.985443
-2.985396
-2.985496
-2.985552
-2.985450
-2.985447
-2.985496
-2.985463
-2.985410
-2.985433
-2.985500
-2.985445
-2.985418
-2.985467
-2.985366
-2.985424
-2.985509
-2.985438
-2.985494
-2.985502
-2.985456
-2.985440
-2.985531
-2.985431
-2.985499
-2.985488
-2.985416
-2.985488
-2.985498
-2.985462
-2.985482
-2.985550
-2.985525
-2.985442
-2.985525
-2.985488
-2.985492
-2.985445
-2.985583
-2.985550
-2.985477
-2.985439
-2.985470
-2.985497
-2.985518
-2.985451
-2.985499
-2.985458
-2.985491
-2.985585
-2.985488
-2.985546
-2.985544
-2.985438
-2.985535
-2.985587
-2.985375
-2.985536
-2.985494
-2.985540
-2.985482
-2.985490
-2.985375
-2.985534
-2.985474
-2.985542
-53.024999
-62.172479
-39.180440
-53.505150
-59.624360
-61.911188
-47.864436
-31.399924
-32.124382
-68.261163
-31.399923
-31.405510
-32.123718
-31.445651
-32.005194
-31.460966
-31.259638
-30.937344
-30.425226
-29.720251
-29.187860
-26.581083
-26.697057
-26.041677
-24.776638
-23.539076
-22.490335
-21.873063
-21.833183
-21.602910
-20.835337
-19.590504
-18.455410
-17.368043
-16.351504
-15.402651
-14.547597
-13.922296
-13.764921
-13.760004
-13.774796
-13.599676
-13.049266
-12.269182
-11.453861
-10.576566
-9.817541
-9.574621
-9.549474
-9.487236
-9.342970
-8.967169
-8.589394
-8.256050
-7.259544
-6.306988
-5.474378
-4.777068
-4.491853
-4.380721
-4.366496
-4.365718
-4.376555
-4.331813
-4.277400
-4.206895
-4.152943
-4.120925
-4.109504
-4.108025
-4.083407
-3.835149
-3.396328
-3.089015
-2.935316
-2.938141
-2.920177
-2.911035
-2.892173
-2.881113
-2.817267
-2.673489
-2.404583
-2.187335
-2.076362
-2.061198
-2.056665
-2.050684
-1.975824
-1.940483
-2.115448
-2.065428
-2.065253
-2.064575
-2.063447
-1.795491
-1.683221
-1.611681
-1.572955
-1.561835
-1.562671
-1.560133
-1.560160
-1.560415
-1.555358
-1.482175
-1.433365
-1.403159
-1.387717
-1.377924
-1.370850
-1.365822
-1.362071
-1.360101
-1.359105
-1.358480
-1.357992
-1.358015
-1.357040
-1.356583
-1.356084
-1.355823
-1.355122
-1.354446
-1.306242
-1.349834
-1.260694
-1.206218
-1.167387
-1.142463
-1.123479
-1.106643
-1.090994
-1.078485
-1.068637
-1.061970
-1.057369
-1.053874
-1.051726
-1.049903
-1.049597
-1.048762
-1.047783
-1.047430
-1.046923
-1.042970
-1.041539
-1.039914
-1.038407
-1.036961
-1.035751
-1.034662
-1.033413
-1.032608
-1.032082
-1.031315
-1.030670
-1.029328
-1.029370
-1.029701
-1.029361
-1.024553
-1.022368
-1.020298
-1.018278
-1.016388
-1.014765
-1.013368
-1.012293
-1.011670
-1.010787
-1.010181
-1.010010
-1.009713
-1.008904
-1.008100
-1.006967
-1.005875
-1.005336
-1.004704
-1.004168
-1.003723
-1.003493
-1.002854
-1.002732
-1.002523
-1.002318
-1.002154
-1.001925
-1.001653
-1.001755
-1.001460
-1.001492
-1.001359
-1.001206
-1.000668
-1.000643
-0.999864
-0.999649
-0.999568
-0.999395
-0.999275
-0.999224
-0.999104
-0.998985
-0.999000
-0.998830
-0.998728
-0.998643
-0.998542
-0.998504
-0.998268
-0.998370
-0.998332
-0.998182
-0.998116
-0.997619
-0.998226
-0.997547
-0.997476
-0.997426
-0.997334
-0.997286
-0.997122
-0.997215
-0.997004
-0.997022
-0.997025
-0.996977
-0.996776
-0.996730
-0.996662
-0.997178
-0.996928
-0.997136
-0.996523
-0.996365
-0.996391
-0.996435
-0.996453
-0.996360
-0.996305
-0.996369
-0.996258
-0.996254
-0.996137
-0.996101
-0.996172
-0.996159
-0.995913
-0.996173
-0.996099
-0.996089
-0.996027
-0.995951
-0.995798
-0.996334
-0.995907
-0.995736
-0.995962
-0.995670
-0.995649
-0.995989
-0.995605
-0.996265
-0.996087
-0.995618
-0.995611
-0.996186
-0.995603
-0.995594
-0.995880
-0.996165
-0.995621
-0.995551
-0.996269
-0.995484
-0.995614
-0.995608
-0.995607
-0.995590
-0.995384
-0.995622
-0.995584
-0.995341
-0.995341
-0.995310
-0.995784
-0.995359
-0.995398
-0.995396
-0.995396
-0.995696
-0.995300
-0.995284
-0.995396
-0.995412
-0.995466
-0.995256
-0.995292
-0.995400
-0.995281
-0.995728
-0.995219
-0.995544
-0.995217
-0.995574
-0.995220
-0.995453
-0.995582
-0.995211
-0.995204
-0.995325
-0.995272
-0.995577
-0.995207
-0.995493
-0.995519
-0.995233
-0.995230
-0.995453
-0.995409
-0.995240
-0.995592
-0.995372
-0.995495
-0.995283
-0.995296
-0.995290
-0.995499
-0.995483
-0.995265
-0.995367
-0.995299
-0.995361
-0.995364
-0.995392
-0.995450
-0.995370
-0.995503
-0.995313
-0.995402
-0.995334
-0.995486
-0.995428
-0.995329
-0.995377
-0.995400
-0.995447
-0.995461
-0.995323
-0.995473
-0.995332
-0.995370
-0.995453
-0.995476
-0.995473
-0.995354
-0.995451
-0.995478
-0.995445
-0.995441
-0.995395
-0.995382
-0.995480
-0.995468
-0.995413
-0.995467
-0.995405
-0.995485
-0.995450
-0.995462
-0.995389
-0.995441
-0.995476
-0.995486
-0.995411
-0.995473
-0.995397
-0.995582
-0.995424
-0.995462
-0.995459
-0.995437
-0.995493
-0.995466
-0.995424
-0.995437
-0.995471
-0.995483
-0.995486
-0.995499
-0.995437
-0.995465
-0.995483
-0.995471
-0.995453
-0.995490
-0.995443
-0.995505
-31.286949
-42.972942
-20.400039
-15.921335
-46.570004
-9.856965
-55.792893
-45.076957
-53.746796
-22.573769
-22.570385
-20.345259
-15.865316
-20.139042
-22.781559
-15.751025
-15.623835
-21.333304
-15.576269
-15.614352
-9.446051
-9.558493
-9.476920
-9.588208
-8.784872
-8.130066
-7.176207
-6.209109
-6.194548
-5.734138
-5.464957
-5.393039
-5.374612
-5.301444
-5.115518
-4.695945
-4.488229
-4.451890
-4.469776
-4.342328
-4.023965
-3.590398
-3.337741
-3.192039
-3.178103
-3.143700
-3.087524
-2.994633
-2.868785
-2.747704
-2.726119
-2.523872
-2.370038
-2.296661
-2.294678
-2.289171
-2.282038
-2.274511
-2.263695
-2.247943
-2.229611
-2.209150
-2.185155
-2.154282
-2.118350
-2.087793
-2.075141
-2.074973
-2.077748
-2.062977
-2.054360
-2.045924
-2.039482
-2.034567
-2.031203
-2.028762
-2.025231
-2.021527
-2.019084
-2.017076
-2.015738
-2.014957
-2.014923
-12.243848
-3.988019
-3.986444
-3.983646
-3.983345
-3.987911
-3.980555
-3.981786
-3.981453
-3.980914
-3.981004
-3.980636
-3.982131
-3.980392
-3.981449
-3.980612
-3.981063
-3.980709
-3.981173
-3.981764
-3.980750
-3.980554
-3.980630
-3.980979
-3.980959
-3.981239
-3.980687
-3.981851
-3.980498
-3.980968
-3.980644
-3.980809
-3.981098
-3.981342
-3.980480
-3.981027
-3.980734
-3.981378
-3.981063
-3.980810
-3.980721
-3.980694
-3.980871
-3.981262
-3.981182
-3.980755
-3.980836
-3.980948
-3.980896
-3.981182
-3.980823
-3.980815
-3.981157
-3.980765
-3.981096
-3.980813
-3.981205
-3.980928
-3.981015
-3.980840
-3.981057
-3.980949
-3.980985
-3.981068
-3.980966
-3.980982
-3.981017
-3.981216
-3.981056
-3.981043
-3.981099
-3.981059
-3.981059
-3.981064
-3.981110
-3.981061
-3.981076
-3.981123
-3.981177
-3.981094
-3.981112
-3.981144
-3.981072
-3.981071
-3.981175
-3.981202
-3.981114
-3.981168
-3.981166
-3.981255
-3.981078
-3.981010
-3.981301
-3.981122
-3.981202
-3.981247
-3.981212
-3.981381
-3.981216
-3.981122
-3.981290
-3.981446
-3.981071
-3.981348
-3.981323
-3.981133
-3.981355
-3.981337
-3.981170
-3.981061
-3.981516
-3.981132
-3.981371
-3.981294
-3.981619
-3.981235
-3.981059
-3.981264
-3.981236
-3.981562
-3.981622
-3.981058
-3.981436
-3.981149
-3.981628
-3.981365
-3.981312
-3.981231
-3.981077
-3.981724
-3.981503
-3.981251
-3.981455
-3.981446
-3.981640
-3.980871
-3.981310
-3.981284
-3.981350
-3.981347
-3.981860
-3.981606
-3.981042
-3.981321
-3.981437
-3.981809
-3.981231
-3.981608
-3.980955
-3.981477
-3.981453
-3.981353
-3.981557
-3.981927
-3.981072
-3.981615
-3.981429
-3.981183
-3.981869
-3.981654
-3.981444
-3.981426
-3.981024
-3.981546
-3.982029
-3.981418
-3.981410
-3.981560
-3.981135
-3.981693
-3.981932
-3.981492
-3.981697
-3.981029
-3.981586
-3.981744
-3.981876
-3.981946
-3.981013
-3.981375
-3.981332
-3.981632
-3.982074
-3.981491
-3.981489
-3.981898
-3.981211
-3.981738
-3.981815
-3.981957
-3.981173
-3.982047
-3.981169
-3.981781
-3.981331
-3.981483
-3.981778
-3.981748
-3.982296
-3.981449
-3.981628
-3.981336
-3.981503
-3.981624
-3.982167
-3.981891
-3.981988
-3.981239
-3.981870
-3.981958
-3.981384
-3.982198
-3.981342
-3.981886
-3.981275
-3.982342
-3.981703
-3.981995
-3.982015
-3.981375
-3.981585
-3.982217
-3.981951
-3.981502
-3.981965
-3.981421
-3.982280
-3.982038
-3.981418
-3.982206
-3.981960
-3.981861
-3.981286
-3.982521
-3.982209
-3.981742
-3.981700
-3.982064
-3.981548
-3.982274
-3.982338
-3.981454
-3.981886
-3.982507
-3.982072
-3.981897
-3.981957
-3.981365
-3.982525
-3.982309
-3.982434
-3.981998
-3.982560
-3.981446
-3.982199
-3.982043
-3.982275
-3.982172
-3.982844
-3.982076
-3.981717
-3.981843
-3.982353
-3.982689
-3.982328
-3.981495
-3.982237
-3.982804
-3.982008
-3.982699
-3.981369
-3.982416
-3.982283
-3.982461
-3.982153
-3.982261
-3.982657
-3.982789
-3.981670
-3.982757
-3.982537
-3.982016
-3.982081
-3.982995
-3.981839
-3.982426
-3.982417
-3.982572
-3.982215
-3.982767
-3.982101
-3.982559
-3.982489
-3.982007
-3.982781
-3.982677
-3.981754
-3.982378
-3.983557
-3.983251
-3.983052
-3.981659
-3.981410
-3.982687
-3.981772
-3.983008
-3.982391
-3.982922
-3.982349
-3.982667
-3.983494
-3.982112
-3.983439
-3.981390
-3.984300
-3.983784
-3.981582
-34.631187
-18.648190
-46.632970
-18.177783
-10.264256
-37.835877
-32.964794
-28.732436
-32.397797
-52.328779
-18.195674
-18.152315
-18.136688
-18.100123
-18.050807
-17.818929
-16.425318
-13.425213
-11.650137
-10.010760
-8.683305
-7.582263
-6.667709
-5.904892
-5.302277
-4.972555
-4.910262
-4.861332
-4.727719
-4.433312
-4.148774
-3.846414
-3.479631
-3.349787
-3.437075
-3.069994
-2.470216
-2.059991
-1.725022
-1.485826
-1.381890
-1.369948
-1.436665
-1.234204
-1.043965
-0.921947
-0.820081
-0.750066
-0.726409
-0.713876
-0.691966
-0.622345
-0.505772
-0.410033
-0.346092
-0.285675
-0.222390
-0.174701
-0.148879
-0.135082
-0.128664
-0.125907
-0.121669
-0.111474
-0.102983
-0.092506
-0.083894
-0.077828
-0.074322
-0.070220
-0.072955
-0.072316
-0.071741
-0.071515
-0.054931
-0.045063
-0.034978
-0.027560
-0.023160
-0.020410
-0.017952
-0.015783
-0.014037
-0.013009
-0.012453
-0.012416
-0.011296
-0.009937
-0.008369
-0.007458
-0.007357
-0.005715
-0.005806
-0.005469
-0.005179
-0.004931
-0.004648
-0.004298
-0.003410
-0.003000
-0.002850
-0.002785
-0.002366
-0.001965
-0.002262
-0.001712
-0.001553
-0.002126
-0.002351
-0.001394
-0.001216
-0.001051
-0.001340
-0.001014
-0.001304
-0.001333
-0.001160
-0.001236
-0.001095
-0.001110
-0.001051
-0.000928
-0.000889
-0.000434
-0.000440
-0.000686
-0.000562
-0.000742
-0.001493
-0.000433
-0.000830
-0.000368
-0.000488
-0.000626
-0.000531
-0.000831
-0.000498
-0.000681
-0.000643
-0.000889
-0.000627
-0.000684
-0.000678
-0.000977
-0.000774
-0.000919
-0.000633
-0.000839
-0.000980
-0.000676
-0.001014
-0.000797
-0.000935
-0.000657
-0.000617
-0.000723
-0.000771
-0.000806
-0.000852
-0.000676
-0.000815
-0.000742
-0.000896
-0.000964
-0.000724
-0.000823
-0.000758
-0.000645
-0.000893
-0.000811
-0.000832
-0.000834
-0.000764
-0.000969
-0.000839
-0.000779
-0.000830
-0.000719
-0.000847
-0.000914
-0.000873
-0.000873
-0.000830
-0.000860
-0.000932
-0.000878
-0.000866
-0.000858
-0.000922
-0.000857
-0.000906
-0.000807
-0.000930
-0.000866
-0.000934
-0.000995
-0.000930
-0.000902
-0.000906
-0.000866
-0.000932
-0.000889
-0.000895
-0.000916
-0.000840
-0.000886
-0.000949
-0.000940
-0.000973
-0.000861
-0.000955
-0.000848
-0.000973
-0.000941
-0.000899
-0.000936
-0.000980
-0.000942
-0.000998
-0.000927
-0.000944
-0.000928
-0.000954
-0.000973
-0.000912
-0.001161
-0.000952
-0.001009
-0.000907
-0.000988
-0.000934
-0.000986
-0.001039
-0.000975
-0.001009
-0.000903
-0.001032
-0.001007
-0.001009
-0.001016
-0.000991
-0.000962
-0.000996
-0.000961
-0.000995
-0.000970
-0.001023
-0.001019
-0.000979
-0.000955
-0.001001
-0.001018
-0.000991
-0.001000
-0.001032
-0.000966
-0.001035
-0.000977
-0.001044
-0.000995
-0.001025
-0.000981
-0.001030
-0.001014
-0.001014
-0.001009
-0.001047
-0.001082
-0.001018
-0.001048
-0.001058
-0.001026
-0.001014
-0.000995
-0.001050
-0.001077
-0.001014
-0.001034
-0.001024
-0.001014
-0.000993
-0.001068
-0.001054
-0.001069
-0.000988
-0.001099
-0.001109
-0.001027
-0.000985
-0.000995
-0.001110
-0.001029
-0.001103
-0.001107
-0.001129
-0.001018
-0.001060
-0.001059
-0.001105
-0.001122
-0.001025
-0.001115
-0.001145
-0.001068
-0.001106
-0.001078
-0.001030
-0.001033
-0.001171
-0.001150
-0.001101
-0.001095
-0.001069
-0.001082
-0.001078
-0.001087
-0.001079
-0.001175
-0.001148
-0.001137
-0.001073
-0.001057
-0.001032
-0.001123
-0.001082
-0.001191
-0.001053
-0.001172
-0.001143
-0.001084
-0.001091
-0.001122
-0.001045
-0.001117
-0.001110
-0.001307
-0.001086
-0.001153
-0.001113
-0.001088
-0.001130
-0.001135
-0.001121
-0.001127
-0.001088
-0.001176
-0.001097
-0.001197
-0.001052
-0.001105
-0.001076
-0.001092
-0.001166
-0.001165
-0.001200
-0.001053
-0.001120
-0.001145
-0.001112
-0.001084
-0.001113
-0.001228
-0.001181
-0.000995
-0.001081
-0.001200
-0.001235
-0.001160
-0.001048
-0.001153
-0.001149
-0.001194
-0.001176
-0.001094
-0.001144
-0.001216
-0.001121
-0.001127
-0.001279
-0.001024
-0.001193
-0.001142
-0.001141
-0.001085
-0.001148
-0.001114
-0.001221
-0.001206
-0.001100
-0.001246
-0.001143
-0.001135
-0.001040
-0.001091
-0.001186
-0.001215
-0.001174
-0.001196
-0.001272
-0.001151
-36.121817
-39.023764
-41.887127
-23.940679
-27.125513
-23.480910
-49.117217
-40.801011
-17.980665
-51.420180
-23.997506
-23.826452
-23.631254
-23.407972
-22.785785
-20.685871
-18.456934
-16.522185
-14.878999
-13.466647
-12.234349
-11.135995
-10.141814
-8.597647
-7.962464
-7.495993
-7.359403
-7.306830
-7.205132
-6.974087
-6.589122
-6.022146
-5.237700
-4.460917
-3.923102
-3.737093
-3.726518
-3.677774
-3.587792
-3.421182
-3.184032
-2.938162
-2.664479
-2.570228
-2.581786
-17.844518
-17.743610
-4.075353
-4.123937
-3.967687
-3.818796
-3.722239
-3.611426
-3.475850
-3.438030
-3.406522
-3.379861
-3.370695
-3.370169
-3.363003
-3.350744
-3.328575
-3.292758
-3.269069
-3.267321
-3.181516
-3.126312
-3.085850
-3.060231
-3.045613
-3.038546
-3.035722
-3.034664
-3.034007
-3.033417
-3.026951
-3.023769
-3.020889
-3.018909
-3.018874
-3.015095
-3.017918
-3.018075
-3.008418
-3.004737
-3.001349
-3.018194
-3.016235
-3.015497
-3.018491
-3.016369
-3.015377
-2.995640
-3.015273
-2.992720
-2.991040
-2.990061
-2.989406
-2.988698
-2.988635
-2.988053
-2.988522
-2.988531
-2.988400
-2.987652
-2.988301
-2.987606
-2.987418
-2.986886
-2.986555
-2.986558
-2.986681
-2.986498
-2.986277
-2.986291
-2.986214
-2.986197
-2.986088
-2.985535
-2.985709
-2.985814
-2.985696
-2.986180
-2.985768
-2.985656
-2.985912
-2.985626
-2.986220
-2.985645
-2.985624
-2.985864
-2.985662
-2.985926
-2.985686
-2.985643
-2.985786
-2.985911
-2.985511
-2.985889
-2.985709
-2.985761
-2.985812
-2.985885
-2.985759
-2.985651
-2.985885
-2.985780
-2.985588
-2.985687
-2.985485
-2.985749
-2.985602
-2.985796
-2.985564
-2.985545
-2.985666
-2.985780
-2.985506
-2.985705
-2.985627
-2.985649
-2.985712
-2.985585
-2.985830
-2.985622
-2.985660
-2.985659
-2.985792
-2.985683
-2.985593
-2.985749
-2.985606
-2.985694
-2.985780
-2.985691
-2.985606
-2.985621
-2.985769
-2.985732
-2.985707
-2.985714
-2.985791
-2.985715
-2.985740
-2.985752
-2.985707
-2.985903
-2.985669
-2.985767
-2.985868
-2.985787
-2.985748
-2.985716
-2.985791
-2.985804
-2.985707
-2.985755
-2.985759
-2.985877
-2.985858
-2.985730
-2.985752
-2.985727
-2.985789
-2.985880
-2.985760
-2.985921
-2.985777
-2.985753
-2.985800
-2.985764
-2.985872
-2.985909
-2.985722
-2.985791
-2.985828
-2.985874
-2.985772
-2.985976
-2.985841
-2.985844
-2.985927
-2.985862
-2.985885
-2.985949
-2.985834
-2.985823
-2.985909
-2.985816
-2.986005
-2.985882
-2.985841
-2.985881
-2.986015
-2.985837
-2.985879
-2.985902
-2.985992
-2.985902
-2.985850
-2.985856
-2.986039
-2.985854
-2.985908
-2.986018
-2.986022
-2.985857
-2.985881
-2.985913
-2.985833
-2.985877
-2.985945
-2.985876
-2.986075
-2.985885
-2.985843
-2.985941
-2.985919
-2.986093
-2.986052
-2.985828
-2.985951
-2.985885
-2.985921
-2.986068
-2.985924
-2.985866
-2.986105
-2.986017
-2.985924
-2.986074
-2.986004
-2.985999
-2.985914
-2.986081
-2.985935
-2.985987
-2.986027
-2.985923
-2.985936
-2.986056
-2.986056
-2.985943
-2.985932
-2.985948
-2.986019
-2.986104
-2.986115
-2.985957
-2.985909
-2.985885
-2.985967
-2.986118
-2.986004
-2.986140
-2.986139
-2.985981
-2.985944
-2.986058
-2.986118
-2.986024
-2.986127
-2.986015
-2.985972
-2.986127
-2.985982
-2.986129
-2.986098
-2.986050
-2.986135
-2.986055
-2.985982
-2.986027
-2.985987
-2.986145
-2.986142
-2.985983
-2.985964
-2.986129
-2.986085
-2.985969
-2.986122
-2.986186
-2.986016
-2.986087
-2.986181
-2.985967
-2.986187
-2.986051
-2.986118
-2.986044
-2.986122
-2.986008
-2.986076
-2.986174
-2.986015
-2.986011
-2.985978
-2.986164
-2.986196
-2.986193
-2.986089
-2.986056
-2.986093
-2.986055
-2.986014
-2.986182
-2.985902
-2.986177
-2.986029
-2.986110
-2.986000
-2.986185
-2.986087
-2.986194
-2.986197
-2.986091
-2.986201
-2.986071
-2.986055
-2.986065
-2.985993
-2.986194
-2.986004
-2.986120
-2.986204
-2.986158
-2.986068
-2.986205
-2.986228
-2.986246
-2.986111
-2.986208
-2.986090
-2.986261
-2.986080
-2.986219
-2.986250
-2.986143
-2.986186
-2.986166
-2.986006
-2.986068
-2.986263
-2.986055
-2.986205
-2.986256
-2.986215
-2.986185
-2.986058
-2.986218
-2.986015
-2.986127
-2.986068
-2.986202
-2.986204
-2.986200
-2.986007
-2.986095
-2.986216
-39.908642
-37.090660
-29.824442
-57.104904
-51.146836
-39.383145
-52.207450
-31.031469
-30.603202
-12.147988
-12.129629
-12.106267
-12.040834
-11.874025
-11.637993
-11.460598
-11.313730
-11.250219
-11.385995
-10.813050
-9.801166
-9.015408
-8.364585
-7.888652
-7.654322
-7.741825
-7.315371
-6.358738
-5.693089
-4.962427
-4.134742
-3.647836
-3.565372
-3.531947
-3.476579
-3.392626
-3.306083
-3.187798
-3.031520
-2.961645
-2.951467
-2.893802
-2.748457
-2.357204
-2.043262
-1.812982
-1.627124
-1.497210
-1.463353
-1.446103
-1.422337
-1.394694
-1.371715
-1.362958
-1.362947
-1.353334
-1.339701
-1.341267
-1.342158
-1.341465
-1.341363
-1.340057
-1.339393
-1.336979
-1.336801
-1.332220
-1.329799
-1.329296
-1.262190
-1.313882
-1.161874
-1.100716
-1.072207
-1.053979
-1.039961
-1.030485
-1.024742
-1.025300
-1.027337
-1.020976
-1.024873
-1.018068
-1.016708
-1.015222
-1.017359
-1.013408
-1.013305
-1.009566
-1.007006
-1.004723
-1.003656
-1.002890
-1.002211
-1.002521
-1.002647
-0.999264
-0.998904
-0.998221
-0.997948
-0.997713
-0.997588
-0.997414
-0.997756
-0.997197
-0.997147
-0.997421
-0.997055
-0.997007
-0.997351
-0.996731
-0.996817
-0.996683
-0.996245
-0.996384
-0.996568
-0.996016
-0.996725
-0.995777
-0.996007
-0.996621
-0.996475
-0.995601
-0.995599
-0.995461
-0.995573
-0.995560
-0.995730
-0.996474
-0.995512
-0.995789
-0.995496
-0.995832
-0.996253
-0.995701
-0.995789
-0.995668
-0.995600
-0.995767
-16.170610
-22.900651
-5.020316
-7.705595
-3.998811
-4.038767
-4.069383
-4.071321
-4.079315
-3.996975
-3.996975
-3.991942
-3.986514
-3.986250
-3.980431
-3.979901
-3.979931
-3.980012
-3.980064
-3.980092
-3.980104
-3.981229
-3.980837
-3.980303
-3.981375
-3.982190
-3.980628
-3.981552
-3.980837
-3.981035
-3.980973
-3.980798
-3.982079
-3.980768
-3.981222
-3.980806
-3.980964
-3.981842
-3.981176
-3.981035
-3.980820
-3.981634
-3.980646
-3.980964
-3.980947
-3.980387
-3.980873
-3.981537
-3.980960
-3.981087
-3.980964
-3.980925
-3.980796
-3.980596
-3.980872
-3.981554
-3.980966
-3.980965
-3.980928
-3.980812
-3.980696
-3.981477
-3.980907
-3.980643
-3.980800
-3.981201
-3.980588
-3.980740
-3.980674
-3.981268
-3.980941
-3.980604
-3.980903
-3.980871
-3.980947
-3.980669
-3.980993
-3.980647
-3.980783
-3.980966
-3.980630
-3.980866
-3.980637
-3.980822
-3.980943
-3.980610
-3.980656
-3.980738
-3.980573
-3.980662
-3.980837
-3.981037
-3.980574
-3.980667
-3.980627
-3.980975
-3.980825
-13.454723
-3.997081
-4.208712
-4.186970
-4.381194
-31.760884
-22.751458
-14.146766
-16.387480
-17.772261
-3.995011
-4.073414
-4.108768
-4.108570
-4.130284
-4.051520
-3.999985
-3.995982
-3.990896
-3.985525
-3.984919
-3.984356
-3.980263
-3.980022
-3.980171
-3.980252
-3.983792
-3.980421
-3.980743
-3.982847
-3.980935
-3.981038
-3.981047
-3.981112
-3.981034
-3.980355
-3.980987
-3.982863
-3.981044
-3.980943
-3.980474
-3.981003
-3.980508
-3.981020
-3.981012
-3.980999
-3.980901
-3.980460
-3.980989
-3.980346
-3.980981
-3.980928
-3.980483
-3.982251
-3.980550
-3.980579
-3.980971
-3.981047
-36.674863
-16.540166
-12.250980
-38.168696
-3.999865
-4.052134
-4.071328
-4.102696
-4.061386
-4.089741
-3.982353
-3.980248
-3.980013
-3.980100
-3.981060
-3.981016
-3.983057
-3.983120
-3.983245
-3.981111
-3.981030
-3.981912
-3.982524
-3.980452
-3.983316
-3.982377
-3.981676
-3.981703
-3.981942
-3.981388
-3.981946
-3.981790
-3.982155
-3.981710
-3.981951
-3.981418
-3.980283
-3.981342
-3.981418
-3.980177
-3.981287
-3.982143
-3.980959
-3.981198
-3.982102
-3.980948
-3.981342
-3.981342
-3.982668
-3.981342
-3.980368
-3.980230
-3.980906
-3.980336
-3.981010
-3.981233
-3.980984
-3.981004
-3.981027
-3.981020
-3.980985
-3.981001
-3.982238
-3.980519
-3.981342
-3.980932
-3.981061
-3.980419
-3.980296
-3.980972
-3.981009
-3.980923
-3.980822
-3.982081
-3.980542
-3.980410
-3.980294
-3.980494
-3.980397
-3.980736
-3.980752
-3.980440
-3.980507
-3.980516
-3.980975
-3.980528
-3.980559
-3.981899
-3.980519
-3.980750
-3.980334
-3.980520
-3.980480
-3.980750
-3.981720
-3.980757
-3.980483
-3.980585
-3.980330
-3.980478
-3.980323
-3.980749
-3.980487
-3.980285
-3.981782
-3.981618
-3.980414
