131.311000
26.077000
31.013000
29.182000
29.418000
27.454000
27.741000
26.469000
55.151000
35.496000
34.908000
36.325000
30.359000
32.095000
35.101000
33.982000
33.541000
34.253000
33.851000
43.876000
42.440000
39.156000
39.920000
38.629000
40.189000
42.452000
55.390000
42.862000
43.030000
49.047000
49.092000
47.994000
46.904000
50.723000
53.606000
52.737000
53.204000
53.609000
54.122000
52.773000
55.794000
65.784000
59.245000
59.215000
62.036000
60.977000
59.703000
62.477000
64.307000
63.280000
69.133000
66.584000
67.749000
70.846000
69.398000
70.741000
84.265000
73.518000
75.251000
76.832000
77.107000
80.294000
87.587000
86.355000
81.799000
80.755000
84.652000
84.464000
87.205000
88.253000
87.910000
89.928000
88.321000
92.244000
92.407000
