-1448.901664
-1986.414814
-2351.652791
-2029.084530
-2154.998763
-1313.086913
-2073.291874
-1473.031459
-2213.375437
-2468.673907
-1914.113205
-1547.810081
-1580.685319
-1461.610759
-1533.392963
-1318.839233
-1822.647925
-1661.210942
-1694.421857
-2531.131964
-1192.303619
-1207.635221
-1914.294894
-1914.355788
-1271.501994
-1316.419332
-1377.013832
-1654.052393
-2275.229626
-1150.103534
-1116.607986
-1519.029047
-1770.717920
-1914.355788
-2039.117776
-3683.755116
-1553.420943
-1621.027373
-1478.819841
-1553.147150
-1579.460830
-1256.463875
-1758.936633
-2274.681448
-2275.473212
-2361.372555
-1835.039105
-2574.650620
-2286.630799
-2314.617843
-1687.244485
-2039.261053
-2309.673974
-2289.304308
-1291.185127
-1234.734504
-1677.672807
-1723.451410
-869.234413
-1200.730327
-1916.792993
-2051.223764
-1233.973828
-912.364888
-1008.923038
-1913.826000
-1979.224203
-1833.925873
-1682.575228
-1682.942987
-1716.745642
-1674.890235
-1856.830118
-1042.817976
-1909.345720
-1265.628895
-1298.685642
-1481.641260
-1285.508878
-1249.558435
-1290.323154
-1708.703678
-1763.644902
-2062.787418
-2150.893917
