14.389000
13.988000
15.582000
15.349000
18.664000
23.508000
20.608000
22.244000
21.519000
27.401000
26.085000
27.559000
29.885000
27.766000
51.185000
38.874000
39.737000
47.511000
35.429000
46.611000
44.409000
36.264000
34.422000
41.166000
35.929000
46.508000
39.442000
51.576000
37.215000
36.129000
42.130000
38.618000
43.516000
40.888000
46.377000
42.634000
43.613000
44.632000
46.636000
45.328000
45.253000
47.040000
51.183000
47.068000
48.574000
53.495000
50.986000
50.673000
57.231000
57.181000
59.166000
57.524000
56.545000
60.775000
69.177000
60.529000
60.393000
69.719000
63.433000
62.309000
65.417000
65.104000
65.940000
72.575000
68.390000
70.707000
78.458000
78.232000
82.488000
82.150000
74.367000
76.257000
84.425000
77.572000
78.938000
86.710000
84.075000
89.114000
85.251000
91.416000
85.073000
89.935000
87.130000
89.491000
94.064000
90.336000
93.920000
93.760000
93.964000
100.777000
101.482000
111.398000
102.357000
105.640000
109.769000
103.150000
109.884000
111.026000
105.829000
109.036000
108.220000
110.371000
110.687000
116.271000
118.731000
118.319000
127.609000
126.502000
125.528000
117.732000
121.628000
120.973000
128.051000
125.359000
133.782000
138.830000
126.485000
138.310000
130.716000
136.043000
135.541000
137.432000
135.345000
138.382000
141.021000
137.918000
145.607000
150.650000
139.460000
146.995000
142.289000
149.784000
147.957000
154.280000
157.950000
167.663000
162.203000
161.619000
164.773000
168.346000
165.124000
165.395000
166.149000
169.564000
166.061000
169.819000
168.652000
185.471000
183.367000
195.972000
193.892000
184.700000
176.617000
181.404000
183.517000
190.096000
180.634000
182.554000
182.664000
188.729000
187.706000
190.333000
192.747000
206.997000
199.319000
198.062000
204.082000
194.895000
199.441000
206.073000
212.733000
204.358000
202.307000
208.642000
202.992000
208.262000
203.482000
214.008000
211.164000
218.042000
214.173000
216.478000
220.143000
217.627000
216.527000
220.757000
219.968000
226.090000
230.486000
225.853000
230.526000
236.305000
229.236000
233.585000
229.810000
236.444000
234.913000
238.719000
234.837000
242.212000
240.971000
249.667000
243.939000
248.178000
247.824000
248.900000
249.938000
254.039000
250.689000
253.295000
252.252000
253.911000
251.889000
255.906000
257.219000
259.858000
261.756000
265.801000
264.730000
268.153000
266.500000
270.843000
269.487000
273.305000
272.926000
277.964000
274.925000
284.511000
280.959000
284.509000
283.903000
299.819000
285.121000
288.001000
295.751000
299.820000
292.907000
294.320000
295.520000
300.890000
295.782000
305.701000
300.848000
307.598000
304.280000
308.041000
306.977000
312.599000
311.534000
315.199000
315.722000
325.012000
316.748000
322.861000
322.107000
326.797000
325.080000
333.334000
329.878000
344.866000
340.285000
340.242000
342.646000
348.527000
339.101000
356.624000
355.349000
354.457000
350.158000
359.326000
352.242000
366.165000
353.380000
354.467000
354.510000
361.116000
355.252000
370.386000
366.307000
375.748000
373.145000
379.929000
376.893000
385.026000
374.868000
383.591000
379.027000
386.015000
381.851000
387.756000
389.207000
399.632000
399.274000
402.909000
394.695000
406.336000
401.301000
408.709000
406.610000
416.587000
417.217000
408.782000
409.672000
415.969000
409.660000
421.756000
416.628000
425.639000
419.532000
425.585000
427.403000
430.225000
426.432000
433.999000
447.221000
441.210000
434.852000
441.087000
437.592000
445.592000
440.940000
458.961000
458.063000
459.641000
447.584000
454.972000
454.188000
464.051000
458.673000
469.556000
466.886000
473.628000
466.158000
470.922000
473.807000
476.701000
475.255000
484.000000
483.353000
489.570000
482.210000
488.951000
487.871000
495.184000
490.772000
497.783000
494.344000
505.054000
501.049000
503.933000
503.090000
514.375000
505.181000
514.459000
515.258000
520.292000
516.725000
518.314000
527.229000
524.284000
525.138000
531.031000
529.050000
536.007000
530.252000
537.850000
535.077000
546.374000
540.690000
552.751000
547.348000
561.597000
547.366000
558.296000
568.706000
616.288000
557.205000
568.775000
569.697000
575.202000
570.332000
576.000000
569.657000
585.745000
575.865000
593.530000
585.498000
591.086000
584.740000
590.390000
12.658000
12.968000
13.177000
14.050000
14.497000
15.597000
16.741000
16.871000
17.504000
18.690000
18.900000
20.662000
21.136000
22.021000
22.884000
23.745000
24.205000
26.371000
26.480000
29.106000
27.905000
29.025000
29.691000
30.216000
30.109000
30.866000
31.230000
33.574000
34.084000
35.384000
35.519000
35.346000
36.493000
39.662000
38.836000
40.523000
40.144000
40.666000
41.496000
44.062000
43.590000
45.504000
44.923000
47.849000
48.155000
49.301000
48.553000
49.643000
52.166000
52.540000
52.427000
53.184000
54.167000
56.135000
56.935000
56.485000
57.610000
59.937000
59.426000
61.623000
62.699000
65.272000
64.671000
64.254000
66.461000
69.837000
67.665000
68.155000
70.887000
70.655000
71.222000
74.489000
73.093000
74.298000
76.119000
77.148000
78.342000
80.057000
79.599000
82.270000
81.815000
82.622000
85.297000
86.861000
84.383000
87.995000
89.287000
90.035000
92.872000
92.641000
90.529000
95.461000
94.050000
94.679000
98.131000
97.748000
96.784000
103.202000
100.548000
102.198000
103.657000
104.530000
104.686000
105.654000
107.411000
108.289000
109.673000
111.440000
112.746000
115.425000
114.328000
116.477000
114.806000
117.371000
118.025000
121.559000
121.728000
124.405000
125.151000
125.917000
125.480000
128.482000
127.719000
133.092000
130.357000
135.040000
134.396000
136.188000
133.532000
140.185000
138.153000
147.096000
140.317000
143.900000
144.056000
149.151000
144.538000
148.830000
148.867000
151.635000
150.570000
153.177000
152.323000
157.077000
154.732000
164.424000
158.347000
163.665000
159.657000
164.407000
164.134000
167.955000
167.734000
170.864000
167.894000
173.662000
169.990000
177.837000
175.185000
179.608000
176.418000
181.108000
180.056000
187.763000
180.995000
186.336000
182.974000
189.292000
187.680000
192.278000
189.058000
196.765000
192.413000
199.074000
196.299000
200.546000
198.124000
202.244000
204.288000
207.278000
202.997000
207.816000
206.825000
213.829000
211.602000
212.738000
213.685000
219.073000
217.295000
221.233000
217.564000
224.652000
224.169000
236.096000
239.100000
229.258000
234.790000
242.061000
231.033000
235.408000
236.434000
239.835000
239.226000
243.002000
240.471000
244.414000
244.785000
247.599000
246.754000
253.693000
250.846000
255.955000
253.120000
256.357000
255.153000
260.364000
259.065000
266.113000
266.175000
267.536000
264.979000
271.736000
267.638000
274.008000
274.530000
275.970000
274.075000
282.763000
278.019000
280.900000
279.788000
287.574000
284.815000
289.802000
287.960000
295.358000
289.346000
296.726000
294.977000
301.991000
310.132000
321.423000
311.271000
314.845000
314.955000
314.611000
308.522000
317.040000
319.533000
323.230000
322.632000
327.018000
319.273000
325.340000
320.825000
327.639000
326.235000
337.072000
329.318000
338.738000
334.323000
334.791000
334.851000
344.411000
337.612000
345.445000
343.495000
367.494000
348.517000
355.413000
347.735000
357.033000
354.706000
360.840000
358.149000
368.375000
358.730000
367.270000
361.801000
369.865000
369.301000
372.353000
372.025000
380.640000
372.125000
382.748000
381.089000
384.319000
383.176000
388.394000
389.940000
395.888000
388.097000
404.720000
390.953000
403.682000
396.685000
403.741000
402.523000
408.021000
403.032000
412.502000
406.052000
417.789000
408.507000
420.748000
414.788000
425.275000
418.768000
423.183000
424.354000
428.396000
428.759000
435.832000
433.220000
444.912000
435.373000
438.462000
435.107000
448.027000
446.411000
452.956000
447.354000
458.219000
450.650000
453.261000
453.944000
462.669000
459.290000
465.046000
464.532000
471.328000
465.285000
471.664000
473.278000
481.162000
473.434000
482.229000
479.150000
489.234000
482.950000
488.151000
484.201000
498.557000
493.493000
500.313000
497.240000
506.435000
497.684000
508.723000
501.732000
514.790000
506.312000
519.089000
512.327000
522.535000
513.760000
518.500000
531.100000
526.462000
522.886000
532.589000
529.507000
537.989000
532.642000
536.670000
536.663000
544.339000
543.896000
549.751000
546.532000
557.187000
546.207000
553.838000
551.110000
564.398000
557.501000
569.578000
564.501000
577.597000
565.847000
574.990000
571.920000
580.079000
578.960000
584.832000
577.823000
592.122000
581.427000
596.177000
12.378000
12.568000
13.067000
14.212000
15.015000
15.962000
16.185000
16.913000
16.967000
18.495000
19.080000
20.638000
21.320000
22.191000
22.922000
23.103000
24.171000
24.299000
25.395000
26.409000
27.852000
28.663000
28.972000
30.982000
29.981000
30.829000
31.546000
33.684000
34.321000
34.767000
36.526000
35.827000
36.421000
38.288000
38.958000
40.909000
40.280000
41.044000
41.877000
43.227000
44.213000
45.275000
44.940000
47.122000
47.426000
48.525000
48.831000
49.134000
52.794000
53.187000
53.494000
53.036000
54.344000
56.655000
57.592000
56.898000
58.006000
60.590000
59.340000
60.192000
61.882000
63.322000
63.696000
64.082000
67.978000
67.818000
67.533000
69.021000
70.925000
71.120000
72.444000
75.634000
72.521000
74.336000
77.180000
75.703000
78.156000
79.895000
79.698000
82.419000
82.395000
82.815000
84.475000
87.070000
86.034000
88.778000
86.728000
88.236000
90.039000
91.978000
91.388000
96.095000
94.599000
94.886000
103.414000
98.546000
96.662000
100.253000
100.267000
101.981000
103.942000
103.755000
104.753000
107.529000
106.046000
108.612000
108.195000
111.798000
110.913000
115.009000
116.535000
120.087000
116.391000
118.890000
118.298000
120.977000
120.638000
124.323000
124.351000
127.011000
126.189000
129.176000
128.893000
132.374000
130.074000
134.583000
133.413000
137.089000
136.136000
138.943000
136.577000
141.015000
140.242000
143.722000
143.698000
148.607000
144.357000
148.753000
146.552000
152.732000
150.556000
154.651000
152.739000
157.114000
153.925000
159.761000
158.053000
163.048000
159.768000
163.167000
162.100000
166.445000
180.375000
171.440000
167.288000
175.943000
169.633000
175.449000
174.285000
178.649000
176.775000
182.501000
178.262000
184.978000
181.751000
187.200000
183.794000
187.317000
186.929000
194.031000
190.314000
195.945000
191.408000
196.675000
196.767000
202.757000
197.572000
203.341000
202.626000
206.592000
205.979000
209.397000
206.261000
211.964000
211.209000
215.056000
213.805000
218.606000
215.890000
221.549000
221.554000
223.889000
222.556000
227.605000
226.959000
229.621000
226.837000
232.352000
230.982000
236.098000
233.983000
239.961000
239.020000
242.275000
239.598000
245.777000
243.144000
249.140000
246.861000
252.476000
250.355000
257.001000
250.966000
256.227000
254.377000
261.076000
257.999000
262.495000
262.717000
267.726000
264.746000
269.555000
268.754000
273.880000
272.912000
278.755000
275.323000
278.379000
278.069000
283.178000
280.980000
283.045000
289.270000
289.535000
292.292000
295.356000
291.695000
294.592000
292.363000
300.604000
297.263000
302.374000
302.455000
308.654000
304.787000
306.288000
306.863000
314.168000
312.847000
317.048000
315.979000
320.760000
318.666000
322.211000
318.824000
330.942000
324.476000
329.389000
332.801000
334.590000
330.316000
336.749000
335.000000
340.248000
339.677000
345.653000
342.496000
354.146000
347.174000
352.111000
357.006000
354.913000
355.912000
362.181000
359.298000
366.332000
361.751000
361.536000
368.238000
370.479000
367.292000
375.716000
371.272000
377.616000
374.379000
377.370000
379.489000
389.873000
380.748000
391.480000
387.160000
397.783000
389.162000
392.899000
393.293000
399.003000
396.396000
404.381000
400.227000
413.391000
410.577000
410.080000
407.477000
413.991000
413.326000
421.907000
418.600000
424.651000
419.041000
425.953000
420.912000
431.372000
425.327000
440.259000
433.571000
443.108000
437.475000
442.124000
436.357000
445.058000
446.672000
453.517000
453.078000
458.726000
450.532000
459.281000
452.918000
464.768000
457.125000
467.582000
462.217000
476.072000
466.894000
473.507000
469.978000
480.516000
474.983000
486.911000
479.586000
488.593000
481.887000
492.548000
485.464000
495.583000
491.204000
505.708000
496.415000
506.023000
503.705000
502.220000
503.839000
513.736000
504.568000
516.693000
512.116000
523.039000
514.345000
523.667000
517.463000
530.010000
524.838000
533.614000
526.853000
540.478000
536.839000
543.118000
533.691000
545.983000
539.221000
547.982000
549.809000
557.344000
553.057000
553.043000
556.877000
562.706000
565.108000
568.663000
562.791000
573.678000
563.913000
574.274000
572.845000
587.880000
575.864000
586.165000
583.282000
594.852000
586.335000
590.805000
12.293000
12.690000
13.448000
14.846000
15.305000
15.831000
17.229000
17.003000
17.885000
18.575000
19.068000
21.200000
21.202000
22.598000
22.875000
23.561000
24.096000
24.293000
25.633000
26.003000
27.854000
28.573000
28.995000
30.077000
29.743000
31.106000
31.393000
33.426000
34.485000
34.952000
35.396000
36.188000
37.571000
38.335000
38.920000
40.996000
40.555000
41.242000
41.990000
44.277000
44.511000
44.844000
44.787000
47.705000
48.506000
49.093000
48.605000
49.779000
53.643000
53.115000
52.307000
53.423000
54.778000
57.335000
57.801000
58.155000
60.149000
61.564000
61.162000
61.168000
62.718000
64.194000
64.332000
64.804000
65.994000
68.185000
67.841000
68.459000
70.735000
72.208000
72.523000
74.255000
72.772000
75.340000
75.908000
77.635000
76.923000
79.436000
78.254000
81.916000
82.047000
82.778000
83.998000
90.042000
89.827000
88.811000
87.545000
88.434000
91.362000
91.490000
91.489000
93.949000
93.230000
96.536000
97.052000
99.010000
99.486000
101.234000
100.925000
103.242000
101.922000
107.883000
103.905000
107.667000
107.362000
110.602000
110.393000
112.079000
113.487000
114.171000
113.616000
116.826000
116.604000
119.142000
119.340000
121.173000
121.152000
124.348000
124.109000
126.641000
127.762000
129.656000
129.565000
131.075000
129.911000
132.121000
133.241000
135.799000
138.452000
138.922000
140.550000
140.505000
139.588000
141.327000
141.940000
148.180000
149.254000
148.677000
149.599000
150.362000
151.748000
156.566000
156.260000
156.684000
157.014000
159.627000
157.771000
160.350000
162.617000
163.430000
164.398000
167.610000
175.543000
167.598000
172.280000
173.043000
171.265000
175.964000
175.030000
177.475000
179.003000
181.334000
180.442000
182.158000
182.878000
185.127000
188.437000
187.920000
188.731000
191.959000
190.738000
197.309000
194.284000
197.933000
196.457000
200.492000
203.113000
203.444000
200.752000
206.821000
206.393000
208.184000
207.381000
210.863000
210.063000
216.100000
215.789000
219.933000
216.306000
219.773000
221.903000
223.872000
223.124000
224.705000
224.993000
231.287000
229.120000
229.650000
231.247000
238.163000
233.536000
239.592000
236.949000
245.012000
241.327000
244.297000
241.286000
251.156000
248.151000
254.517000
248.814000
255.995000
252.705000
255.518000
257.368000
266.189000
260.710000
263.032000
265.039000
268.468000
267.093000
270.850000
269.636000
275.442000
273.629000
274.189000
276.129000
284.175000
278.269000
283.122000
282.619000
286.209000
284.311000
293.071000
290.984000
293.393000
293.659000
296.713000
292.286000
299.497000
298.315000
303.872000
301.967000
317.772000
305.308000
311.053000
306.248000
313.540000
309.850000
319.589000
315.180000
322.319000
316.663000
323.495000
321.797000
327.367000
327.682000
329.152000
327.295000
337.182000
329.928000
334.648000
336.649000
340.719000
337.831000
347.917000
345.434000
350.124000
346.135000
351.528000
349.573000
359.477000
351.481000
359.866000
359.555000
365.429000
362.857000
364.676000
362.983000
371.782000
367.139000
373.764000
373.522000
379.601000
374.824000
380.010000
379.188000
389.226000
379.149000
389.990000
386.707000
394.733000
388.657000
395.433000
391.835000
411.112000
398.660000
405.342000
400.999000
408.548000
403.740000
408.710000
409.895000
416.383000
413.746000
422.142000
415.798000
431.772000
420.174000
425.925000
425.339000
431.970000
428.726000
433.953000
433.424000
439.420000
433.102000
439.049000
437.772000
445.264000
455.702000
458.313000
447.751000
468.493000
448.209000
455.888000
449.305000
468.198000
457.206000
464.920000
460.653000
471.448000
464.366000
468.373000
469.871000
478.955000
474.369000
479.640000
484.619000
489.376000
481.696000
485.021000
488.421000
491.483000
489.290000
498.205000
496.553000
503.035000
501.674000
504.263000
503.768000
514.648000
508.467000
517.050000
515.552000
522.536000
516.045000
522.619000
519.981000
527.285000
522.834000
532.952000
538.796000
556.593000
538.866000
545.400000
545.810000
557.105000
544.774000
560.381000
551.555000
562.145000
552.636000
551.716000
553.497000
568.025000
561.496000
567.330000
565.254000
574.413000
566.405000
585.612000
570.521000
582.808000
574.516000
590.080000
578.287000
594.955000
585.720000
588.581000
12.582000
12.687000
13.657000
14.221000
15.021000
15.506000
16.033000
17.184000
17.452000
18.212000
19.925000
20.394000
21.979000
22.062000
22.938000
23.747000
24.242000
24.932000
25.537000
27.398000
27.606000
28.772000
28.920000
30.104000
30.905000
30.535000
31.333000
33.156000
34.190000
35.831000
35.332000
35.072000
36.404000
37.573000
39.701000
42.693000
40.701000
41.154000
41.705000
44.416000
44.426000
44.562000
45.772000
48.628000
48.444000
49.295000
48.725000
49.202000
51.992000
52.542000
52.386000
53.691000
54.210000
56.930000
56.711000
56.794000
58.368000
59.541000
59.717000
63.918000
62.779000
64.544000
65.401000
64.484000
66.309000
68.041000
66.553000
68.968000
70.670000
70.582000
70.849000
73.594000
73.069000
75.924000
76.251000
77.565000
78.401000
79.649000
78.619000
81.612000
81.372000
81.920000
82.767000
84.808000
85.476000
87.747000
89.375000
89.987000
92.284000
92.061000
90.983000
94.270000
94.138000
94.707000
96.738000
97.873000
99.428000
102.271000
101.016000
103.515000
104.204000
104.088000
105.457000
106.795000
107.937000
109.362000
108.695000
112.385000
112.012000
114.729000
113.583000
117.121000
114.573000
118.406000
121.199000
120.675000
122.881000
122.479000
124.276000
126.682000
124.604000
128.170000
129.173000
134.562000
131.198000
133.853000
132.384000
139.915000
134.235000
141.891000
137.624000
141.286000
141.340000
148.243000
143.223000
147.631000
146.432000
151.467000
150.023000
153.173000
152.457000
153.302000
151.635000
158.838000
157.109000
161.677000
157.438000
162.139000
163.648000
166.384000
163.356000
170.455000
166.084000
169.551000
168.391000
175.019000
179.623000
177.817000
173.048000
182.264000
177.127000
187.107000
182.573000
185.429000
183.719000
184.985000
187.134000
193.508000
189.169000
194.223000
191.143000
198.164000
194.789000
199.754000
195.537000
201.895000
201.110000
206.976000
203.162000
209.828000
205.249000
209.404000
210.232000
212.400000
210.433000
214.547000
215.995000
223.058000
218.040000
221.228000
222.059000
226.701000
224.235000
230.217000
227.804000
235.752000
229.018000
232.493000
230.496000
237.190000
237.060000
239.957000
237.869000
243.138000
240.460000
243.711000
241.564000
249.303000
248.139000
262.371000
268.035000
288.135000
272.306000
257.667000
254.347000
261.663000
259.954000
264.097000
262.609000
271.003000
266.835000
269.592000
266.009000
275.001000
272.731000
277.113000
274.999000
284.907000
277.991000
280.120000
283.947000
290.021000
284.357000
292.162000
289.372000
292.129000
288.173000
297.656000
295.807000
298.295000
298.406000
305.236000
299.797000
309.668000
305.790000
306.800000
305.525000
314.177000
312.435000
318.734000
316.905000
321.865000
316.768000
325.953000
323.846000
329.151000
328.234000
333.096000
329.665000
337.893000
332.312000
336.391000
338.084000
345.947000
338.356000
346.934000
347.209000
347.041000
347.261000
353.334000
347.636000
358.618000
353.007000
361.530000
359.621000
364.644000
358.774000
364.009000
362.418000
373.363000
368.120000
373.551000
376.183000
380.022000
376.226000
386.661000
381.558000
387.938000
381.968000
390.394000
390.551000
393.617000
389.924000
395.884000
391.525000
402.597000
398.168000
406.452000
402.959000
410.543000
405.556000
409.766000
428.641000
417.222000
416.595000
423.814000
418.451000
431.684000
418.711000
425.219000
424.996000
433.709000
427.230000
441.173000
455.326000
497.888000
447.640000
488.014000
448.334000
446.729000
465.070000
468.528000
485.250000
489.418000
469.687000
509.172000
469.204000
473.917000
512.460000
502.897000
502.588000
562.746000
575.456000
489.380000
479.041000
481.653000
473.008000
482.059000
481.059000
491.913000
481.668000
494.011000
486.870000
520.752000
496.968000
501.024000
499.257000
508.502000
496.802000
507.722000
505.311000
523.245000
510.730000
526.035000
513.329000
526.050000
511.345000
524.102000
518.937000
528.546000
523.306000
528.452000
529.423000
544.010000
544.767000
538.591000
537.029000
544.906000
541.741000
551.391000
544.773000
555.820000
548.626000
556.958000
552.749000
566.381000
556.954000
573.057000
561.005000
577.545000
567.125000
568.097000
569.962000
581.539000
574.754000
587.566000
608.694000
591.254000
581.392000
593.485000
12.729000
12.445000
13.006000
14.624000
14.965000
15.323000
16.480000
16.833000
17.241000
18.465000
19.491000
20.779000
21.803000
21.793000
22.755000
23.071000
23.871000
24.620000
25.897000
27.266000
27.728000
28.548000
28.923000
30.463000
29.969000
31.250000
31.124000
33.241000
34.733000
35.680000
35.455000
35.385000
35.854000
38.126000
39.147000
40.132000
40.020000
40.649000
41.289000
44.521000
44.606000
45.040000
44.531000
46.648000
47.152000
48.914000
49.408000
48.690000
49.154000
50.574000
51.315000
52.796000
53.110000
54.025000
54.785000
57.037000
57.116000
57.345000
58.296000
60.277000
59.754000
61.509000
61.733000
63.896000
65.014000
65.311000
66.549000
67.544000
68.386000
69.055000
69.497000
71.706000
75.894000
73.333000
73.530000
75.501000
75.273000
77.893000
78.297000
79.493000
79.824000
81.154000
82.078000
83.891000
83.316000
84.706000
85.464000
87.427000
91.811000
89.607000
91.076000
92.069000
92.798000
95.089000
93.737000
96.111000
95.969000
99.076000
97.930000
99.866000
102.679000
102.876000
103.484000
105.025000
104.446000
106.768000
106.877000
108.764000
108.699000
111.243000
113.083000
114.110000
113.718000
115.725000
116.363000
118.117000
117.592000
121.168000
122.836000
125.094000
126.477000
128.552000
125.971000
128.873000
127.889000
129.710000
131.677000
134.606000
132.915000
135.622000
136.275000
137.552000
136.862000
141.013000
139.636000
146.391000
145.783000
146.442000
146.425000
147.774000
147.703000
150.549000
151.048000
153.745000
152.781000
155.312000
155.169000
161.391000
158.968000
160.419000
160.841000
164.005000
162.281000
168.892000
167.073000
170.755000
169.047000
172.520000
170.099000
176.314000
175.000000
176.886000
175.740000
180.675000
180.109000
183.209000
182.054000
185.685000
183.915000
188.769000
195.652000
197.695000
191.520000
192.243000
192.080000
197.484000
198.013000
199.343000
199.340000
203.392000
202.166000
206.164000
204.305000
208.916000
206.550000
213.054000
210.462000
214.802000
211.848000
215.741000
218.375000
219.617000
218.652000
222.061000
222.011000
228.718000
224.949000
226.497000
228.610000
235.786000
229.639000
234.815000
235.112000
240.907000
235.583000
240.623000
237.236000
245.390000
244.209000
247.231000
246.963000
252.925000
248.970000
251.318000
250.644000
256.706000
255.333000
259.306000
257.846000
265.217000
259.942000
266.342000
265.209000
271.989000
268.032000
272.554000
270.340000
277.926000
273.191000
275.181000
277.051000
282.744000
282.589000
286.551000
285.119000
289.277000
286.824000
292.551000
289.338000
296.070000
292.165000
299.311000
298.288000
302.215000
326.926000
355.386000
320.424000
354.002000
347.802000
337.253000
357.058000
360.994000
343.207000
337.632000
369.855000
338.696000
375.184000
353.306000
358.434000
375.854000
371.868000
363.868000
331.538000
341.583000
344.206000
340.076000
337.713000
351.952000
344.826000
347.518000
351.568000
360.473000
348.221000
355.292000
354.196000
368.626000
355.902000
364.926000
382.476000
380.177000
366.822000
379.850000
378.472000
380.349000
369.554000
374.865000
372.119000
383.390000
378.370000
383.906000
380.716000
393.023000
382.952000
384.666000
387.099000
395.155000
389.089000
399.935000
396.487000
404.993000
396.300000
406.949000
401.621000
411.349000
422.332000
429.770000
417.832000
423.883000
416.366000
421.229000
416.768000
426.415000
419.627000
426.428000
426.051000
436.134000
427.442000
432.596000
433.677000
458.708000
440.410000
443.410000
439.564000
450.621000
440.617000
458.161000
463.941000
464.604000
449.970000
459.353000
457.084000
467.168000
464.766000
471.962000
468.315000
473.283000
466.898000
479.174000
478.815000
487.055000
480.706000
487.094000
486.728000
486.292000
487.312000
496.525000
489.384000
504.060000
509.681000
496.525000
496.254000
503.463000
503.992000
510.952000
511.132000
521.361000
516.687000
522.348000
511.842000
524.678000
535.985000
544.741000
539.332000
540.832000
527.613000
542.408000
531.181000
543.403000
539.754000
545.224000
541.433000
562.624000
539.136000
555.859000
544.502000
556.905000
556.103000
572.709000
556.389000
568.759000
563.260000
576.003000
570.065000
579.948000
579.243000
586.763000
568.867000
586.519000
575.096000
592.339000
12.015000
12.380000
13.022000
13.726000
14.419000
15.278000
16.046000
16.622000
17.197000
18.055000
18.714000
19.957000
20.316000
21.438000
21.848000
22.898000
25.731000
24.362000
25.749000
26.516000
26.490000
27.440000
28.239000
29.132000
29.218000
30.426000
31.013000
32.002000
33.071000
34.129000
35.017000
35.030000
35.562000
40.886000
37.930000
38.394000
38.950000
40.249000
40.949000
41.451000
42.376000
43.221000
44.421000
45.259000
46.993000
47.103000
48.181000
48.937000
50.186000
50.947000
50.510000
52.175000
52.699000
54.113000
54.616000
56.899000
56.243000
57.517000
58.356000
59.448000
59.880000
62.600000
61.777000
64.314000
64.477000
66.238000
65.836000
67.322000
70.448000
70.527000
72.700000
73.707000
73.260000
73.771000
73.415000
74.654000
76.082000
78.073000
78.164000
81.028000
81.260000
82.678000
81.163000
83.568000
82.858000
89.602000
85.302000
87.833000
88.326000
89.939000
89.966000
92.568000
94.762000
98.639000
99.067000
99.938000
101.261000
101.200000
103.294000
107.609000
105.700000
105.709000
105.450000
108.450000
106.490000
111.159000
110.356000
111.534000
109.983000
116.718000
113.457000
113.403000
112.809000
115.450000
117.144000
117.703000
121.903000
127.869000
124.829000
124.110000
125.402000
128.135000
127.831000
130.042000
129.039000
131.101000
131.077000
133.606000
132.229000
136.509000
134.984000
138.495000
139.659000
139.991000
142.771000
143.923000
141.988000
145.106000
145.187000
149.208000
148.859000
150.182000
149.798000
153.912000
152.496000
155.849000
156.042000
160.318000
157.699000
159.169000
170.620000
164.424000
174.035000
167.076000
173.268000
169.372000
168.569000
171.794000
172.256000
176.933000
180.560000
183.045000
182.437000
190.049000
185.393000
184.363000
186.529000
193.126000
191.657000
194.093000
192.890000
197.661000
190.094000
193.534000
200.267000
200.698000
196.206000
204.487000
206.540000
211.696000
209.932000
209.884000
211.431000
214.916000
216.254000
214.190000
213.210000
217.971000
221.414000
217.521000
219.246000
219.982000
218.572000
224.655000
222.811000
225.892000
223.363000
234.592000
236.456000
240.309000
237.784000
235.237000
242.567000
241.720000
237.933000
244.787000
245.896000
244.866000
245.734000
248.784000
245.732000
256.320000
248.833000
253.482000
261.213000
256.973000
255.700000
267.020000
268.291000
267.096000
266.127000
268.868000
266.603000
279.664000
271.687000
282.626000
274.762000
284.439000
276.130000
290.776000
279.788000
290.867000
286.775000
292.402000
289.033000
293.865000
297.194000
306.138000
294.534000
300.659000
296.843000
306.654000
311.997000
313.586000
300.253000
307.618000
306.336000
308.433000
315.036000
322.965000
318.595000
330.313000
316.741000
324.077000
335.372000
378.796000
335.643000
346.167000
338.236000
333.873000
326.639000
333.272000
334.310000
352.438000
347.754000
359.186000
363.579000
345.572000
339.462000
347.297000
355.857000
356.322000
348.193000
355.748000
354.514000
365.152000
378.815000
418.987000
384.218000
420.361000
381.486000
401.316000
388.992000
376.076000
389.833000
431.236000
410.838000
433.896000
406.438000
433.354000
380.316000
397.961000
384.498000
385.973000
385.632000
396.557000
395.953000
417.930000
395.800000
417.266000
406.591000
410.934000
412.120000
417.155000
416.435000
418.098000
415.042000
428.598000
411.729000
420.194000
424.164000
426.171000
424.459000
432.691000
430.609000
434.734000
440.290000
441.776000
431.063000
450.666000
436.296000
443.991000
452.335000
452.962000
442.573000
452.213000
453.384000
472.925000
451.154000
466.274000
468.070000
466.306000
482.248000
469.741000
468.822000
488.641000
477.977000
489.883000
515.990000
492.355000
474.954000
478.599000
489.938000
501.413000
500.020000
491.568000
493.109000
497.027000
492.543000
526.515000
497.793000
502.201000
499.396000
512.669000
518.583000
520.847000
516.029000
516.463000
521.989000
522.736000
532.335000
533.487000
529.856000
531.541000
531.084000
534.692000
525.708000
545.381000
553.319000
585.017000
591.857000
579.465000
579.829000
605.574000
672.182000
601.764000
558.387000
564.283000
557.753000
577.637000
585.054000
591.358000
624.487000
639.445000
593.066000
584.049000
596.483000
599.408000
592.821000
601.182000
12.576000
12.533000
13.127000
14.057000
14.462000
16.087000
16.148000
16.736000
17.321000
18.010000
18.916000
19.983000
20.263000
21.288000
23.275000
26.482000
28.360000
26.513000
26.063000
26.777000
27.426000
27.281000
27.884000
28.948000
29.990000
30.162000
33.236000
33.511000
33.265000
36.561000
35.364000
35.762000
35.865000
37.658000
37.694000
39.049000
39.294000
41.096000
44.102000
43.943000
43.569000
44.513000
45.890000
47.899000
47.677000
57.870000
59.981000
67.172000
73.783000
65.572000
58.875000
59.313000
57.764000
66.535000
62.972000
64.548000
65.060000
63.541000
65.749000
66.088000
60.327000
63.855000
64.105000
65.655000
67.227000
68.495000
69.575000
71.711000
70.432000
70.936000
70.081000
72.063000
72.798000
74.009000
74.160000
75.795000
74.900000
76.560000
78.437000
79.515000
82.172000
81.337000
81.960000
83.991000
84.899000
85.134000
85.548000
99.612000
87.104000
89.053000
90.554000
92.358000
92.645000
94.063000
100.151000
96.773000
95.683000
98.319000
100.527000
104.943000
107.684000
107.784000
107.874000
106.878000
104.521000
106.998000
106.757000
110.571000
109.020000
118.809000
119.145000
118.083000
123.753000
119.490000
115.620000
119.364000
118.172000
129.105000
146.629000
133.129000
131.408000
133.693000
134.679000
137.883000
134.521000
135.241000
134.955000
138.072000
138.495000
139.306000
142.742000
147.045000
144.591000
149.796000
162.041000
166.096000
172.811000
161.072000
162.374000
181.997000
171.945000
164.279000
179.061000
160.016000
172.354000
184.165000
172.565000
168.335000
164.584000
169.800000
172.467000
170.910000
168.630000
172.457000
176.566000
178.443000
178.783000
187.537000
188.266000
189.268000
183.546000
189.123000
190.306000
195.469000
195.412000
210.909000
199.691000
201.292000
199.144000
194.381000
197.309000
206.698000
201.782000
209.080000
208.354000
207.915000
201.978000
207.296000
208.117000
213.942000
209.468000
210.966000
209.287000
223.345000
217.679000
214.724000
217.067000
228.775000
231.772000
241.417000
231.137000
244.761000
241.685000
233.211000
230.626000
242.888000
231.700000
238.077000
236.630000
241.525000
236.367000
244.207000
245.812000
245.135000
249.282000
252.218000
244.339000
257.748000
254.698000
261.615000
257.607000
261.528000
258.430000
267.599000
266.945000
267.694000
284.838000
277.524000
276.615000
281.951000
269.155000
274.610000
277.057000
282.076000
280.458000
279.713000
279.976000
291.741000
282.650000
286.759000
283.939000
290.351000
289.953000
299.964000
293.648000
304.303000
298.643000
296.782000
298.817000
305.063000
300.756000
305.634000
307.168000
311.840000
309.694000
317.875000
318.915000
323.058000
317.716000
326.330000
324.215000
323.201000
321.303000
333.498000
370.531000
352.763000
333.556000
328.007000
330.959000
334.871000
344.693000
337.534000
343.174000
339.943000
338.667000
343.786000
363.788000
366.460000
343.665000
359.247000
349.654000
359.671000
365.137000
365.357000
362.840000
368.942000
363.425000
370.853000
375.127000
368.268000
363.849000
367.587000
365.186000
379.111000
368.140000
385.397000
383.102000
386.641000
391.519000
397.397000
386.327000
395.378000
381.474000
391.866000
390.716000
392.954000
391.266000
410.213000
394.146000
410.413000
412.055000
421.832000
411.231000
418.080000
405.336000
413.068000
427.973000
422.373000
421.860000
428.733000
427.090000
443.236000
440.505000
441.851000
443.054000
458.556000
429.254000
439.974000
444.240000
451.982000
434.506000
456.006000
453.131000
462.176000
465.360000
457.856000
453.284000
466.541000
453.978000
477.257000
477.907000
476.852000
469.902000
474.876000
488.908000
489.478000
475.538000
486.169000
471.033000
485.278000
471.225000
503.155000
493.599000
512.444000
510.080000
513.217000
515.903000
531.844000
511.163000
502.431000
549.144000
539.435000
512.425000
566.990000
545.371000
534.261000
533.727000
538.640000
537.151000
541.815000
541.854000
558.205000
547.582000
573.957000
540.316000
538.209000
534.727000
596.018000
541.084000
555.833000
551.502000
557.803000
549.681000
551.077000
564.524000
563.700000
558.631000
561.029000
564.847000
571.483000
558.417000
571.118000
561.576000
574.576000
564.821000
603.670000
582.220000
607.485000
606.362000
600.499000
12.635000
12.425000
13.017000
13.916000
14.811000
15.771000
16.219000
16.892000
17.131000
19.176000
19.334000
19.785000
20.058000
21.532000
22.009000
22.906000
23.814000
24.757000
25.552000
25.758000
26.673000
27.253000
28.243000
29.259000
29.797000
30.163000
30.904000
32.197000
34.775000
33.873000
34.059000
35.118000
35.402000
37.579000
37.841000
38.906000
39.339000
40.243000
40.823000
42.216000
42.366000
43.802000
46.540000
48.666000
47.031000
49.369000
47.950000
48.423000
49.022000
50.674000
50.788000
52.983000
52.826000
54.104000
55.295000
56.123000
56.878000
57.616000
59.750000
60.146000
63.215000
67.036000
64.062000
66.810000
64.257000
64.869000
65.830000
66.908000
67.577000
69.055000
69.684000
70.561000
71.015000
74.740000
74.137000
76.550000
76.106000
78.101000
77.817000
79.446000
79.482000
82.170000
81.009000
83.473000
85.527000
86.409000
87.028000
89.126000
88.950000
93.932000
90.565000
92.765000
91.793000
93.307000
94.297000
97.338000
99.719000
98.174000
99.550000
100.962000
100.246000
101.933000
105.396000
108.472000
108.283000
111.481000
108.966000
110.479000
111.109000
114.770000
113.569000
114.094000
113.167000
116.421000
115.632000
122.328000
118.862000
125.266000
124.071000
124.173000
123.419000
129.934000
128.465000
129.657000
128.663000
131.946000
131.018000
135.529000
137.640000
138.820000
134.757000
138.820000
139.409000
139.934000
147.721000
148.416000
143.959000
147.303000
146.289000
156.951000
147.562000
151.395000
149.520000
159.930000
158.161000
156.314000
156.632000
158.938000
157.907000
160.525000
162.103000
167.000000
163.610000
176.059000
170.077000
169.997000
169.857000
172.372000
174.557000
176.014000
180.283000
178.147000
178.717000
188.260000
180.253000
181.145000
185.176000
186.082000
186.362000
191.002000
186.814000
193.486000
193.565000
194.095000
192.915000
196.567000
195.103000
199.611000
203.672000
214.160000
201.207000
202.977000
205.515000
210.468000
212.179000
216.390000
210.595000
215.946000
214.403000
216.634000
216.507000
224.114000
223.274000
226.309000
224.880000
229.524000
231.857000
232.923000
237.181000
238.649000
236.304000
240.984000
235.792000
243.480000
234.775000
249.481000
241.354000
245.875000
252.052000
248.635000
246.043000
250.149000
247.507000
258.931000
258.623000
255.269000
261.430000
265.055000
269.371000
286.822000
284.388000
284.164000
286.812000
293.677000
270.945000
273.782000
269.993000
276.679000
277.354000
276.712000
277.224000
295.543000
306.910000
295.456000
326.690000
299.988000
287.703000
303.527000
314.967000
314.040000
302.841000
323.509000
319.311000
329.919000
317.950000
329.036000
319.527000
312.906000
333.610000
334.006000
310.399000
338.843000
335.943000
330.288000
320.337000
330.812000
331.833000
348.620000
342.323000
352.573000
338.879000
341.700000
351.114000
358.259000
336.996000
349.506000
348.921000
348.340000
353.662000
347.449000
344.343000
400.799000
366.391000
352.701000
360.140000
386.190000
380.693000
387.886000
372.224000
396.437000
361.306000
401.328000
392.658000
388.055000
371.634000
390.150000
395.642000
387.286000
407.121000
407.964000
402.869000
412.232000
393.706000
397.230000
400.388000
412.153000
401.303000
419.530000
409.464000
428.435000
414.849000
433.368000
426.742000
409.074000
411.467000
448.296000
412.784000
424.266000
445.373000
423.823000
415.845000
426.277000
420.277000
434.100000
423.783000
438.235000
442.994000
433.540000
439.059000
467.308000
450.522000
473.254000
464.690000
479.596000
466.891000
502.492000
509.697000
514.710000
481.314000
486.321000
472.749000
475.237000
482.907000
475.066000
490.319000
487.322000
489.017000
499.863000
510.450000
573.615000
563.209000
530.582000
512.990000
485.815000
486.898000
501.033000
494.714000
522.356000
516.098000
497.519000
507.328000
510.685000
502.595000
514.280000
508.466000
517.059000
518.013000
524.867000
522.146000
532.517000
526.083000
531.064000
529.232000
536.512000
521.769000
539.574000
528.941000
551.046000
533.802000
557.706000
561.046000
578.330000
548.675000
562.795000
561.423000
554.220000
554.111000
565.257000
587.724000
688.861000
662.098000
589.697000
570.525000
606.779000
571.823000
626.496000
600.093000
610.426000
611.040000
658.100000
13.953000
13.657000
14.887000
14.944000
15.482000
16.678000
16.991000
17.973000
21.459000
20.424000
20.427000
20.442000
21.668000
22.468000
22.636000
23.685000
24.080000
24.201000
25.631000
25.511000
26.972000
27.331000
28.860000
29.869000
30.400000
32.723000
32.256000
34.024000
34.035000
35.453000
37.025000
37.172000
39.267000
38.996000
39.400000
41.011000
40.976000
42.483000
42.913000
45.828000
44.454000
46.836000
47.628000
47.922000
47.756000
48.162000
47.555000
49.497000
49.995000
51.499000
51.008000
53.109000
54.034000
55.625000
58.161000
59.149000
59.173000
60.293000
58.148000
59.855000
60.201000
62.387000
62.460000
63.692000
64.652000
65.312000
65.573000
67.057000
68.606000
69.946000
69.856000
72.539000
71.425000
72.711000
72.973000
76.030000
75.395000
76.607000
77.020000
79.340000
85.150000
85.288000
86.696000
88.618000
84.907000
85.794000
87.009000
87.397000
87.753000
92.172000
92.524000
95.850000
96.210000
98.245000
103.785000
100.983000
98.696000
98.359000
102.462000
101.750000
101.342000
101.603000
105.386000
105.823000
105.088000
107.092000
106.289000
110.774000
116.306000
117.998000
115.784000
123.112000
124.745000
116.786000
134.289000
134.810000
135.488000
121.666000
121.657000
133.796000
131.770000
133.489000
131.512000
136.052000
135.195000
135.943000
133.317000
136.898000
139.123000
139.658000
138.259000
138.470000
137.767000
140.186000
143.989000
144.610000
142.805000
146.441000
151.249000
157.009000
175.182000
160.955000
157.508000
159.589000
161.156000
163.062000
162.227000
160.943000
161.359000
168.941000
164.836000
166.256000
167.817000
174.513000
175.651000
173.123000
174.492000
176.069000
178.619000
185.103000
183.503000
177.928000
183.158000
182.720000
183.542000
183.631000
181.520000
185.524000
183.844000
189.515000
195.790000
198.775000
191.079000
194.001000
193.069000
198.275000
195.852000
199.645000
200.957000
211.393000
207.016000
206.674000
204.445000
213.812000
214.512000
223.711000
210.248000
218.580000
214.143000
231.064000
228.298000
231.331000
230.566000
230.550000
227.475000
239.327000
232.505000
233.522000
238.793000
239.740000
236.011000
247.210000
239.013000
240.241000
260.981000
255.059000
249.014000
255.718000
254.610000
257.346000
245.681000
261.007000
257.634000
263.473000
262.977000
259.785000
260.403000
266.925000
261.198000
274.580000
261.219000
269.815000
273.146000
279.245000
270.945000
277.815000
271.371000
277.208000
276.020000
279.293000
278.020000
285.135000
281.485000
287.231000
283.301000
289.829000
287.323000
292.829000
289.402000
299.995000
293.000000
301.798000
296.616000
304.719000
298.041000
304.451000
304.088000
308.495000
305.320000
321.280000
313.571000
316.930000
325.584000
321.067000
316.255000
330.779000
332.255000
329.219000
339.090000
339.832000
331.926000
338.851000
335.851000
335.010000
342.620000
348.630000
341.096000
347.749000
343.868000
362.741000
360.094000
359.853000
348.137000
363.902000
358.944000
367.310000
369.599000
361.856000
379.098000
384.690000
364.166000
387.983000
373.539000
377.794000
376.096000
380.449000
382.252000
385.980000
387.757000
396.976000
388.742000
396.245000
396.146000
407.466000
413.124000
453.314000
440.427000
402.078000
408.303000
406.341000
401.846000
409.192000
401.001000
412.770000
417.124000
416.296000
417.015000
430.462000
433.565000
418.358000
417.221000
427.131000
430.605000
454.129000
431.936000
443.073000
425.785000
436.900000
438.781000
443.265000
437.323000
448.851000
450.400000
460.678000
444.175000
455.975000
458.445000
465.226000
475.688000
462.319000
460.624000
473.195000
457.982000
468.791000
463.452000
477.625000
480.280000
494.164000
495.831000
499.654000
476.778000
482.542000
486.111000
499.317000
480.009000
494.172000
486.293000
507.827000
500.915000
502.115000
497.858000
509.038000
517.114000
539.807000
544.221000
606.644000
590.710000
558.332000
535.593000
529.885000
522.403000
523.953000
527.292000
543.083000
546.504000
552.513000
552.518000
552.364000
544.877000
578.423000
551.153000
570.366000
551.491000
567.476000
551.687000
569.671000
554.274000
561.771000
560.336000
567.486000
562.979000
569.770000
564.266000
576.421000
563.915000
591.103000
576.597000
586.245000
572.706000
586.050000
