-18.639429
-5.716514
-7.797360
-9.454700
-1.031159
-2.198728
-0.536946
-30.110456
-0.624091
-0.959968
-0.502087
-0.551721
-0.746136
-0.463864
-0.354647
-0.161620
-0.012566
0.143511
0.246184
0.374495
0.449360
0.562605
0.608650
0.719164
0.759309
0.866390
0.901173
0.983124
0.995744
1.031575
1.001081
0.982914
0.980987
0.883972
0.866216
0.844562
0.995126
0.787529
0.788353
0.719858
0.660133
0.969154
1.019592
0.580902
1.024583
0.539127
0.334301
1.024719
0.960696
1.024763
1.024639
0.091271
0.215487
1.025471
0.169240
0.962916
0.045217
1.030924
1.019987
1.025600
1.024933
1.019556
1.026035
0.024312
1.031250
-0.976332
-0.166711
0.009361
0.248015
0.455538
0.798794
0.916069
1.009975
0.936488
0.700084
0.645469
0.679647
0.291623
-1.188344
0.273413
-0.015063
-5.707698
0.969988
-162.899997
1.010071
0.972595
0.850131
0.861697
0.774615
0.912072
0.784534
0.789665
1.016473
0.620943
1.027812
0.928687
0.977610
1.030054
1.009076
0.947395
1.012501
1.025175
1.029385
0.584647
1.001657
1.014637
1.031391
1.027938
0.954402
1.027969
0.981260
1.026255
1.023623
1.029843
0.929930
1.028013
1.027065
1.031538
1.022477
1.010146
1.028737
1.021406
1.025202
1.016495
1.031069
1.031252
1.025563
1.024916
1.025737
1.028298
1.030880
1.022707
0.997232
1.030092
1.020226
1.030660
1.012023
1.020792
1.031562
1.030572
1.022576
1.026597
1.024597
1.028573
1.030597
1.031433
1.026957
1.029040
1.029557
1.031396
1.024852
1.006984
0.286892
1.022420
1.029794
1.025657
1.029554
1.031130
1.029546
1.021554
1.019640
1.022555
1.031269
1.029904
1.028205
1.030600
1.029895
1.017629
1.030211
1.029633
1.030510
1.029902
1.013036
1.020154
1.027968
1.019629
1.030556
-2.293991
1.030339
1.030624
-2.124982
-150.899993
1.028830
1.019091
1.031244
1.023453
1.030053
1.027156
1.030313
1.023862
1.031465
1.021458
1.028750
1.031227
1.024133
1.031318
1.030233
1.027395
1.027815
1.030945
0.993879
1.021975
1.029781
1.029001
1.030760
1.029922
1.030107
1.030499
1.023346
1.020653
1.027578
1.029351
1.029787
1.022768
1.030959
1.027031
1.018390
1.031051
1.027531
1.031048
1.031245
1.025420
1.003079
1.029918
1.030031
1.027273
1.030531
1.030256
1.016008
1.030315
1.019777
1.030086
1.030202
1.029162
1.030869
1.024192
0.944195
1.029540
1.030630
1.031058
1.030198
1.030200
1.028931
1.031186
1.029494
1.028076
1.030210
1.029801
1.031299
1.028672
1.027200
1.030648
1.028891
1.023425
1.028883
1.031110
1.019589
1.031580
1.023601
1.029350
1.031079
1.030104
1.028556
1.028388
1.019806
1.031500
1.012902
1.019644
1.029362
1.031387
1.030599
1.029524
1.030308
1.026989
-0.606370
-46.669759
1.031533
1.030092
1.028426
1.014071
1.029526
1.029608
1.031083
1.031097
1.029712
1.028644
1.028810
1.029250
1.031578
1.028178
1.031537
1.010519
1.029886
1.021934
1.029838
1.027768
1.031618
1.028701
1.030461
1.030181
1.029732
1.031603
1.025372
1.030264
1.030712
1.028064
1.028958
1.031606
1.029035
1.030581
1.023022
1.031522
1.028948
1.024811
1.029472
-51.366993
1.031597
1.030056
1.030883
1.028786
1.029088
1.031549
1.027961
1.016764
1.029632
1.031505
1.024913
1.031581
1.028967
1.028246
1.029765
1.031273
1.031608
1.029150
1.030439
1.031021
1.029045
1.031196
1.020932
1.017442
1.028361
1.030969
1.030168
1.029036
1.031519
1.028021
1.030408
1.030976
1.031396
1.029832
1.030332
1.027848
1.029659
1.030542
1.024061
-49.861433
1.016151
1.031367
1.031471
1.030533
1.029328
1.030327
1.028063
1.031024
1.031621
1.029320
1.030036
1.030093
1.018822
1.028923
1.031481
1.031227
1.031213
1.030052
1.029722
1.028358
1.029886
1.028099
1.031604
1.028939
1.031601
1.029928
1.029574
1.025695
1.031570
1.028294
1.031570
1.030024
-162.898246
1.011220
1.026650
1.030433
1.030721
1.026504
1.028861
1.031270
1.027024
1.030142
1.021502
1.031294
-0.637133
-23.857051
0.832333
-25.325745
-38.154850
-4.014307
-1.769667
-2.955969
-123.718421
-2.424428
0.817460
0.799226
0.837313
0.836300
0.836468
0.839603
0.841319
0.846595
0.847288
0.852007
0.856013
0.857821
0.863009
0.865844
0.871174
0.874134
0.881753
0.886788
0.891800
0.905975
0.919029
0.934609
0.957329
0.970864
0.993360
1.006150
1.012198
1.021447
1.025174
1.027325
1.030832
1.030291
1.031348
1.029415
1.028334
1.029213
1.028130
1.031579
1.020266
1.018150
1.029606
0.999485
1.024135
1.026247
1.013382
1.013052
0.987508
0.979513
0.969246
0.945069
0.947422
1.010030
0.931846
0.919940
1.014228
0.899423
0.898195
1.012099
0.997846
1.016081
0.854986
0.859500
1.027925
1.026022
1.028668
1.028366
1.026314
1.027743
0.993041
0.736468
0.677321
0.719113
0.689191
1.031428
1.025285
1.027503
1.030836
1.025346
1.031498
1.027787
1.030485
1.026494
0.689783
0.580335
0.586879
1.023354
1.024332
1.030901
1.018149
1.030993
1.029674
0.479666
1.024915
1.030924
1.030971
1.027553
0.479217
1.024316
1.029755
1.025078
1.031296
1.012679
1.029687
1.030926
1.023336
1.029633
1.030619
0.349070
1.029175
1.030510
0.071075
1.008543
1.029354
0.099581
1.013224
-0.113493
1.027597
1.031169
-0.456944
1.028920
-0.009424
1.027291
0.029942
1.006147
1.015038
1.015365
1.011080
1.013214
1.015391
1.006540
1.011200
1.015511
-0.031522
1.015409
-0.421840
0.091772
-0.657528
0.563073
1.013808
0.819257
0.848624
0.929674
0.892163
0.819071
0.524093
0.249056
1.020547
0.615376
0.287320
-1.089336
-162.899997
0.984843
0.852487
0.978136
0.920197
0.475734
0.904070
0.728770
0.966705
0.848446
1.026903
0.589856
1.027188
0.997570
1.006297
0.976707
0.858532
0.459788
1.012118
1.021783
1.031151
0.994059
1.030270
1.026112
1.025908
1.028582
1.029490
1.011427
1.012862
1.024202
1.031153
1.025372
1.028213
1.030457
1.026205
1.025782
1.030835
1.028197
1.022144
1.023943
1.031503
1.023252
1.030664
1.024096
1.030971
1.023107
1.016897
1.031463
1.028209
1.023804
1.030268
1.029859
1.022456
1.017325
1.031409
1.030478
1.025216
1.030445
1.029552
1.003850
1.028399
1.030377
1.029701
1.001906
1.022173
0.998535
1.030059
1.022734
1.030682
1.029930
1.028251
1.018205
1.031383
1.027800
1.030931
1.030664
1.029335
1.027703
1.028555
1.030550
1.030854
1.025480
1.026957
1.031155
1.030081
1.027618
1.027957
1.031193
1.027717
0.237432
1.031538
-0.903391
-109.223334
1.019844
1.030741
1.030573
1.031302
0.995547
1.029378
1.023120
1.030748
1.029503
1.029546
1.026271
1.029097
1.030155
1.031257
1.024962
1.017871
1.023916
1.031140
1.027911
1.031482
1.027719
1.029239
1.030888
1.027525
1.030310
1.019810
1.031439
1.029564
1.029224
1.030601
1.031153
1.030299
1.027171
1.031323
1.027591
1.030179
1.028246
1.030665
1.027344
1.030448
1.024355
1.031142
1.027764
1.030298
1.031003
1.025522
1.031244
1.028135
1.029999
1.027020
1.031270
1.023458
1.031399
1.028925
1.031116
1.030191
1.025418
1.031068
1.015756
1.024960
1.030822
1.029381
1.014716
0.998060
-49.307311
1.031026
1.030660
1.028377
1.030860
1.031004
1.025373
1.029125
1.030784
1.030946
1.029919
1.030376
1.030757
1.027663
1.029414
1.027602
1.031589
1.030336
1.030248
1.031412
1.025477
1.030066
1.031307
1.029651
1.029137
1.022865
1.031209
1.027362
1.025086
1.031577
1.023447
1.031108
1.027158
1.031362
1.030690
1.030816
1.030316
1.027650
1.031296
1.030240
1.028327
1.031236
1.030569
1.031214
1.030149
-1.707067
1.030192
1.026846
1.030392
1.030534
1.031607
-49.049903
1.024529
1.013192
1.026097
1.029394
1.030415
1.031263
1.030158
1.023936
1.031250
1.030299
1.030176
1.031162
1.028948
1.030659
1.030065
1.031436
1.029875
1.026307
1.029847
1.031162
1.030874
1.028771
1.031477
1.025876
1.030902
1.026655
1.024068
1.031423
1.031155
1.030250
1.030952
-1.734040
-7.007989
-100.294514
-76.736426
-2.005547
-5.460660
-8.268916
-2.398590
-1.442313
-6.417032
-1.854383
-1.587567
-2.078132
-1.546892
-1.474904
-1.472919
-1.457551
-1.439966
-1.417246
-1.384232
-1.338834
-1.266843
-1.181977
-1.132453
-1.051079
-0.963302
-0.865508
-0.781070
-0.682034
-0.597049
-0.498110
-0.419291
-0.324702
-0.262397
-0.194831
-0.163611
-0.157125
-0.127341
-0.011441
0.078512
0.155490
0.236108
0.300006
0.371068
0.426712
0.493622
0.545404
0.610744
0.662074
0.726114
0.776534
0.836057
0.881314
0.931039
0.964776
0.999171
1.014543
1.030194
1.021685
1.022717
1.030782
0.981342
1.017871
0.986406
1.022972
0.991370
0.983010
0.973684
0.939714
1.012046
0.905045
1.006275
0.890670
1.001828
0.959507
1.025888
1.011584
1.028511
0.934763
0.877145
1.029514
1.023871
1.031082
1.027778
1.029301
1.024471
1.024404
1.030996
1.027348
1.026691
1.030835
1.018020
0.821552
0.725444
1.017629
1.031197
1.021876
1.027232
1.030133
1.030739
0.864410
0.774305
1.027656
1.027679
1.031183
0.608791
1.024541
1.030626
1.025263
1.031026
1.025304
1.030804
1.025205
1.030242
1.030562
0.708105
0.551465
1.024109
1.028824
1.029418
1.019458
1.031122
1.023250
1.031439
1.025208
1.029011
1.029224
0.397565
1.013799
1.028862
1.031044
1.030889
0.308589
1.028227
1.030310
1.028166
1.029869
1.024072
1.031201
1.025954
1.023550
0.359851
1.031588
1.028635
1.023556
1.027633
1.031387
1.007739
1.031320
1.030913
1.028845
1.029799
1.030437
1.027080
1.031194
1.027329
1.030203
1.024051
1.022933
1.022402
1.031510
-0.013070
1.030348
1.029605
1.031225
1.030862
1.023456
1.029625
1.027300
1.030918
-0.728920
0.009281
-0.537292
0.298453
0.624985
0.765721
0.967335
0.981136
0.981492
0.761190
0.562333
0.858288
0.587752
0.516740
0.600922
0.133354
0.117990
0.944643
0.939292
-0.999558
-0.546618
1.015405
0.894138
0.628012
-150.899997
1.010260
0.833049
0.882459
1.021039
0.822029
0.934012
1.029593
0.829381
0.971814
0.981803
1.025370
1.018127
1.019965
1.031495
1.023157
1.030240
1.022400
0.998393
1.030985
1.027995
1.024936
1.028313
1.012039
1.024300
1.010612
1.031049
1.027654
1.018925
1.020672
1.030823
1.030262
1.016018
1.029330
1.030022
1.019501
1.029361
1.030602
1.028381
1.029087
1.029813
1.029209
1.025327
1.018592
1.030432
1.030650
1.020599
1.020033
1.028627
1.031220
1.026179
1.027164
1.030813
1.030681
1.028353
1.030301
1.030280
1.017479
1.024492
1.030330
1.027003
1.031362
1.029054
1.027938
1.030508
1.030905
1.027347
1.027258
1.031194
1.025522
1.019178
1.028924
1.020410
1.004037
0.991881
1.031397
1.017615
1.031553
1.030406
1.030347
1.028787
0.071828
-1.299503
-150.899997
1.026811
1.030629
1.029327
1.030398
1.020712
1.030147
1.031304
1.014432
1.028429
1.025930
1.031010
1.030794
1.029405
1.028286
1.030938
1.028216
1.029293
1.030352
1.031547
1.029767
1.027893
1.028833
1.031006
1.022260
1.031544
1.029720
1.027791
1.027972
1.030032
1.029331
1.031116
1.029863
1.027232
1.029971
1.031539
1.008646
1.023434
1.031025
1.029768
1.031585
1.023664
1.029581
1.025025
1.028613
1.031296
1.030601
1.029650
1.026082
1.030424
1.031505
1.028123
1.027312
1.031110
1.031273
1.022989
1.030463
1.027949
1.030647
1.029014
1.030766
1.031510
1.028236
1.030861
1.030409
1.018676
1.018888
1.023342
1.031255
1.028133
1.030441
1.028725
1.031105
1.028389
1.029911
1.030886
1.021903
0.862171
1.030745
1.015098
1.028694
1.028100
1.027738
1.031538
1.031617
1.027627
1.028304
1.031112
1.030101
1.031498
-107.817277
1.030934
1.030965
1.030197
1.030648
1.027006
1.031052
1.030681
1.023015
1.029886
1.027537
1.022564
1.031179
1.028279
1.022949
1.031406
1.029677
1.028074
0.994121
1.029976
1.031276
1.029675
1.031110
1.031117
1.031019
1.029497
1.030079
1.030757
1.029816
1.022867
1.030924
1.030941
1.029592
-37.758126
-29.528651
-13.182037
-50.363610
-36.979497
-26.871727
-2.324477
-37.780945
-1.287049
-3.324529
-1.288271
-1.233305
-1.217911
-1.216514
-1.207982
-1.203628
-1.193633
-1.187952
-1.182359
-1.167264
-1.156019
-1.143122
-1.128015
-1.098280
-1.051072
-0.980559
-0.906735
-0.820625
-0.755732
-0.678305
-0.610137
-0.534311
-0.475609
-0.405141
-0.352771
-0.289769
-0.230336
-0.199534
-0.149134
-0.112418
-0.085369
-0.056239
-0.034984
-0.021272
-0.006757
-0.001776
0.006826
0.005580
0.013155
0.007791
0.018071
0.010457
0.012909
0.032051
0.033267
0.069224
0.058149
0.124315
0.116764
0.194124
0.202781
0.286976
0.309303
0.402799
0.459658
0.547613
0.620954
0.699132
0.771425
0.836373
0.895839
0.942897
0.982192
1.008364
1.024437
1.030123
1.024924
1.030922
1.010814
1.028026
0.984553
1.020332
1.026775
1.003748
0.985326
0.945125
0.901843
0.991733
0.957677
0.913741
1.005187
1.011484
0.924201
0.903843
0.880857
1.025263
0.992028
1.028029
1.031301
1.027460
1.026935
1.018337
1.026607
0.787638
0.997736
1.030839
0.801651
1.030203
1.023716
1.030032
1.024013
0.653645
1.026427
1.029664
1.031270
1.026543
1.027059
1.030593
1.022883
1.031592
0.751720
0.628169
1.026595
1.026835
1.027440
1.031462
1.021979
1.021467
1.022752
1.031607
1.025922
0.666280
0.581677
1.031043
1.030696
1.025387
1.027210
1.028548
1.030202
1.022952
1.015407
0.514610
1.031387
1.030702
1.030577
1.022709
1.008419
1.011748
1.030528
1.030077
1.026325
1.029790
1.030230
1.029815
0.281799
1.031214
1.028643
1.022706
1.029727
1.027531
1.027021
1.031300
1.022338
1.031355
1.028334
1.031354
1.030300
1.025293
1.026925
1.031298
-0.040678
1.030355
1.023031
1.029943
1.027080
1.031191
1.029837
1.031183
1.029213
1.022325
1.030092
0.014416
1.030824
1.030500
1.024141
1.027841
1.024359
1.030483
1.031132
-0.249368
1.022660
1.031180
1.030716
1.029883
1.030179
1.030598
1.024961
1.025514
1.030797
1.029695
1.030968
0.224894
-0.544553
0.483651
0.768647
0.923214
0.999402
0.961770
0.741900
0.684194
0.594650
0.442029
0.413598
0.046614
0.952659
0.317684
0.082291
-1.097890
1.012665
-0.378576
0.920945
0.580783
-105.750936
0.831730
0.988255
0.788759
1.024344
0.791912
0.877983
0.842401
1.029886
0.979383
1.013865
0.982570
1.013422
1.023627
0.957552
1.030752
1.025015
1.008792
1.030503
1.026976
1.030468
1.021398
1.025390
1.027294
1.024721
1.031190
1.015289
0.999548
1.028308
1.028746
1.028466
1.031180
1.019902
1.031003
1.030538
1.026802
1.029841
1.020400
1.031064
1.030412
1.031104
1.030263
1.027946
1.027116
1.031132
1.022814
1.010115
1.030504
1.030669
1.028170
1.030853
1.030681
1.031323
1.029780
-0.644785
1.028846
1.030853
1.029973
1.027422
1.031345
1.023880
1.031583
1.023887
1.029244
1.030588
-2.080893
1.030178
1.028635
1.024450
1.030771
1.031404
1.029383
1.030598
-48.239258
1.030975
1.029649
1.025884
1.019568
1.031576
1.030163
1.029954
1.029615
1.031273
1.031392
1.029905
1.029167
1.029662
1.029845
1.030801
1.021697
1.031464
1.020878
1.029470
1.031470
1.029236
1.029936
1.031176
1.029452
1.031455
1.024688
1.025370
1.029886
1.031337
1.029419
1.022150
1.031301
1.030927
-150.899998
0.999943
1.029549
1.021071
1.022780
1.031326
1.029048
1.024523
1.026313
1.028710
1.031185
1.031520
1.027481
1.025809
1.028752
1.023773
1.022178
0.977225
1.031569
1.026961
1.026662
1.031500
1.028349
1.014512
1.023645
1.031492
1.009945
1.030495
1.028243
1.030770
1.027101
1.025394
1.031264
1.029805
1.025137
1.016830
1.030511
1.027387
1.030513
1.022188
1.030542
1.027088
1.029902
1.031168
1.031478
1.024918
1.031433
1.029812
1.030472
1.029884
1.022937
1.030691
1.027140
1.028363
1.030421
1.031572
1.030720
1.030449
1.030303
1.029931
1.030791
1.031316
1.030112
1.028846
1.030570
1.027649
1.029609
1.031413
1.027070
1.021362
1.031610
-2.383185
-7.238789
-5.815712
-2.548850
-32.364122
-10.838812
-44.882215
-139.215806
-56.162491
-2.079259
-2.093978
-2.090656
-2.071140
-2.067332
-2.066115
-2.067968
-2.064954
-2.063733
-2.060363
-2.060145
-2.057751
-2.055687
-2.054092
-2.051546
-2.049586
-2.046692
-2.044580
-2.041176
-2.038465
-2.034989
-2.032579
-2.025736
-2.021165
-2.015857
-2.009859
-1.993052
-1.972432
-1.940349
-1.890429
-1.844121
-1.784737
-1.749050
-1.686951
-1.618247
-1.564444
-1.488397
-1.410125
-1.364488
-1.283686
-1.204727
-1.155889
-1.075628
-1.000764
-0.930547
-0.860562
-0.799242
-0.743244
-0.694908
-0.650706
-0.617026
-0.585571
-0.566931
-0.545021
-0.539054
-0.520365
-0.522257
-0.498954
-0.495465
-0.459315
-0.426375
-0.358620
-0.281395
-0.189401
-0.085154
0.024181
0.143273
0.260523
0.377624
0.488007
0.590668
0.683174
0.763520
0.832787
0.888577
0.934966
0.968728
0.995400
1.011469
1.023682
1.027688
1.031387
1.026612
1.028262
1.027814
1.029012
1.031506
1.020681
1.030406
1.021297
1.030550
1.004237
1.025372
1.027314
1.028476
1.012057
1.020739
1.000487
0.979433
0.975741
0.980398
1.011132
0.966528
1.015283
0.947087
0.942199
1.015224
1.007147
1.008155
1.000324
0.930288
1.028022
1.028596
0.988641
1.023837
1.017543
1.026663
1.031103
1.009338
1.028827
0.907555
0.824215
0.898642
0.847364
1.030228
1.030725
1.028425
1.025547
1.030678
1.025236
1.031524
1.029189
1.027753
1.031015
1.028843
1.030973
1.016495
0.856121
1.027765
1.025495
1.031480
1.029120
1.030868
1.030747
1.027254
1.028978
0.730495
1.025545
1.029223
1.029907
1.031240
0.727971
1.028410
1.030077
1.029017
1.024408
1.026985
1.024178
1.024270
1.031605
1.031612
1.028640
1.031122
0.729974
0.683052
1.027316
1.028716
1.022961
1.030496
1.031298
1.024978
0.624889
1.025659
1.027670
1.028805
1.031239
1.027045
1.031439
1.018571
1.031414
1.025308
1.031029
0.476443
1.027386
1.031080
1.030595
1.026391
1.026630
1.031339
1.030812
1.024217
0.475190
1.028990
1.031151
1.030418
1.025328
1.030503
1.030949
1.028959
1.030423
1.026861
1.031021
1.025793
1.031120
1.022340
1.031000
1.024731
1.022371
1.029941
1.031395
1.030962
1.030897
1.029360
1.030795
0.416005
1.030288
0.244980
1.030550
1.026106
1.029579
1.027041
1.031307
1.030804
1.028595
1.023364
1.031375
1.030855
1.030007
1.030960
1.028797
1.030297
1.025558
1.028153
1.031499
1.024005
1.030264
1.030733
1.026437
1.031248
1.027564
1.031329
1.030062
1.030972
1.031010
1.024539
1.030761
1.030430
-0.372735
0.353356
1.030717
1.024432
1.031018
1.030431
1.024898
1.030620
1.024507
1.021859
1.031286
1.030184
1.024747
1.020614
1.031105
1.031017
1.030988
1.030544
1.030674
1.030394
0.052719
-0.151925
1.030634
1.030337
1.030555
1.030142
1.030619
1.030172
1.010191
1.030802
1.030026
1.030127
1.024956
1.030732
1.030475
1.029349
0.186231
-0.305274
-0.135854
0.655100
0.698994
0.323319
0.818689
1.022330
0.934374
0.830359
0.903006
0.447041
0.213189
1.018130
0.214348
0.992510
0.498658
0.436039
0.980733
0.960579
-0.377935
-47.060658
0.900979
0.728884
0.890622
1.017206
0.941245
0.942804
1.030507
1.022415
1.012019
1.013713
1.031028
1.011648
0.902565
1.002963
0.991745
1.026370
1.029845
1.030109
1.029808
1.020333
1.025557
1.014146
1.029608
1.030289
1.027380
1.024036
-1.423196
1.028210
1.028550
1.028362
1.030652
1.028376
1.010975
1.023917
1.022967
-108.478921
0.922872
0.983077
1.019286
1.031412
1.028062
1.031388
1.012321
1.027442
1.030475
1.029568
1.026048
1.029308
1.031456
1.026661
1.025097
1.030605
1.030119
1.012706
1.027107
1.022568
1.031356
1.026139
0.628439
1.018762
1.031335
1.030055
1.028994
1.028429
1.030171
1.030767
1.018007
1.029824
1.025487
1.030722
1.029336
1.023681
1.031370
1.028359
1.027448
1.029990
1.022027
1.031611
1.031220
1.030107
1.030226
1.030298
1.028771
1.027387
1.024704
1.031625
-100.966153
-11.812902
-37.691401
-33.731492
-4.460123
-131.030318
-1.686107
-50.194315
-2.306698
-0.452181
-0.459311
-0.497334
-0.421705
-0.413115
-0.397233
-0.391356
-0.388025
-0.385230
-0.369114
-0.362124
-0.355964
-0.350514
-0.345503
-0.340623
-0.335481
-0.320958
-0.308595
-0.295925
-0.282461
-0.269233
-0.256928
-0.244654
-0.224256
-0.195883
-0.160859
-0.124858
-0.096063
-0.069851
-0.060109
-0.029875
-0.006866
0.011784
0.030119
0.035843
0.053749
0.054387
0.053593
0.084653
0.052136
0.106898
0.052371
0.120039
0.135615
0.136638
0.160976
0.172186
0.179110
0.194271
0.194966
0.205777
0.208780
0.209196
0.213189
0.213168
0.212575
0.208983
0.215086
0.212445
0.213043
0.214753
0.210428
0.212388
0.212144
0.215378
0.215381
0.205326
0.206932
0.214822
0.214902
0.206372
0.214858
0.194944
0.212299
0.196071
0.194920
0.188265
0.170866
0.206238
0.209021
0.208155
0.171306
0.157162
0.156350
0.146440
0.205541
0.211822
0.212432
0.209105
0.204692
0.212972
0.212279
0.212354
0.212545
0.212697
0.212526
0.213007
0.213197
0.211515
0.213190
0.212816
0.206697
0.213787
0.215012
0.212206
0.212958
0.068941
0.053174
0.212349
0.213531
0.211946
0.215455
0.212679
0.214882
0.215419
0.211047
0.213308
0.215107
0.212105
-0.009796
0.214824
0.201963
0.215415
0.214999
0.214908
-0.066674
0.210672
0.214974
0.215345
0.214560
0.213135
0.213932
0.214445
0.214430
0.213136
0.214319
0.213661
0.212526
0.209671
0.214798
0.215142
0.213245
0.213956
0.213251
0.212119
0.215241
0.213427
0.213757
0.212663
0.214170
0.213989
0.215169
0.211794
-0.233538
0.209336
0.213482
0.215220
0.211934
-0.339663
0.213135
0.213512
0.212212
-0.416766
0.215448
0.213381
0.213856
-0.451948
0.214615
0.210927
0.211652
0.215450
0.213382
-0.332527
0.214949
0.209225
0.212706
0.215431
0.214052
0.213362
0.215438
0.210233
0.210596
0.210494
0.209589
0.210382
0.211047
0.215230
0.209067
0.210237
0.209919
0.203087
0.215408
0.210908
0.211264
0.212779
0.215394
0.208862
-0.682549
0.210348
0.215406
0.209714
0.210394
0.209696
0.211453
0.215417
0.215426
0.208898
-2.477123
-0.574313
0.202026
0.202563
-0.299760
0.037890
0.413174
0.655149
0.861464
0.955985
1.024295
0.996973
0.972388
0.946554
0.832907
0.807997
0.817110
0.792866
0.710499
0.751403
0.970948
0.997025
1.022087
0.865231
1.009803
1.029583
0.957048
0.537370
1.001556
0.943140
0.675260
1.028236
1.020943
1.029951
0.506134
1.009265
1.027107
1.030522
0.552240
1.021238
1.027742
1.022154
1.026144
1.024625
1.031260
1.020411
0.998040
1.031352
0.828797
1.029093
1.020469
1.029915
0.417935
1.021311
1.022254
1.030232
1.016210
1.027414
1.031334
1.029148
1.030995
1.023545
1.031148
1.019203
0.983565
1.028102
1.030805
1.027879
1.018693
1.020537
1.030974
1.028762
1.030607
1.028672
1.030680
0.187759
1.020475
0.273911
1.026798
1.030313
1.030504
1.025453
1.028780
1.031324
1.023864
1.029703
1.029631
1.026137
1.028159
1.031373
1.028688
1.027916
1.013184
1.031251
1.029791
1.031081
1.028692
1.023713
1.014199
1.026074
1.017037
1.031607
1.029708
1.031095
1.013792
1.030465
-0.153676
1.028410
1.030095
1.007354
1.030177
1.029441
1.024793
1.030114
1.030871
1.028588
-0.001834
1.030979
1.024479
1.029271
1.028379
1.031367
1.031477
1.012665
1.008077
1.015509
1.012665
1.015226
-0.010288
-0.019473
-0.772451
0.568734
0.983008
0.671347
0.897330
0.992309
0.855357
0.624874
0.692867
0.636954
-0.052033
0.420009
-0.027451
0.011030
-1.362522
1.013797
-0.551748
-0.459050
-0.574465
-108.886104
0.846015
0.527815
0.838361
1.012863
0.935635
0.906205
0.923258
0.863266
0.176889
1.030710
0.977403
1.024517
1.012865
1.000986
1.030645
1.011566
0.977814
1.019679
1.025630
0.330360
1.029617
0.939679
0.985578
1.027819
1.030129
1.026466
1.028510
1.024874
1.029111
1.027934
1.019426
1.025656
1.031623
1.026143
-77.034391
-25.428899
-0.780812
-7.858232
-38.836608
-11.934213
-2.112327
-0.412229
-1.554598
-39.536366
-0.328963
-0.227028
-0.175710
-0.165692
-0.109742
-0.057222
0.002226
0.064972
0.151798
0.273019
0.379398
0.417012
0.499562
0.584269
0.631166
0.698211
0.751475
0.804085
0.834070
0.877366
0.904876
0.932669
0.959097
0.967621
0.990725
1.001223
1.009970
1.018355
1.023805
1.026203
1.030501
1.029457
1.031412
1.029694
1.027362
1.026883
1.028867
1.031236
1.019714
1.018233
1.022385
1.000726
0.991749
0.982552
0.981180
0.974370
0.965711
1.003740
1.014866
1.011778
0.913045
0.918416
0.900710
0.886027
1.011995
0.997416
1.028481
1.009711
0.872610
0.853893
0.832619
1.029852
1.026062
1.030310
1.026171
1.026089
1.029932
1.027239
1.031096
1.027781
1.030634
1.024849
1.030841
0.731848
1.025428
1.022814
1.028610
0.689018
0.589304
0.630389
1.031359
1.026974
1.022451
1.029829
0.551258
0.566936
0.675410
1.023458
1.027682
0.529780
1.031624
1.027551
1.031073
1.028621
1.024650
1.030979
1.030420
1.026588
1.020077
1.026253
1.031011
1.030926
1.024256
1.025527
1.031607
0.537929
1.017760
1.029352
1.027156
1.031106
1.031118
1.024315
-0.016809
0.026849
1.030706
0.049796
1.024439
0.082333
-0.219251
0.982733
1.030430
1.030364
1.029802
1.028640
1.026039
1.025965
1.031370
1.029879
-0.388307
-0.002965
-0.137849
-0.408630
-0.748349
0.278572
0.520085
0.716810
0.958557
0.952569
0.997242
0.823044
0.761117
0.617145
0.494319
0.272432
1.029871
0.618287
-0.402417
-1.204864
-109.445156
0.973304
0.927192
0.982099
0.661403
0.675742
0.912362
0.804180
0.828970
1.007369
0.929593
1.023899
1.014439
0.277068
1.023776
1.013117
0.998534
1.030864
0.915339
1.028593
1.023535
1.026901
1.028377
1.019557
0.888327
1.027141
1.018043
1.024606
1.031376
1.022708
1.012072
1.031398
1.015067
0.922298
1.023610
1.031237
1.030981
0.996144
1.019370
1.028003
1.029186
1.030306
1.023592
1.029657
0.998192
0.995254
1.030358
1.023127
1.027297
1.031182
1.029686
1.028591
1.028420
1.028300
1.014754
1.014750
1.012665
1.014248
0.896201
1.013214
1.009533
-150.899996
1.029094
1.030537
1.021735
1.029118
1.030741
1.028520
1.020898
1.016747
1.031366
1.028528
1.031283
1.029304
1.030812
1.023170
1.028903
1.030523
1.022837
1.027994
1.030915
1.030211
1.029376
1.030432
1.021988
1.030720
1.030273
1.029735
1.029008
1.028536
1.028126
1.021284
1.031582
1.030257
1.030279
1.027884
1.031193
1.020739
1.031471
1.021609
1.028751
1.028632
1.028778
1.031213
1.023228
1.031035
1.030228
1.031064
1.031080
1.029848
1.030348
1.029034
1.025832
1.027486
1.030965
1.026047
1.023021
1.031381
1.027018
1.029920
1.022323
1.026787
1.031372
1.029777
1.031484
1.031085
1.030363
1.031081
1.029072
1.023075
1.030334
1.024656
1.029089
1.026521
1.030804
1.030977
1.028861
1.031297
-0.062040
1.031316
1.028394
1.007621
1.030460
1.029354
1.030154
1.028675
1.013858
1.030847
1.015530
1.012665
1.015216
0.998060
1.031320
0.993703
1.015508
1.006858
1.012546
-0.213871
-162.899996
1.028679
1.020162
1.031519
1.028727
1.029763
1.027963
1.027470
1.030871
1.030521
1.018733
1.031485
1.024258
1.030713
1.026061
1.016618
1.030947
1.029034
1.030300
1.030068
1.030902
1.030992
1.029998
1.031229
1.026980
1.030214
1.022000
1.030359
1.016062
1.030366
1.029439
1.030665
1.029115
1.030216
1.030123
1.031392
1.029283
1.022792
1.030293
1.029972
1.030385
1.029279
1.031586
1.031280
1.029890
1.027963
1.025856
1.030152
1.030625
1.031443
1.029517
1.030909
1.028286
1.026999
1.027615
1.031586
1.031540
1.029254
1.029823
1.028692
1.031527
1.030411
1.029692
1.023143
1.029152
1.029068
1.031293
1.030316
1.016045
1.031047
1.026105
1.029106
1.031022
1.025234
1.028254
1.031583
1.029087
1.027950
1.031414
1.026753
1.028823
1.031591
1.031033
1.029151
0.176684
-39.668438
-59.220331
-20.058614
-40.413273
-23.435673
-0.340750
-29.372244
-55.264684
-1.689432
0.105979
0.213938
-0.151530
0.212469
0.210612
0.212211
0.212559
0.206819
0.213104
0.212767
0.214143
0.213953
0.211819
0.211915
0.203354
0.214831
0.214082
0.214711
0.212474
0.215423
0.203089
0.215151
0.212908
0.215241
0.187331
0.211340
0.214835
0.211228
0.215034
0.214289
0.211706
0.211122
0.215157
0.213724
0.215299
0.212789
0.211667
0.202887
0.214709
0.214856
0.214687
0.210048
0.215099
0.211590
0.213814
0.215042
0.213765
0.109714
0.199611
0.205071
0.204359
0.199895
0.172166
0.197659
0.137691
0.201472
0.168278
0.198961
0.204988
0.209431
0.199515
0.203705
0.209485
0.188877
0.211342
0.211821
0.206763
0.212160
0.193626
0.212103
0.209102
0.212275
-0.126692
0.210671
0.211219
0.088595
0.211449
0.190369
0.211281
-0.017158
0.211006
0.127591
0.214346
0.214422
0.206973
0.214574
0.214658
0.211218
0.214763
0.214865
0.215008
0.214849
0.214503
0.210165
0.214779
0.210120
0.209829
0.211080
0.210079
0.209863
0.210086
0.210165
0.192055
0.214363
0.210068
0.210165
0.210054
0.210164
0.210077
0.214900
-0.445593
-0.331856
0.209714
0.215239
0.211218
0.210167
0.202929
0.202390
0.201450
0.201542
0.201796
0.202785
0.200868
0.198271
0.203211
0.203370
0.199198
0.202512
0.196429
0.203210
0.199712
0.203290
0.203355
-0.296059
-1.058457
-1.065271
-0.528694
-0.795400
-0.000667
-0.073021
0.489545
0.627998
0.879147
0.946470
1.027400
0.998857
0.960619
0.918580
0.796878
0.863246
0.826219
0.748738
0.972233
0.697593
0.977420
0.679014
1.012220
0.932848
0.924142
0.674118
1.028816
1.001693
0.443925
0.515872
1.018205
1.017999
1.016541
1.031378
0.943711
1.023552
1.028451
1.028472
1.015676
0.389044
1.017796
1.031384
1.019943
1.028714
1.020265
1.029551
1.007578
1.018442
1.030196
1.030761
0.977812
1.028517
1.029155
1.029589
1.029473
1.025471
1.028728
0.096073
1.009886
1.024753
0.313930
1.030737
1.006700
1.024776
1.029010
0.061451
1.018958
1.031253
1.029542
1.028353
1.029744
1.021827
1.030980
1.022521
1.030148
1.027242
1.029427
1.023350
1.029141
1.031346
-0.039536
1.028502
1.031231
1.028644
1.025426
1.031287
1.028390
1.030214
1.026127
1.030573
1.031077
1.025353
1.026865
1.024253
1.016144
1.031619
1.029163
-0.693029
-0.693811
0.004108
-0.403790
0.293173
0.660819
0.711157
0.990602
0.937784
0.959674
0.793684
0.683843
0.370123
0.480579
0.291532
1.013029
0.375027
-0.081119
-0.569409
0.119428
0.973616
-0.034024
-1.455682
-48.174611
0.842720
0.916471
1.028700
0.880812
0.879882
0.809232
0.964091
1.021349
1.002831
1.024565
1.012667
1.002271
0.784980
1.031009
0.917818
1.021209
1.028750
1.015956
1.030032
1.011165
0.971156
0.980381
1.028096
1.028204
1.030025
1.026496
1.012749
1.028554
1.026770
1.025145
1.031231
1.026199
1.023502
-0.794936
1.020182
-47.863731
1.031395
0.964667
1.026455
1.031047
1.026537
1.030207
1.030163
1.020519
1.025914
1.030650
1.030394
1.017336
1.018907
1.026723
1.031439
1.028583
1.030538
1.022140
1.017509
1.026996
1.031374
1.028188
1.029339
1.030930
1.031322
1.029284
1.025072
1.026011
1.030271
1.031232
1.028802
1.025428
1.028792
1.031463
1.005921
1.029420
1.027387
-150.899993
1.029605
1.020745
1.020132
1.031407
1.022084
1.030855
1.009619
1.024057
1.029844
1.029416
1.031203
0.996609
1.030736
1.020262
1.030106
1.031544
1.030228
1.028039
1.030599
1.027044
1.031120
1.028388
1.025240
1.028989
1.030668
1.029506
1.028281
1.031411
1.030316
1.014160
1.029100
1.029250
1.029723
1.018232
1.031211
1.021211
1.028335
1.031231
1.031612
1.029398
1.024106
1.028063
1.027639
1.027279
1.031105
1.030122
1.029834
1.028423
0.246892
1.030522
1.031596
1.030404
1.026706
1.025731
1.029299
1.031240
1.025189
1.031079
1.030140
1.019924
1.028332
-14.139196
0.155289
-0.632497
-0.363045
-16.780366
-40.097359
-16.176576
-14.522775
-11.728210
-9.403574
0.145681
0.050904
0.177479
0.201461
0.223868
0.259065
0.318347
0.401759
0.499548
0.534960
0.621186
0.691931
0.754528
0.816335
0.871276
0.911165
0.952990
0.976578
1.004894
1.013395
1.029282
1.023302
1.027462
1.007698
1.027514
0.996157
1.009050
0.960387
0.952262
0.886010
1.015753
0.930698
0.941831
0.895186
0.830814
1.001094
0.844714
0.976713
1.029629
0.759239
0.734180
0.762025
1.015625
0.700974
0.617366
1.030441
1.023732
0.565256
1.030807
1.025485
1.028956
0.577244
1.027236
1.030496
1.026368
1.026364
1.030668
1.027905
1.018791
0.991132
0.220468
1.021716
1.014571
0.033563
0.343902
0.026951
0.263107
0.157875
1.031615
1.024925
1.031410
1.028199
1.026350
1.030226
1.015506
-0.089418
1.009028
-0.031433
-0.933681
1.014716
-1.847946
-0.336280
-0.036423
-0.630862
0.658351
0.094863
0.844562
1.020782
0.897368
0.945956
0.885811
0.542110
0.489948
0.815991
0.474938
1.004616
0.773472
-0.077267
1.013573
-12.564667
0.958112
0.927285
0.202000
0.581179
0.821827
0.613364
-0.551217
-0.973573
0.682816
-162.899997
0.976245
1.005935
0.861541
0.522902
1.028200
0.954579
1.024225
1.029387
1.014806
0.935226
1.003805
1.031463
1.003686
1.003056
1.029307
0.989305
1.024932
1.029932
1.028840
1.025950
0.969314
1.026554
1.018845
1.028558
1.029234
1.029641
1.024082
1.031507
1.024663
1.027523
1.026331
1.028305
1.030542
1.027031
1.031578
1.024760
1.023776
1.019769
1.025131
1.031218
1.029398
1.020953
1.029916
1.029573
1.022469
1.031549
1.024005
1.010111
1.020320
1.031336
1.030585
1.030608
1.024742
1.030289
1.014601
0.645476
1.030230
1.029448
1.024397
0.992160
1.030342
1.030927
0.144441
-0.036978
1.029578
1.028751
1.029842
1.025551
1.025073
1.028885
1.025389
1.031213
1.026700
1.026723
1.031204
1.031332
1.030315
1.029523
1.027700
1.031221
1.029616
1.029724
1.011393
1.022425
1.020077
1.018594
1.031334
1.029491
1.030240
1.030124
1.022849
1.030843
1.030165
1.029438
1.014475
1.026067
1.031062
0.697053
-162.899988
1.026539
1.031421
1.022946
1.028561
1.029437
1.028229
1.031501
1.022912
1.025756
1.027842
1.031539
1.028977
1.026401
1.005464
1.031353
1.030627
1.029583
1.028697
1.031223
1.023532
1.030806
1.030090
1.023700
1.030624
1.029881
1.030961
1.028178
1.028764
1.030084
1.023634
1.028236
1.030860
1.030624
1.030901
1.029469
1.024951
1.027891
1.031622
1.023571
1.028721
1.030590
1.026753
1.016614
1.026907
1.031054
1.031513
1.028357
1.027474
1.031099
1.031489
1.030289
1.028343
1.030822
1.027575
1.030736
1.024280
1.021828
1.031002
1.028420
1.031182
1.030774
1.028118
1.025339
1.030187
1.030740
1.028814
1.027986
1.031413
0.992074
1.022507
1.031354
1.031451
1.020846
1.027391
1.026353
1.028852
1.030249
1.030658
1.031419
1.029695
1.029946
1.029719
1.031601
1.026759
1.030696
1.019541
1.027093
1.020856
1.031354
1.029019
1.030703
1.031306
1.030126
-2.094461
1.030542
1.031246
1.030176
1.028734
1.027614
1.030084
1.029457
1.028005
1.023391
1.031463
1.029849
1.031253
1.025555
1.031502
1.029929
1.030212
1.029349
1.031253
1.023499
-150.874640
1.027753
1.030281
1.022432
1.031374
1.030281
1.024400
1.025639
1.031239
1.031042
1.027414
1.030846
1.030940
1.027883
1.030676
1.023633
1.030936
1.030761
1.030887
1.030212
1.015559
1.030330
1.028386
1.030599
1.030912
1.027267
1.030255
1.024109
1.030945
1.030316
1.025106
1.031064
1.031277
1.029749
1.025201
1.030464
1.031197
1.025743
1.029568
1.026715
1.031544
1.030588
1.028325
1.031210
1.031209
1.029878
1.023114
1.030184
1.029769
1.031276
1.031038
1.029962
1.028424
1.030338
1.031085
1.025904
1.027387
1.030957
1.030542
1.027171
1.031388
1.029757
1.021395
1.026729
1.030510
1.030518
1.030542
1.030971
-36.685977
-0.751466
-2.110523
-49.612027
-39.020911
-20.179332
-0.568612
0.513461
-20.940383
-27.303581
0.505486
0.537942
0.536463
0.534055
0.531281
0.537752
0.534711
0.540011
0.544171
0.543286
0.547604
0.552470
0.553859
0.559211
0.563297
0.569971
0.575601
0.588437
0.601883
0.618967
0.658083
0.705948
0.719950
0.775902
0.810509
0.847819
0.887774
0.922463
0.954126
0.979619
1.000928
1.014493
1.025853
1.028783
1.030907
1.025398
1.030955
1.019502
1.022715
1.030476
1.030669
0.993505
0.986557
0.975033
0.970645
0.961656
0.960189
1.015179
0.905446
0.861258
1.007383
0.866478
0.989936
0.871072
0.963439
0.845414
1.010728
1.020749
1.024758
0.820660
1.027845
1.026985
1.030784
1.027855
1.029326
1.023709
0.774471
1.021206
0.658395
1.028214
1.031234
1.027209
1.022414
0.967628
1.020611
0.547413
0.504268
1.031550
1.024517
1.028703
0.522944
1.023694
1.031382
1.026041
1.031084
1.031085
1.026233
0.404202
1.023731
1.027776
1.030788
1.029199
1.024401
1.021146
0.335111
0.537705
1.031220
1.025967
1.024549
1.016971
1.031411
1.020093
0.143933
1.031106
1.030599
1.030858
1.027699
1.030120
1.030015
1.029799
1.020778
1.030014
-0.142733
1.020508
1.030239
1.020733
1.018100
0.081525
-0.650996
-0.423276
-0.113736
0.185029
0.464975
0.623405
0.911366
0.945029
1.010707
0.875495
0.633651
0.690749
0.594295
0.088541
0.401690
0.314491
0.090641
0.873795
-0.157419
0.757866
-2.417044
-1.905937
-0.590853
-162.899997
0.823778
1.020361
1.006201
0.957162
0.934184
0.888131
1.030826
0.989126
0.790372
1.018149
1.012283
0.923360
1.015216
0.998755
1.031290
0.978359
0.616880
1.027711
0.785379
1.029099
1.028213
1.026232
1.027363
0.990886
0.988224
1.024768
1.021386
1.031432
1.027090
1.018963
1.026507
1.029835
1.027391
1.018256
1.031110
1.027831
1.026386
1.024708
1.012726
1.031423
1.029294
1.027174
1.029682
1.031095
1.021949
1.025378
1.031021
1.027231
1.010948
1.024298
1.030526
1.030439
1.029577
1.029112
1.021159
1.030350
1.022827
1.031512
1.023982
1.027373
1.029327
1.031184
1.030518
0.124856
1.018998
1.030729
1.028746
1.029291
1.024149
1.030697
1.029531
0.971976
1.030813
1.030049
1.025356
1.031192
1.025877
1.024227
1.030911
1.030286
1.015116
1.029452
1.030786
1.030556
1.004672
0.983940
1.012665
1.013332
1.015412
1.011889
1.012665
1.015533
1.003230
1.012665
1.011890
1.015511
1.015465
-109.310695
1.023282
1.031101
1.020677
1.031278
1.029757
1.029383
1.030279
1.021798
1.030915
1.029367
1.030406
1.030359
1.030401
1.028695
1.030443
1.030456
1.030217
1.023468
1.029674
1.030242
1.030168
1.027353
1.030644
1.029947
1.028440
1.029204
1.023540
1.029797
1.030827
1.029610
1.030436
1.030492
1.022638
1.022199
1.029415
1.031179
1.020447
1.030093
1.031300
1.014864
1.025092
1.031529
1.028705
1.029744
1.031021
1.030875
1.028284
1.030245
1.029409
1.031077
1.030200
1.022283
1.029219
1.030298
1.008584
1.026958
1.015469
1.031445
1.015494
1.027523
1.014800
1.014758
1.017703
1.012665
1.023499
1.013701
1.015534
1.007528
1.015402
1.004067
1.015187
1.031321
1.015008
1.014553
1.012665
1.012665
1.012665
-52.071370
1.030287
1.030596
1.022802
1.027309
1.029005
1.031320
1.029199
1.031414
1.029775
1.030322
1.029850
1.031072
1.030730
1.031430
1.030408
1.029068
1.030298
1.030249
1.029523
1.027346
1.014125
1.031321
1.019912
1.014767
1.030542
1.030735
1.028761
0.066617
1.030513
1.021286
1.015224
1.029264
1.029490
1.030366
1.028692
1.030759
1.030542
-53.153685
1.028615
1.030257
1.030234
1.030524
1.030262
1.030473
1.030478
1.030432
1.029025
1.029971
1.026667
1.030642
1.022394
1.023414
1.031476
1.029564
1.031552
1.031536
1.028925
1.029939
1.030261
1.030187
1.022260
1.026652
1.031354
1.029887
1.031577
1.030499
1.026521
1.028761
-106.220569
1.022876
1.031514
1.019491
