-20.718957
-21.353638
-17.893817
-19.669560
-21.271690
-19.227442
-20.930655
-21.113194
-19.263600
-21.533706
-21.551622
-17.936725
-19.782235
-13.628921
-14.507462
-13.598990
-16.944995
-10.604340
-14.704167
-8.875252
-5.965371
-10.465870
-5.939901
-7.226474
-6.932208
-5.412066
-6.776876
-4.707589
-3.918720
-6.623496
-4.610073
-4.450313
-3.263921
-3.693440
-3.839827
-2.196971
-4.001827
-16.970868
-18.216382
-2.263372
-2.047095
-2.915655
-16.555126
-2.420127
-2.233558
-1.302748
-14.383893
-13.392981
-14.515314
-14.048906
-5.440474
-13.705847
-2.381982
-18.013708
-1.222035
-13.290773
-14.395980
-1.811565
-12.613355
-0.910452
-13.879716
-5.504171
-11.012462
-12.088516
-2.382033
-1.195711
-1.353191
-1.286984
-1.311878
-1.311331
-1.311201
-1.319035
-1.308467
-1.308530
-1.318115
-1.306662
-1.307591
-1.311201
-1.307820
-1.311201
-1.318897
-1.311201
-1.308483
-1.307965
-1.309316
-1.311289
-1.318501
-1.317212
-21.591069
-1.317146
-1.305557
-1.302017
-21.580347
-1.297957
-21.812363
-1.308233
-21.578808
-1.309649
-1.318800
-1.317908
-19.583307
-1.306231
-21.574180
-1.307354
-1.318076
-1.305852
-21.575725
-22.063831
-1.307127
-1.306938
-1.305916
-21.575725
-1.318465
-1.305493
-22.169413
-21.577268
-1.303204
-1.307239
-21.574180
-1.302884
-1.307197
-21.577268
-1.318964
-1.303252
-1.307806
-22.177282
-1.308660
-1.307997
-21.574180
-21.578808
-1.308567
-21.577268
-1.314055
-1.307787
-1.307932
-1.300551
-1.300931
-21.844610
-1.309039
-21.997962
-1.319673
-21.577268
-1.302790
-1.300947
-1.309083
-21.581883
-1.308540
-22.167423
-1.301181
-1.309078
-1.300876
-22.177282
-1.309147
-1.306489
-1.309458
-1.301363
-1.301396
-1.314027
-1.307756
-21.363310
-21.362709
-1.312605
-1.301576
-1.309087
-1.309227
-1.308965
-1.312935
-1.301592
-1.301697
-1.309230
-1.309207
-1.312633
-1.309069
-1.312947
-1.304960
-22.195540
-1.301696
-21.155254
-1.304980
-1.301623
-1.302014
-21.574180
-1.301482
-1.312634
-1.302251
-1.312158
-1.302007
-1.312083
-1.325378
-21.545741
-21.610282
-1.301427
-1.303710
-1.304289
-1.304295
-1.307076
-1.320069
-1.303445
-1.302148
-1.304487
-1.302175
-1.302303
-21.363594
-21.218489
-1.304066
-1.301966
-21.544501
-21.470360
-1.304081
-20.685682
-1.302284
-1.301807
-1.302692
-1.306100
-1.302733
-1.301357
-21.636626
-1.301347
-21.138584
-1.302512
-21.604704
-1.306321
-1.304115
-1.304833
-21.053189
-1.304762
-1.301894
-1.302350
-1.303906
-1.302763
-21.060165
-1.307377
-1.301557
-1.303031
-1.306785
-21.433777
-1.306394
-1.301654
-1.304161
-1.307061
-1.303529
-21.551990
-1.305635
-1.306126
-1.302584
-21.252553
-1.321362
-1.301052
-21.518586
-1.302659
-1.302013
-1.301052
-1.302477
-1.301356
-1.303514
-21.094186
-1.300669
-21.561787
-1.300533
-1.300787
-21.347258
-1.298798
-1.297282
-1.298570
-1.298187
-1.303410
-1.293139
-1.287700
-1.294141
-1.293189
-1.291351
-1.291803
-1.284891
-22.056920
-21.699847
-1.284722
-1.280886
-1.277097
-1.274954
-1.264781
-1.254577
-21.883774
-1.240468
-1.218840
-1.184999
-21.547501
-1.137374
-21.698318
-21.107140
-1.032198
-0.832141
-0.937606
-9.310407
-1.095470
-0.896945
-1.021044
-0.985736
-21.427046
-0.992768
-0.994821
-0.943216
-1.006344
-1.030124
-21.494761
-0.931208
-1.001378
-0.999904
-0.998705
-0.953408
-1.003523
-1.001294
-1.000440
-0.991481
-0.929255
-1.000614
-21.610007
-0.932432
-1.001933
-0.999963
-0.933861
-0.997996
-21.313675
-0.997020
-0.995820
-0.994705
-0.993604
-0.994777
-0.957471
-0.994748
-0.933859
-0.994364
-0.992108
-21.541106
-0.960613
-0.992124
-0.941028
-0.968758
-0.965869
-0.998438
-21.858227
-1.018238
-0.967231
-0.995909
-0.995022
-21.569247
-0.933860
-0.943086
-0.993164
-0.992623
-0.943088
-0.944165
-0.944794
-0.969865
-0.970719
-0.991229
-0.947705
-0.991710
-0.993166
-0.947704
-0.952331
-21.545575
-0.950991
-0.992659
-0.992393
-0.990389
-0.989599
-0.987926
-0.972142
-0.988503
-0.969960
-0.970634
-0.989234
-21.615797
-0.988982
-0.970183
-0.955196
-0.952900
-0.973392
-21.880456
-0.991800
-0.972961
-0.956948
-0.974565
-0.956375
-0.996147
-21.480524
-21.360704
-0.970931
-0.975800
-0.973257
-0.990183
-0.987477
-0.970797
-0.989224
-0.986052
-0.970721
-21.361778
-0.988609
-0.970653
-0.956911
-21.202503
-20.977706
-21.876701
-19.699799
-20.716292
-21.495001
-21.649079
-21.737069
-20.458112
-19.999361
-20.644501
-16.675220
-16.650873
-12.016524
-14.004570
-7.634250
-8.438560
-4.562396
-10.094541
-8.518246
-6.275792
-4.767938
-4.258098
-3.162241
-3.944513
-4.403721
-4.063669
-2.967526
-3.334127
-5.795751
-2.868806
-1.518961
-14.730663
-4.724552
-12.651719
-3.579575
-17.170911
-18.151058
-15.315231
-17.582980
-4.447533
-14.130802
-18.137559
-13.045409
-2.422044
-15.694231
-12.461577
-2.280894
-13.052601
-14.204589
-1.765445
-1.425596
-13.452672
-2.752804
-12.624535
-11.387602
-18.171680
-8.998314
-1.374011
-1.641963
-1.495953
-1.644047
-1.302227
-1.034292
-0.937433
-14.701783
-2.844786
-13.245651
-0.570078
-11.502650
-0.502360
-0.646639
-20.638272
-12.354173
-0.668727
-0.705463
-11.108881
-0.823978
-0.735062
-0.735438
-0.772841
-18.767359
-0.789449
-0.737582
-0.742613
-0.743967
-0.745040
-0.791084
-0.782827
-0.744428
-0.779071
-0.759433
-0.743729
-0.758319
-0.765882
-0.740191
-0.778073
-0.764671
-0.758390
-0.740245
-0.741197
-0.775448
-0.741596
-0.758749
-21.740014
-0.763120
-21.575725
-0.758820
-21.575725
-0.762610
-0.758849
-21.577268
-0.774090
-0.758637
-0.743668
-0.758490
-22.173366
-0.761848
-21.577268
-0.760644
-0.752640
-0.773293
-21.844610
-21.575725
-0.756623
-0.752703
-0.759895
-22.123404
-0.772237
-0.756604
-0.758249
-0.771615
-21.923305
-0.770547
-0.759106
-22.177282
-22.123404
-0.758010
-0.769245
-22.123404
-21.575725
-0.755068
-0.755094
-0.756637
-0.756584
-0.755016
-21.618208
-0.759858
-21.575725
-0.766579
-21.577268
-0.759786
-0.759790
-21.575725
-0.757789
-0.750645
-0.757753
-0.768169
-21.925133
-0.764945
-0.767891
-0.768132
-21.577268
-0.765939
-0.758896
-0.755014
-0.757123
-0.754975
-21.362108
-21.595633
-0.748724
-0.748652
-0.735740
-21.699945
-18.683507
-21.591069
-0.760452
-21.578808
-0.754369
-0.768930
-0.754071
-0.753904
-0.753856
-0.769074
-0.755132
-0.732768
-0.753173
-0.732923
-0.747488
-0.745574
-0.746160
-0.746245
-0.746255
-0.727744
-0.731556
-21.766216
-0.743065
-0.744808
-0.741765
-0.729351
-0.745091
-0.743256
-21.915310
-0.734603
-0.734598
-0.742676
-0.735565
-0.734739
-0.726806
-0.737253
-0.738860
-0.740867
-21.404029
-0.741442
-0.738276
-0.737958
-0.793833
-21.085766
-0.722400
-21.422562
-0.734799
-0.740152
-0.735210
-0.735593
-0.734295
-0.735845
-21.542935
-0.734296
-0.791062
-0.731041
-0.725042
-0.730918
-21.346222
-0.790493
-21.231460
-0.722359
-21.577846
-0.727795
-0.727024
-0.726722
-0.726640
-0.726854
-0.727003
-21.200830
-0.726962
-0.727269
-0.726871
-0.771310
-0.726315
-21.213981
-21.642884
-0.772168
-0.724731
-0.724889
-0.725126
-0.726552
-0.768486
-0.724754
-0.724612
-0.725726
-0.724139
-21.523108
-0.728178
-0.727415
-21.609456
-21.748916
-0.727424
-22.003358
-0.763492
-0.723037
-21.698350
-0.728866
-0.725139
-0.726119
-0.726042
-0.727057
-0.728522
-21.548624
-0.729590
-0.725656
-0.726417
-0.728772
-0.729239
-0.728878
-21.918284
-0.750544
-0.729543
-0.730285
-0.730776
-0.749707
-21.481084
-0.749826
-0.750114
-0.728095
-0.750551
-0.722504
-0.749497
-0.727445
-0.727716
-0.757982
-21.581883
-0.726455
-0.748453
-0.749656
-0.725128
-21.593404
-0.726017
-0.727558
-0.747948
-21.769761
-0.748940
-21.698318
-21.609108
-0.724907
-0.725735
-0.725361
-0.747237
-21.832251
-0.725916
-0.730157
-0.725438
-0.747352
-0.747434
-0.725345
-0.725438
-0.722152
-0.745585
-0.745711
-0.746184
-0.749435
-0.722967
-0.724881
-0.726357
-0.745493
-21.846658
-0.723751
-21.481359
-0.753023
-0.753200
-0.723412
-0.729025
-0.726772
-0.724491
-21.480799
-0.723898
-0.743349
-0.744362
-0.721094
-0.743992
-0.723803
-0.723957
-0.744208
-0.723180
-21.765919
-0.742688
-21.196727
-21.660157
-0.743591
-0.722445
-0.744447
-21.480707
-0.743338
-21.571537
-0.742936
-0.722140
-21.722811
-0.744206
-0.742843
-0.744842
-0.721488
-0.721823
-21.556960
-0.742447
-0.722358
-0.742233
-0.721330
-0.720579
-0.719520
-0.743090
-0.720553
-0.742849
-0.720433
-0.740785
-21.393408
-0.721122
-0.742762
-21.697719
-0.743114
-0.719698
-0.718646
-0.719785
-0.741836
-0.718989
-0.718739
-0.719178
-0.741051
-0.719277
-0.740518
-0.718465
-0.719043
-21.379065
-19.424963
-21.178661
-21.101000
-21.069711
-21.545577
-21.634390
-21.251114
-20.885614
-21.819505
-20.410307
-19.240503
-17.894726
-19.940529
-18.976263
-13.782031
-10.049006
-11.799678
-12.923951
-6.413809
-10.130423
-7.795334
-5.718938
-8.631315
-6.439968
-6.091845
-5.248993
-3.557170
-11.009670
-3.255129
-3.754921
-5.072620
-8.303955
-3.577936
-16.289584
-4.536224
-6.331195
-4.081264
-14.992066
-6.780025
-4.901428
-17.878871
-3.487528
-2.244369
-15.867744
-13.251513
-17.038662
-4.330527
-14.759011
-13.754675
-3.000470
-14.235002
-18.182002
-14.520112
-2.995906
-13.167570
-8.031822
-2.053758
-14.371557
-3.340616
-2.638308
-1.895461
-15.236511
-16.693417
-2.436083
-2.003178
-2.870244
-1.986329
-2.229723
-1.942861
-3.976205
-19.159524
-3.017592
-4.560265
-10.643863
-1.955103
-2.039641
-2.063077
-2.055778
-2.057186
-2.052782
-2.047867
-2.060692
-2.050801
-21.844610
-2.059001
-2.056862
-21.778883
-21.844610
-2.058117
-2.055194
-21.574180
-2.057473
-2.048608
-2.056670
-22.171394
-2.056494
-2.055740
-2.055481
-21.844610
-2.055088
-21.925133
-21.618208
-2.048535
-21.735512
-2.056697
-2.056528
-21.618208
-2.056067
-2.047807
-2.048815
-21.574180
-2.058190
-2.057107
-2.048571
-2.048935
-2.058150
-2.057800
-21.744122
-2.057254
-21.382364
-2.048746
-2.048804
-2.058074
-2.051987
-2.057690
-21.575725
-2.057242
-22.063831
-22.204865
-2.056901
-2.050609
-2.049770
-21.573150
-22.221989
-2.051369
-21.361790
-2.057895
-21.574180
-2.057226
-2.056800
-2.056777
-2.057384
-2.050250
-2.058461
-2.056661
-2.048755
-21.575725
-21.537841
-2.049118
-2.048762
-2.057129
-2.057130
-2.048815
-22.177282
-2.048586
-21.698202
-2.051087
-2.057361
-2.056877
-21.698466
-21.360409
-2.049716
-2.057134
-2.048805
-2.051181
-2.057684
-2.048805
-2.057141
-2.057081
-2.048761
-2.057442
-20.942963
-2.048436
-18.921788
-2.048924
-2.048541
-2.050732
-21.111198
-2.048953
-2.048450
-2.050238
-2.058109
-21.515899
-21.146841
-2.048851
-2.048707
-2.058533
-2.058044
-21.698350
-2.048679
-2.052111
-2.048536
-21.426333
-2.058161
-21.250893
-2.058292
-2.056912
-2.057149
-2.056888
-2.056499
-2.056520
-2.050627
-2.057027
-2.048474
-2.051457
-2.056053
-2.048623
-21.751882
-2.056510
-21.360503
-21.480535
-21.698350
-2.057027
-2.055551
-2.048470
-2.048432
-2.055895
-2.056146
-2.048683
-2.048540
-2.048458
-21.519066
-2.056306
-2.047970
-2.056054
-2.048452
-21.766473
-2.056048
-21.459025
-2.048453
-2.056260
-2.048315
-2.056123
-21.352380
-2.048454
-2.055839
-2.055923
-2.055850
-21.364550
-2.055336
-21.580897
-2.055237
-2.056117
-21.454241
-2.055392
-2.055201
-2.048309
-2.055091
-21.915772
-2.048330
-2.048315
-2.056422
-2.054892
-2.050739
-21.779612
-21.605527
-2.054963
-2.056325
-2.054834
-2.054603
-2.054819
-21.385590
-2.048122
-2.050242
-21.287641
-2.046205
-2.054921
-2.054892
-2.055913
-2.054414
-2.054969
-2.054508
-21.499603
-2.054487
-21.092439
-2.054739
-21.071513
-21.752361
-2.054684
-2.048090
-2.054539
-2.054422
-21.479471
-2.048021
-2.054420
-2.054567
-2.054384
-2.054601
-21.294467
-2.048035
-2.048094
-2.054040
-2.054387
-2.054509
-2.048127
-2.048060
-2.054122
-2.050253
-2.054508
-2.050803
-2.054599
-21.382364
-21.450355
-2.053468
-2.054620
-2.047674
-2.053982
-2.050415
-2.054654
-2.055893
-2.050718
-2.053926
-2.054049
-2.054776
-21.945802
-2.047114
-21.708479
-2.047147
-2.054227
-2.054166
-21.480584
-21.732759
-2.054480
-2.054043
-2.053859
-2.054776
-2.053780
-2.054026
-2.047749
-2.054166
-2.050555
-2.053740
-2.045304
-2.055223
-2.053740
-2.053594
-2.053604
-2.053553
-2.053589
-2.055223
-2.053589
-21.807827
-2.052976
-2.048567
-2.053583
-2.047734
-2.053726
-2.053680
-2.053712
-2.047645
-2.052845
-2.053613
-21.473053
-2.047006
-2.054166
-2.047489
-2.046584
-21.413272
-21.400423
-2.046613
-2.046619
-2.047368
-2.046294
-2.049253
-2.046051
-2.051218
-2.051213
-2.050712
-2.051871
-2.051869
-2.047077
-2.052526
-2.051072
-2.051016
-2.047052
-2.051827
-2.048605
-2.051558
-2.045262
-2.051411
-21.265367
-2.050781
-2.049471
-2.055913
-2.046814
-2.050601
-2.046450
-2.050351
-2.044662
-2.054066
-2.051162
-2.050303
-21.699847
-2.050360
-20.474807
-2.048398
-2.051204
-2.050308
-2.048517
-21.532758
-21.092408
-20.384055
-21.507480
-20.861096
-20.460900
-20.329179
-21.182934
-20.746706
-20.692533
-20.497371
-16.806039
-17.458803
-19.001488
-17.179775
-15.461247
-9.923653
-9.249807
-9.232779
-10.475178
-12.884337
-5.942132
-8.380967
-10.945630
-5.461382
-5.899150
-5.040094
-7.384821
-2.047516
-8.009590
-4.026443
-4.683228
-3.687367
-16.312039
-3.832203
-17.265755
-3.567687
-2.742236
-3.084530
-2.617809
-1.579060
-15.135818
-2.950713
-15.713642
-14.272161
-8.870006
-17.000492
-19.756922
-4.064987
-12.478499
-15.332795
-8.780373
-17.418502
-3.876742
-0.354752
-14.927300
-18.744491
-12.018348
-13.575375
-11.535639
-13.939630
-2.700387
-2.569234
-14.979792
-19.811255
-1.209487
-0.544208
-1.075882
-0.491543
-0.505474
-0.897374
-0.565112
-0.623720
-0.656929
-0.697910
-0.708251
-20.429073
-0.707591
-0.707535
-0.698736
-0.708492
-0.703224
-0.706948
-0.707807
-0.708098
-0.813691
-0.678321
-0.683071
-0.687650
-0.690607
-0.693316
-0.695378
-0.696524
-0.683670
-0.697671
-0.793011
-0.663111
-0.678142
-0.691252
-0.677255
-0.691585
-0.692943
-0.679223
-0.692227
-0.692212
-0.680783
-0.694794
-21.363310
-0.694212
-0.681936
-21.575725
-0.693279
-0.694676
-0.689861
-21.778883
-21.578808
-0.689944
-0.682183
-0.690841
-21.574180
-0.682002
-21.575725
-0.692808
-0.692263
-0.692326
-0.696364
-21.094516
-21.604704
-0.707025
-0.691738
-0.691829
-21.577846
-0.696482
-0.692864
-17.802768
-0.692796
-21.997962
-0.690950
-0.681946
-22.063831
-0.685131
-0.685751
-21.575725
-0.682157
-0.706663
-0.690728
-22.063831
-0.696107
-0.706690
-21.618208
-0.696387
-0.693140
-21.396138
-21.591069
-0.693108
-0.698070
-0.693170
-0.706362
-22.177282
-0.682215
-0.695988
-0.696224
-0.681768
-0.693379
-0.705786
-0.696348
-0.692818
-21.812363
-0.693052
-0.691153
-0.697339
-0.705857
-0.692666
-0.692697
-0.696168
-0.695976
-20.886722
-21.578808
-0.696306
-0.705857
-0.696294
-12.668601
-0.691198
-21.604704
-0.682970
-0.691606
-21.575725
-0.683216
-0.691357
-0.691871
-21.578808
-0.682151
-0.682183
-0.691270
-0.682273
-0.691144
-0.691220
-21.481537
-0.695522
-0.692882
-0.695957
-0.692991
-21.586485
-0.693028
-21.382364
-0.691132
-21.363594
-0.684616
-0.695991
-21.574180
-0.692563
-0.694713
-0.707564
-0.693954
-0.692099
-0.695917
-0.692168
-0.695478
-0.692645
-0.695435
-0.692168
-0.684980
-0.685306
-0.690996
-0.692582
-21.548167
-0.696093
-21.844610
-22.001441
-0.692620
-22.270231
-0.696060
-22.195540
-0.685589
-0.696262
-0.682584
-0.686237
-0.686590
-0.696425
-0.692957
-0.686819
-0.682805
-21.057518
-21.525118
-0.693225
-0.693582
-0.691372
-0.682858
-0.693260
-21.610538
-0.682927
-21.371641
-0.682982
-0.683141
-0.696907
-0.693498
-0.693402
-0.693406
-0.683369
-0.690693
-21.079520
-0.693728
-0.693746
-0.683682
-0.689350
-0.696584
-0.684077
-0.689466
-0.793539
-0.702549
-0.692048
-0.694683
-0.694681
-21.064814
-0.698366
-21.515979
-0.698348
-0.701580
-0.700755
-0.694103
-22.040595
-0.693649
-0.698432
-0.693953
-0.700951
-21.718899
-0.698573
-0.700655
-0.692622
-0.693329
-0.691583
-0.698669
-0.696195
-21.056894
-21.698614
-0.698735
-21.509414
-0.691619
-21.366253
-0.693297
-21.174957
-0.693457
-0.692634
-0.700749
-0.698880
-0.699025
-0.691616
-0.691742
-0.700391
-21.274450
-0.699025
-0.698993
-0.692606
-0.699132
-0.699259
-0.700811
-0.699326
-0.685638
-0.699278
-0.691615
-0.699560
-21.553373
-0.699553
-0.700841
-0.699249
-0.695889
-0.699365
-0.685658
-0.698793
-0.701285
-0.699292
-0.698425
-21.057164
-0.691496
-0.691620
-21.480612
-21.968726
-21.873230
-0.691624
-0.686440
-0.686457
-0.699346
-0.700871
-0.685965
-0.691695
-0.699445
-0.698648
-0.700839
-0.686119
-0.698620
-0.691701
-21.641763
-21.549007
-0.698371
-0.700402
-0.691689
-21.064728
-0.686502
-0.694093
-0.686406
-0.694908
-0.698457
-0.700449
-0.686541
-0.699236
-0.699771
-0.697698
-0.699780
-0.691543
-0.698219
-0.691735
-0.700308
-0.691751
-21.335561
-0.686802
-0.698933
-21.220371
-0.694318
-21.425811
-0.691762
-0.686921
-0.691789
-0.691825
-0.699645
-0.699221
-0.699667
-0.691817
-0.691827
-0.699295
-21.435129
-21.600938
-0.692497
-0.699272
-0.699028
-0.691852
-0.699041
-0.698987
-0.687421
-0.691849
-0.691886
-20.803556
-21.316686
-21.172499
-21.503165
-21.371525
-21.622980
-21.022211
-21.200649
-21.166078
-21.466234
-21.279085
-21.363738
-20.870365
-21.067989
-20.882791
-21.181005
-21.740866
-20.362426
-21.313612
-20.944466
-21.484798
-15.184407
-13.380896
-16.841034
-10.414686
-12.181900
-15.163252
-10.714722
-6.412349
-8.920938
-8.757274
-6.005567
-8.214577
-6.064976
-5.253078
-4.956435
-7.425473
-3.994660
-4.359233
-5.274257
-3.890595
-4.053599
-3.461669
-2.401013
-16.109131
-2.346601
-0.682978
-15.683373
-16.090406
-14.805281
-14.322402
-7.340358
-18.708603
-12.670341
-3.351888
-16.470764
-12.271656
-15.443282
-17.064184
-13.202028
-2.547143
-17.950858
-4.658253
-13.787705
-14.119411
-14.038190
-11.561805
-1.555663
-0.628922
-2.361449
-14.662035
-13.868795
-10.780831
-10.894008
-11.391821
-11.889315
-0.418073
-1.226672
-13.221056
-0.523886
-14.294892
-1.177230
-0.315597
-0.452189
-12.163161
-0.635034
-0.633783
-0.633797
-0.680900
-0.632990
-0.643947
-0.663409
-0.632742
-0.654596
-0.632519
-0.721612
-0.644605
-0.645949
-0.633794
-0.648622
-0.632751
-0.673003
-0.671778
-0.644577
-0.632548
-0.653002
-0.648882
-0.644577
-0.648305
-0.643947
-0.644818
-0.652962
-0.650488
-0.643950
-0.644581
-0.651315
-0.634013
-0.643950
-0.651533
-0.634047
-0.632370
-0.644580
-0.632187
-0.644582
-0.699277
-0.632476
-0.644578
-0.632434
-0.673125
-0.643944
-0.644580
-0.652259
-0.643944
-0.632313
-0.633992
-0.643819
-21.575725
-0.662280
-0.672325
-0.670715
-21.997962
-0.671660
-21.580347
-0.644740
-0.670326
-0.634121
-21.631544
-0.644574
-0.631712
-21.577268
-0.634165
-0.647573
-0.644540
-0.670682
-21.600178
-0.643937
-0.631454
-0.644733
-21.411375
-0.669925
-0.667849
-0.643947
-0.631369
-0.631348
-0.668049
-0.631198
-21.419551
-0.643947
-0.631613
-0.645168
-21.360904
-21.390282
-0.648070
-0.631642
-0.645170
-0.650991
-0.645176
-0.645178
-0.643937
-21.560683
-0.648778
-21.591069
-0.648735
-0.631003
-0.645178
-0.649029
-0.648975
-0.630955
-21.359708
-0.648973
-0.645179
-0.648986
-0.645178
-21.361790
-0.630904
-0.645292
-0.645179
-20.811908
-21.580347
-0.630822
-0.630786
-0.645488
-0.670726
-21.362993
-0.648703
-0.648635
-0.645471
-0.630676
-21.578808
-0.630641
-0.649557
-0.649339
-0.630379
-21.591069
-0.630347
-21.778883
-0.669676
-21.545151
-21.595633
-21.362993
-0.630324
-0.645533
-0.649092
-0.630046
-0.630018
-0.649100
-0.629820
-21.450355
-0.629698
-21.581883
-0.645921
-0.649028
-21.384965
-0.645921
-0.649030
-0.649008
-0.670156
-0.630152
-0.629443
-0.648635
-0.648997
-0.645533
-0.629403
-0.629390
-0.646241
-0.645532
-0.669701
-0.629090
-0.629405
-0.628841
-0.648151
-0.628812
-21.361506
-0.629416
-21.777284
-0.628520
-21.578808
-0.628521
-0.628522
-0.646795
-0.628243
-0.646799
-0.629235
-0.627944
-21.057470
-0.627810
-0.627697
-0.627591
-0.646811
-0.646797
-0.646794
-0.646829
-0.627682
-0.627396
-0.627292
-0.670533
-0.648619
-0.646796
-0.646799
-0.646505
-0.627124
-0.649183
-22.084521
-0.646799
-0.627022
-0.626790
-0.629577
-0.629573
-0.629664
-0.626396
-22.094218
-0.648918
-0.669418
-21.073175
-0.646798
-21.725793
-0.648453
-0.646509
-0.646799
-0.646795
-0.646799
-0.648536
-0.648722
-0.629562
-0.646793
-0.668074
-0.629511
-0.648772
-0.629543
-0.626071
-0.629391
-21.057261
-0.646474
-0.629696
-0.624690
-0.624155
-0.647929
-21.551294
-0.646470
-0.629659
-0.648828
-0.625457
-21.159389
-0.625405
-0.649400
-0.629828
-0.630062
-21.708032
-21.698498
-0.623704
-21.578808
-0.630316
-0.625443
-0.629296
-0.629323
-0.629276
-0.628952
-0.628838
-0.628669
-0.628542
-0.628317
-0.628199
-21.902770
-0.650261
-0.648474
-21.829669
-22.171394
-0.628112
-0.628120
-0.622146
-0.630669
-0.651369
-0.630507
-0.627334
-21.765952
-0.650398
-0.630404
-0.630914
-0.620646
-0.630966
-0.651160
-0.626983
-0.619225
-0.626766
-0.619856
-0.626104
-0.626514
-0.630666
-0.650153
-0.653693
-0.626425
-0.651301
-0.646579
-0.649344
-0.626427
-0.626392
-0.630405
-21.845716
-0.625640
-0.648257
-21.080408
-0.625642
-0.630437
-21.518586
-0.630740
-0.625401
-0.631061
-0.631237
-0.631260
-0.631059
-0.651573
-0.651549
-0.631166
-0.631163
-0.651579
-0.651447
-0.651195
-0.630767
-0.630815
-0.618342
-21.198076
-21.334908
-20.930082
-19.412807
-20.937746
-21.388777
-21.571133
-21.327330
-21.398743
-21.093840
-21.253261
-20.604861
-20.924422
-13.276413
-11.385913
-14.530865
-8.529907
-9.690033
-12.793916
-7.663170
-9.151107
-6.872761
-9.621637
-10.032563
-6.236665
-4.186070
-6.042607
-5.230028
-1.940960
-6.553040
-3.090124
-5.252089
-6.166233
-3.290332
-15.612619
-16.100615
-15.632711
-8.338012
-4.058583
-4.890450
-16.700412
-12.228861
-17.516835
-18.220229
-3.818682
-2.918302
-12.716328
-16.932206
-9.938853
-14.226317
-4.788091
-14.361541
-13.953781
-9.826208
-6.046611
-15.435920
-13.351958
-3.834691
-13.851448
-18.560384
-12.606502
-8.616625
-20.692170
-17.261322
-4.199597
-3.524194
-4.501977
-12.891727
-13.975581
-2.685867
-13.335960
-2.375030
-2.089490
-2.113093
-2.196641
-2.189463
-2.178845
-2.151830
-2.190898
-2.198686
-2.181505
-2.192084
-2.176727
-2.178382
-2.191757
-2.163905
-2.179689
-2.180221
-2.180193
-2.180056
-21.577268
-2.180619
-2.180509
-2.193827
-2.178447
-21.997962
-2.178985
-21.575725
-2.150209
-21.575725
-2.148781
-2.197267
-2.195655
-2.173999
-22.173366
-2.174869
-2.193134
-21.600178
-2.174226
-2.193722
-2.190840
-21.574180
-18.612164
-2.162092
-2.144316
-21.360904
-2.191913
-2.189844
-2.164699
-22.173366
-2.191319
-21.604704
-2.158747
-22.175329
-2.194007
-2.190809
-21.573665
-2.190312
-2.157354
-2.191421
-2.155079
-2.155136
-21.573150
-2.149303
-2.200913
-2.167820
-2.196694
-21.593551
-2.128576
-2.122005
-2.116514
-21.595633
-2.109215
-2.130534
-21.578808
-2.110016
-2.104064
-21.631544
-2.058498
-2.145178
-2.137045
-2.145448
-21.778883
-21.670561
-21.574180
-2.147212
-2.151861
-2.152022
-2.151662
-2.151710
-21.812363
-2.152971
-2.147892
-2.147361
-2.147371
-2.149243
-2.149257
-2.149375
-22.127194
-2.149366
-21.255599
-21.766526
-21.362392
-2.149415
-21.573665
-2.152149
-2.147823
-22.195540
-2.152181
-2.149020
-2.147518
-2.149234
-22.270231
-2.149295
-2.147572
-2.150005
-21.578808
-2.149011
-2.149732
-2.147943
-2.147206
-2.150505
-2.149741
-2.151706
-2.150260
-21.370788
-2.146855
-2.150352
-2.149374
-2.150812
-21.697708
-2.149463
-2.152395
-21.121964
-21.197328
-2.149567
-2.149361
-13.062941
-2.147391
-2.147523
-2.147604
-21.814296
-2.148044
-2.147536
-2.147781
-21.077947
-21.697637
-2.146051
-2.147202
-2.147756
-2.148711
-2.148750
-2.148941
-2.147760
-2.148734
-2.148807
-2.146581
-21.557733
-2.147433
-2.148160
-2.151317
-2.152950
-21.768597
-21.668550
-2.147756
-2.148555
-2.154838
-2.148520
-2.148077
-2.147433
-21.555890
-21.698498
-2.148380
-2.153690
-2.154498
-2.147319
-2.148380
-2.148683
-2.148647
-2.147600
-2.148377
-21.782915
-2.148731
-21.600314
-2.148452
-2.146285
-21.482910
-2.154377
-2.148541
-2.154436
-2.147816
-2.147988
-2.147587
-2.148010
-2.147587
-2.147363
-2.147587
-2.148479
-2.152890
-2.158808
-2.146382
-21.416775
-2.147240
-21.697653
-2.147457
-2.147283
-2.147846
-2.147149
-21.461683
-2.146285
-2.151937
-2.158855
-21.539775
-21.270797
-2.147067
-2.147112
-2.158979
-2.146957
-2.146359
-2.147089
-2.147144
-2.158868
-2.146197
-2.147536
-2.145578
-21.968726
-2.146659
-2.146678
-2.146517
-2.146558
-2.146507
-2.149608
-2.146212
-21.480717
-2.146093
-2.146358
-2.144021
-2.147635
-21.459418
-2.142078
-2.146444
-2.145885
-2.147432
-2.145643
-21.270107
-2.148078
-21.121589
-21.724366
-2.146623
-2.148078
-2.147209
-2.146262
-2.148160
-2.145371
-2.147957
-2.148466
-2.146278
-21.841113
-2.145173
-2.146460
-2.148869
-2.148338
-2.144960
-2.150747
-2.148320
-2.148762
-2.148576
-2.146770
-2.145193
-2.148478
-21.540458
-22.086215
-2.148741
-2.148438
-2.148320
-2.152028
-2.148305
-2.144794
-2.148240
-2.153321
-2.149004
-2.148433
-2.144508
-21.755709
-2.152028
-2.146020
-2.158405
-2.147996
-2.144957
-2.150257
-2.145992
-2.148206
-21.442053
-2.150240
-21.531432
-2.148220
-2.145232
-21.561944
-2.147983
-2.148796
-2.147220
-2.144412
-2.145292
-2.148320
-21.644713
-2.147476
-2.149869
-2.148149
-2.147491
-2.146989
-2.156264
-2.147626
-21.371641
-2.152108
-2.147626
-2.147125
-2.146671
-2.144268
-21.640781
-2.148558
-2.145369
-2.145845
-2.148433
-2.147836
-2.149495
-22.130363
-2.146214
-2.148433
-2.150240
-2.146432
-21.347829
-19.546592
-19.801271
-21.068075
-21.170856
-20.981475
-20.874402
-21.324427
-21.260071
-21.009559
-21.926750
-18.011419
-17.113029
-17.022801
-18.325836
-14.844520
-15.422872
-14.725563
-13.101792
-17.787016
-7.989356
-12.689051
-9.448902
-3.939419
-9.325015
-6.749861
-3.846686
-4.016812
-5.083847
-7.739698
-4.794712
-4.821439
-7.225365
-14.784340
-14.415655
-7.112594
-6.557208
-16.383954
-3.958951
-4.117374
-6.238521
-6.771992
-17.290427
-4.499938
-8.477516
-5.986150
-4.831744
-3.626990
-4.985131
-16.919310
-8.049847
-2.759701
-3.188659
-4.315279
-3.663188
-17.453323
-7.939506
-16.823851
-5.046832
-5.501917
-4.896198
-3.052074
-14.129351
-2.688326
-2.973660
-3.178328
-3.019810
-2.581283
-2.395728
-15.067833
-2.535201
-2.464446
-2.458538
-2.461323
-2.460919
-2.455072
-17.282808
-2.461152
-2.461642
-2.461642
-2.460191
-2.460972
-21.575725
-2.453971
-2.458288
-2.459655
-21.574180
-2.455932
-2.458844
-2.452126
-21.925133
-2.455950
-2.447222
-22.123404
-2.447927
-2.462625
-2.447636
-21.574180
-2.459070
-21.604704
-2.459070
-2.484284
-21.581883
-2.453706
-21.575725
-2.455294
-2.447701
-21.574180
-2.456757
-2.451610
-2.455888
-2.455434
-22.292189
-2.456454
-21.382364
-2.458528
-22.171394
-2.456276
-21.631544
-2.457207
-2.456036
-22.292189
-2.456937
-2.456349
-2.457243
-2.451312
-22.123404
-2.452545
-21.778883
-2.456937
-2.453570
-2.444218
-21.644713
-22.246857
-2.459934
-2.452948
-21.578808
-2.456464
-2.455922
-2.444315
-2.456336
-2.455232
-2.453200
-21.279624
-2.469715
-22.246857
-2.447830
-2.459157
-21.377014
-22.292189
-2.451334
-2.447858
-2.453147
-2.461372
-21.361790
-2.452141
-2.448465
-2.451218
-2.448589
-2.449273
-21.574180
-2.451414
-2.452969
-2.451737
-2.446913
-2.452644
-2.446817
-2.452126
-2.446932
-2.449175
-21.360409
-2.448925
-2.446958
-2.445623
-21.946990
-2.447924
-2.450861
-21.362993
-2.453103
-2.447289
-21.360409
-2.444319
-2.446596
-2.475773
-2.444587
-2.444938
-2.443429
-21.490457
-2.439904
-2.443602
-2.439604
-2.447944
-21.211298
-2.431682
-2.429993
-2.426342
-21.268520
-2.418699
-2.414602
-2.403942
-21.094186
-21.586485
-2.393018
-2.377217
-2.357095
-2.336512
-2.357681
-21.198649
-2.468733
-2.327660
-21.562385
-2.329063
-2.329201
-21.279053
-21.768735
-2.367841
-2.362386
-2.963638
-2.405085
-2.380090
-2.380079
-2.380429
-2.379993
-2.370251
-2.380950
-2.374182
-2.376219
-2.377302
-2.388247
-21.690493
-21.283314
-21.617801
-2.374064
-2.382484
-2.374064
-21.490189
-2.375138
-2.375128
-2.377058
-22.105062
-2.376916
-21.725851
-2.377034
-2.376904
-2.377027
-2.377051
-2.376894
-2.376756
-2.376905
-2.376902
-2.388719
-2.383955
-21.360793
-2.375482
-2.383277
-2.374615
-2.375186
-2.375786
-2.384026
-21.557899
-21.726427
-2.382649
-2.381722
-2.372992
-2.373373
-21.480729
-2.373356
-22.233760
-21.372041
-2.388650
-2.371006
-2.381142
-2.378388
-2.380663
-2.369926
-2.370488
-2.370427
-2.370247
-2.370631
-2.370600
-2.384260
-2.368992
-21.892019
-2.368660
-2.368592
-21.125772
-2.368161
-2.368105
-2.367898
-2.367529
-2.366984
-2.367902
-2.365708
-2.374470
-2.374538
-2.374724
-2.365558
-2.364831
-2.363806
-2.361681
-2.372463
-21.270767
-2.361163
-21.240054
-2.359635
-21.443747
-2.356542
-2.353062
-21.813544
-2.347290
-2.339621
-2.339451
-2.316593
-2.286039
-21.514634
-21.646340
-21.526412
-2.247130
-2.089095
-13.127479
-1.438455
-10.857701
-16.267446
-3.667179
-1.275866
-1.570776
-1.325808
-1.375361
-1.340466
-1.341484
-18.666508
-1.340508
-1.374759
-1.374712
-1.389884
-1.379542
-1.341295
-1.373421
-1.376700
-1.354535
-1.331898
-1.360175
-1.318787
-1.344033
-16.269195
-1.334646
-1.329935
-1.297764
-14.630486
-1.257473
-1.210797
-21.395577
-1.179105
-1.184394
-1.213341
-1.218108
-1.218434
-1.215528
-1.216035
-1.218229
-1.215271
-1.215975
-1.215693
-1.216081
-1.216056
-1.216226
-1.218833
-1.215769
-1.215831
-1.216047
-1.215894
-13.784797
-1.214097
-1.214740
-1.214797
-1.214374
-1.215266
-1.216753
-1.214329
-1.213801
-1.213965
-1.213983
-1.215360
-1.217206
-1.214640
-1.215258
-1.214053
-1.214683
-1.214527
-1.216292
-1.214917
-1.214500
-1.214732
-1.215609
-1.215373
-1.215506
-1.216307
-1.215339
-1.215111
-1.214594
-19.959603
-21.035986
-20.911615
-21.666064
-21.368344
-20.603316
-21.455834
-21.391676
-21.271303
-20.308361
-21.139595
-20.730080
-20.599965
-18.640514
-20.402918
-15.246323
-16.954293
-18.184175
-6.336642
-6.028571
-8.750633
-7.991287
-8.864236
-7.450341
-7.204187
-5.881194
-1.966499
-4.671717
-2.160035
-3.332336
-4.799802
-9.471323
-3.403959
-16.533842
-2.076668
-3.497134
-15.324409
-4.012411
-13.683434
-15.384882
-0.942515
-14.774392
-17.321005
-8.084112
-3.435782
-15.913712
-14.998121
-12.487842
-11.616741
-8.728556
-4.030354
-16.163352
-1.667169
-13.717311
-14.104853
-13.872245
-1.793441
-0.751914
-3.896897
-15.075843
-15.711997
-0.703392
-1.030999
-11.875024
-0.865555
-0.995635
-0.838811
-0.868120
-0.890670
-0.898522
-0.966070
-0.862763
-0.968600
-0.847906
-0.859845
-0.860111
-0.863569
-0.844404
-0.868391
-0.869237
-0.959746
-0.855123
-0.860982
-0.867862
-0.865752
-0.869430
-0.873052
-0.872486
-0.876512
-0.876520
-0.877628
-0.878775
-0.878706
-0.839943
-0.880475
-0.881136
-0.880127
-0.828349
-0.882015
-22.270231
-0.882596
-0.880525
-0.841269
-21.844610
-0.885571
-21.575725
-0.876037
-21.577268
-0.880158
-0.876832
-0.882919
-0.875099
-0.889820
-21.574180
-0.852076
-21.631544
-0.870568
-0.883677
-21.604704
-0.883250
-0.869677
-0.884306
-20.804274
-0.881190
-21.574180
-22.175329
-0.877571
-0.866495
-0.869740
-22.171394
-21.577268
-0.870255
-0.883855
-0.878746
-21.577268
-0.878711
-0.870396
-0.884438
-21.578808
-0.880920
-0.875537
-21.844610
-0.869693
-22.169413
-0.878564
-0.854276
-0.883858
-21.925133
-0.882696
-0.878535
-0.878310
-21.577268
-0.861263
-21.923305
-0.857728
-0.859067
-0.865036
-0.879721
-0.867783
-21.575725
-0.868585
-0.869835
-0.859751
-0.887961
-22.169413
-0.871588
-0.876790
-0.861121
-0.884521
-0.880627
-0.880153
-21.367196
-0.878274
-0.886920
-0.879189
-0.858746
-21.362993
-0.880346
-0.866847
-0.880439
-21.778883
-0.878182
-0.885580
-0.865913
-0.867179
-0.877807
-0.888858
-0.877321
-0.882774
-20.685682
-0.882396
-0.871954
-0.867404
-0.868084
-20.906264
-0.861679
-22.137317
-21.895877
-21.915310
-22.167423
-0.878396
-0.878362
-0.857379
-0.877323
-0.879208
-0.885241
-0.885177
-0.878128
-0.845574
-0.879059
-0.857568
-0.857804
-0.876752
-0.858046
-0.873815
-0.870653
-0.880187
-0.879867
-0.873855
-0.873794
-21.209851
-0.858272
-0.872816
-21.618208
-0.884120
-0.911662
-0.877673
-0.831816
-0.862350
-0.873707
-21.350297
-0.858207
-21.839251
-0.851438
-0.870101
-0.874512
-0.873709
-0.852229
-0.835112
-0.838091
-0.854284
-0.855071
-0.857024
-21.108111
-0.842637
-0.859056
-0.869861
-21.582761
-0.861948
-0.828212
-0.841797
-0.872835
-21.597290
-0.872868
-0.856542
-21.183223
-0.843246
-22.097830
-21.272447
-0.880555
-0.880895
-0.878158
-0.873993
-0.863817
-0.870467
-21.232264
-0.850809
-0.872015
-0.881079
-21.770371
-0.851010
-21.700734
-0.880917
-0.863982
-0.871132
-0.864248
-0.879373
-21.704418
-0.852501
-21.325110
-0.864306
-0.856920
-0.823088
-0.862107
-0.862370
-0.862314
-0.880487
-0.872462
-0.880834
-22.056920
-0.869689
-0.858743
-0.865643
-0.862058
-0.880705
-0.861647
-0.851177
-0.811424
-21.520600
-0.875307
-0.824980
-0.880137
-22.084521
-0.840013
-0.855606
-0.880032
-0.828180
-0.877655
-0.831583
-0.877143
-21.185403
-0.877465
-0.830016
-21.223510
-0.846704
-0.875366
-0.840057
-0.824922
-0.832567
-0.871827
-0.873232
-21.603637
-0.867275
-0.871848
-0.828829
-0.868028
-0.833206
-0.869103
-21.559914
-0.812830
-0.814097
-0.823602
-0.823927
-22.004956
-13.277548
-0.812950
-0.833481
-0.824197
-0.824161
-0.826145
-21.387820
-0.834120
-0.835209
-0.835682
-0.840235
-0.823459
-0.839163
-0.848969
-0.845493
-0.910063
-0.826264
-21.617241
-0.833752
-0.825954
-0.811754
-0.827440
-0.833156
-0.835040
-0.835091
-0.835920
-21.927300
-0.840487
-0.840889
-0.840784
-0.840762
-0.843587
-0.925669
-0.822538
-0.823557
-0.816611
-0.828539
-0.827042
-0.831915
-0.831616
-0.829091
-0.831142
-0.833228
-0.836562
-0.854398
-0.854601
-0.854718
-0.836150
-0.839510
-0.854556
-0.836463
-21.746703
-0.854627
-0.854725
-0.832887
-0.854594
-0.835966
-0.841692
-21.596041
-0.835945
-21.378353
-0.838983
-21.528792
-21.734273
-22.030865
-0.855144
-21.549286
-21.791652
-21.513402
-21.275466
-21.614415
-20.366018
-20.937642
-20.397467
-21.403387
-21.264627
-20.882600
-19.889921
-20.776466
-21.116117
-11.425098
-9.743735
-12.564466
-10.283237
-8.681172
-4.118443
-10.521631
-5.080253
-5.488546
-8.175747
-7.473450
-4.718959
-3.215749
-2.613589
-6.791064
-3.928931
-5.951232
-4.988981
-17.437845
-4.324773
-5.732829
-3.084664
-15.521238
-14.768020
-7.372437
-17.820377
-4.755738
-13.900438
-16.166180
-14.416849
-9.658804
-4.314996
-3.016925
-7.621907
-18.689764
-14.292361
-3.477437
-14.742445
-2.858050
-3.349292
-15.967910
-6.689383
-2.390347
-14.823039
-3.206335
-3.266319
-18.308808
-13.312288
-3.587278
-14.419242
-1.978880
-11.932453
-10.113277
-3.250683
-1.866637
-14.764635
-1.944719
-2.040326
-1.841387
-1.868147
-1.851477
-1.857022
-1.999559
-1.800395
-1.798527
-1.710996
-1.433234
-6.350222
-10.967754
-2.688963
-1.476679
-1.323332
-1.632272
-1.914951
-16.713802
-0.751479
-12.604272
-1.369774
-0.762894
-0.897293
-1.019727
-1.076299
-1.073259
-1.001206
-1.022687
-1.031330
-1.074243
-1.074354
-1.074395
-1.007854
-1.075747
-0.996709
-1.000691
-1.076897
-0.997118
-21.574180
-1.002707
-1.005375
-21.574180
-1.003320
-1.080098
-1.031773
-21.574180
-0.995571
-18.024362
-1.040485
-21.577268
-0.996204
-21.575725
-0.996424
-21.575725
-1.083411
-1.082152
-0.983358
-21.574180
-0.982154
-1.085119
-1.017393
-21.575725
-0.979949
-0.969482
-1.086133
-22.246857
-0.955530
-0.953633
-21.708032
-21.575725
-1.087154
-0.938211
-1.087688
-21.778883
-0.919668
-0.884504
-21.600178
-0.881754
-21.586485
-0.872844
-0.910129
-21.577268
-0.896819
-0.932971
-0.973925
-21.925133
-0.940004
-0.935093
-1.045269
-0.936424
-0.933312
-21.631544
-0.930979
-1.026591
-21.591069
-0.999846
-0.984939
-0.933305
-0.990164
-22.171394
-0.983986
-0.980396
-0.956886
-0.931682
-0.987702
-0.930893
-21.778883
-0.985727
-0.929864
-0.986467
-22.177957
-0.982931
-0.928684
-0.983787
-0.943720
-0.983452
-0.982488
-0.983340
-0.943511
-0.920780
-0.980620
-0.924531
-0.981257
-21.368993
-0.977003
-0.919293
-0.937777
-0.980472
-0.920803
-0.980170
-21.521985
-0.919679
-0.979464
-0.916125
-0.915378
-0.926309
-21.483416
-0.981039
-21.362392
-21.365396
-0.978954
-0.927025
-0.977864
-0.923624
-0.910823
-0.920242
-0.977107
-0.974841
-21.359940
-0.972147
-21.522893
-0.973319
-0.970491
-0.969814
-20.886097
-0.907960
-21.517046
-0.906561
-0.968661
-21.215898
-0.904190
-0.965928
-0.902170
-0.899943
-0.897644
-0.895230
-0.892563
-21.577268
-0.957931
-21.565305
-0.956534
-0.873931
-0.891172
-0.948156
-0.947969
-21.557039
-0.887611
-0.876238
-0.879580
-21.277881
-0.868325
-0.931332
-0.853603
-0.923484
-0.856267
-0.916529
-21.808378
-0.916520
-0.916359
-21.699847
-0.913909
-0.847237
-0.907945
-0.844710
-0.838650
-0.835265
-0.823741
-21.521557
-0.869253
-0.814752
-0.853659
-0.851795
-0.848093
-0.844873
-0.841661
-21.368993
-0.797375
-0.831635
-0.827009
-0.780477
-0.845909
-0.856931
-21.544227
-0.865797
-0.826210
-0.851171
-0.764665
-0.864934
-21.883774
-0.764308
-0.879406
-0.875080
-21.361506
-0.761530
-21.543593
-0.877388
-21.884340
-0.876329
-0.873067
-0.768714
-0.875332
-0.761872
-0.773194
-21.700734
-0.776841
-0.888167
-0.876933
-0.868825
-0.867594
-0.861820
-0.864149
-0.777609
-0.777657
-0.866790
-0.863828
-0.842225
-21.363234
-0.783076
-0.871830
-0.784786
-0.789602
-0.782473
-0.857615
-0.797933
-21.699945
-0.800014
-0.800198
-0.874174
-0.868676
-21.482708
-0.800797
-0.867224
-0.874865
-0.799951
-0.802466
-0.805787
-0.808746
-0.810207
-0.871923
-0.810580
-0.865172
-0.811083
-0.811972
-0.887565
-0.810612
-0.811876
-0.860304
-21.600572
-21.507338
-0.816425
-0.812644
-21.299462
-0.812960
-0.881131
-0.811142
-0.812122
-0.859306
-21.711846
-13.783556
-21.192598
-0.856369
-0.811317
-0.875047
-21.920259
-0.850902
-0.810568
-0.851917
-0.868024
-0.810018
-0.848269
-0.810263
-21.560735
-0.810419
-0.810646
-0.810916
-0.811028
-0.811314
-0.813375
-0.811810
-0.810566
-0.812457
-0.812147
-20.961953
-0.811819
-21.697906
-0.826230
-0.811289
-0.827812
-21.046827
-0.812635
-0.814032
-0.814286
-0.814138
-0.810368
-0.833374
-0.815108
-0.862779
-0.859618
-0.810347
-21.217280
-18.592599
-21.016988
-21.481792
-20.739904
-21.544531
-21.327318
-17.515611
-20.871216
-21.518470
-21.043970
-14.821502
-17.658433
-9.590478
-6.939776
-9.528948
-11.583223
-9.072463
-10.814735
-4.702729
-5.961844
-7.379475
-6.096308
-4.615567
-3.857547
-6.791479
-6.318369
-3.137476
-2.999271
-3.368549
-5.395704
-3.347578
-3.127944
-3.293257
-3.216193
-3.791072
-15.136842
-3.873155
-16.114762
-16.928997
-2.160151
-14.572623
-3.962614
-14.039398
-15.503883
-10.673421
-16.951656
-2.722383
-2.557162
-2.381263
-2.358529
-2.375277
-2.360341
-2.327414
-2.392392
-2.354676
-2.360505
-2.362410
-2.362472
-21.708032
-2.362676
-22.167423
-2.330872
-2.363348
-2.362574
-21.812363
-2.362388
-2.301249
-21.844610
-2.339478
-2.286008
-20.146626
-2.265490
-21.574180
-21.580347
-2.313480
-2.260315
-18.577640
-21.586485
-2.365474
-2.230230
-21.573665
-21.580347
-12.941902
-2.272216
-2.263081
-21.574180
-2.322534
-22.173366
-2.267457
-2.274128
-2.325575
-21.577268
-21.618208
-2.250729
-2.243697
-2.262553
-2.299312
-2.261499
-2.232727
-21.577268
-2.215841
-22.221989
-2.241447
-2.199037
-21.604704
-21.468716
-2.172570
-2.130576
-2.081175
-20.090107
-2.415455
-2.080396
-2.058495
-21.771119
-2.065197
-2.054402
-11.282487
-22.173366
-2.127578
-2.148722
-2.150574
-21.573665
-2.150539
-21.362993
-17.927194
-21.482054
-2.152562
-2.153901
-21.997962
-2.151823
-2.148148
-2.152325
-2.153453
-21.361506
-21.573665
-2.147745
-21.558478
-2.151143
-2.153972
-2.151725
-2.152948
-2.149962
-2.152211
-21.612020
-2.150019
-2.156704
-2.149432
-21.127798
-21.698498
-2.139068
-2.157422
-2.149993
-2.152211
-21.061995
-2.152197
-21.361506
-21.508878
-2.149281
-2.149956
-2.150022
-2.149574
-21.554739
-2.150272
-2.151451
-2.138056
-2.150563
-2.150680
-2.151217
-2.150721
-2.153144
-21.200870
-21.268465
-2.150284
-2.148289
-2.150707
-21.360878
-2.150185
-2.150869
-2.146596
-21.553847
-2.149953
-21.608893
-2.149065
-2.145327
-2.151379
-2.151076
-2.153592
-2.153507
-21.840721
-2.150640
-2.151273
-2.148743
-21.427953
-2.148420
-2.150816
-2.149616
-2.155047
-2.150244
-2.150919
-2.149676
-21.765418
-21.839251
-2.147688
-2.150253
-21.368052
-2.149327
-2.154817
-2.149903
-2.149954
-2.149964
-21.493175
-2.150596
-22.063276
-21.480036
-2.150551
-2.150556
-2.150734
-2.150222
-2.146845
-2.152753
-2.149805
-2.147426
-21.801905
-21.255306
-2.146341
-2.150217
-21.656283
-2.150886
-2.153936
-2.149860
-2.152542
-2.149742
-2.148798
-2.150029
-2.146810
-21.268600
-2.150211
-2.151280
-2.138968
-2.147415
-2.147106
-2.155253
-22.140911
-2.146352
-2.149267
-2.150137
-2.149325
-2.145381
-21.628083
-21.245789
-2.146957
-2.149970
-2.150177
-2.150243
-2.149911
-2.150517
-2.146959
-2.149839
-2.147038
-2.147108
-2.150763
-2.150393
-2.147106
-2.150517
-2.150346
-2.149807
-2.149770
-21.508678
-2.147002
-2.138727
-2.151268
-2.144711
-21.563862
-2.147002
-2.138583
-2.147836
-21.836415
-2.133785
-2.148294
-2.138539
-2.157890
-2.145598
-2.144548
-21.846658
-2.138478
-22.179118
-2.136561
-2.139582
-2.136212
-2.139661
-21.817264
-2.139680
-2.140538
-2.138660
-21.766161
-2.135829
-2.138571
-2.138051
-21.436917
-2.132456
-2.132775
-2.131033
-2.127566
-21.826890
-21.493084
-2.125505
-2.120787
-2.117964
-2.114584
-2.109404
-2.111753
-2.106764
-2.101524
-2.095386
-2.151383
-2.160459
-2.095356
-2.088578
-2.084239
-2.236405
-2.081465
-2.117608
-2.074822
-2.080562
-2.088088
-2.136916
-12.664396
-2.138853
-2.098660
-17.187498
-21.856461
-21.440156
-21.537533
-2.139973
-2.097426
-21.361189
-2.137840
-2.136974
-2.136112
-21.765565
-2.092752
-2.137862
-2.097394
-2.101088
-2.103952
-2.105817
-2.109626
-2.111836
-2.113119
-2.114243
-2.115757
-2.114639
-21.933258
-2.117118
-2.115965
-2.117771
-2.118959
-2.119495
-2.119025
-2.118922
-2.119127
-2.119052
-2.119079
-2.119455
-2.119268
-21.832251
-2.119075
-2.119278
-2.117143
-2.119683
-21.505049
-2.119590
-2.118476
-2.119694
-2.119770
-2.119639
-2.118855
-2.119735
-2.119735
-2.119795
-2.119718
-20.010775
-2.116848
-2.119799
-2.119810
-21.467419
-2.119065
-2.119795
-2.119855
-2.119219
-2.118995
-2.118457
-21.823463
-2.119884
-2.119141
-2.119898
-20.805276
-2.120369
-2.118262
