-18521.376969
-39338.367925
-67202.720914
-20993.697934
-8190.468128
-61317.224459
-39577.601444
-18488.131593
-12346.707594
-16906.824001
-16234.787573
-8038.514539
-6972.207070
-5933.591506
-5097.953693
-4219.500613
-3499.732006
-2915.122068
-2893.668337
-2761.205178
-2291.020268
-1797.295287
-1409.536249
-1324.425938
-1314.712182
-1114.602420
-1101.424149
-1025.832853
-934.529914
-930.331650
-808.613267
-770.407744
-762.239120
-695.829666
-653.264408
-603.123153
-487.499603
-463.496646
-479.381635
-488.923640
-482.351451
-373.711499
-322.795419
-326.065251
-293.015110
-226.898067
-189.898200
-192.399964
-170.405376
-121.412972
-117.234925
-116.135851
-115.767665
-114.782684
-113.033392
-112.313025
-110.198046
-99.813575
-91.751875
-90.628536
-89.161708
-80.626592
-55.325492
-43.436652
-37.929673
-37.727394
-38.206470
-35.667752
-33.309411
-33.293842
-33.186307
-33.288781
-33.121662
-33.132084
-33.118835
-33.190135
-33.037832
-32.983125
-32.878701
-32.674402
-32.276668
-30.869771
-25.569559
-18.621501
-14.037235
-10.629409
-9.815298
-9.609600
-9.356488
-9.008445
-8.340551
-7.563630
-7.137876
-7.250457
-6.457099
-6.162475
-7.704749
-5.411619
-4.688611
-4.462248
-4.649031
-4.479523
-4.419259
-4.450127
-4.461957
-4.477616
-4.479799
-4.479799
-4.464549
-4.458060
-4.469777
-4.462337
-4.462337
-4.440288
-4.479557
-4.465628
-4.461204
-4.484790
-4.474384
-4.479557
-4.476502
-4.481971
-4.481971
-4.469181
-4.488116
-4.481020
-4.486672
-4.481020
-4.486672
-4.468239
-4.468239
-4.474531
-4.490372
-4.490372
-4.485021
-4.469181
-4.485021
-4.489520
-4.489520
-4.454833
-4.384582
-4.338281
-4.242764
-4.005734
-3.288386
-1.891686
-1.285495
-1.225276
-1.127398
-1.153438
-1.141421
-1.091534
-1.134715
-1.112144
-1.118189
-1.127935
-1.100545
-1.147176
-1.102620
-1.113341
-1.091534
-1.115125
-1.092756
-1.125280
-1.070248
-1.085591
-1.068829
-1.071180
-1.068893
-1.074358
-1.068829
-1.064705
-0.979515
-1.021869
-1.021869
-1.040094
-1.021869
-1.006994
-0.944040
-0.934713
-1.028146
-1.229339
-0.969474
-0.971375
-0.923912
-0.952214
-0.910309
-0.881608
-0.811766
-0.833627
-0.799877
-0.795314
-0.785026
-0.756202
-0.751211
-0.770304
-0.691238
-0.739307
-0.764406
-0.745156
-0.748708
-0.748309
-0.733942
-0.743431
-0.762815
-0.752522
-0.710705
-0.775049
-0.748930
-0.764628
-0.727733
-0.745860
-0.748930
-0.719131
-0.756202
-0.747112
-0.719973
-0.728399
-0.768087
-0.798462
-0.729552
-0.780947
-0.773896
-0.747112
-0.710705
-0.747112
-0.719973
-0.739352
-0.719397
-0.756291
-0.774561
-0.757222
-0.736622
-0.709020
-0.770875
-0.768087
-0.935398
-0.747112
-0.725339
-0.722851
-0.747112
-0.748531
-0.628580
-0.773452
-0.665696
-0.705330
-0.628580
-0.671135
-0.652880
-0.664499
-0.665696
-0.700018
-0.638695
-0.643524
-0.631487
-0.617262
-0.584679
-0.588359
-0.572075
-0.550307
-0.544050
-0.533333
-0.533796
-0.527608
-0.526411
-0.527115
-0.512654
-0.512654
-0.517281
-0.520370
-0.500026
-0.516541
-0.522730
-0.525839
-0.520868
-0.522730
-0.521429
-0.521148
-0.528406
-0.521710
-0.555545
-0.520868
-0.521710
-0.521148
-0.521710
-0.520868
-0.520868
-0.528406
-0.528406
-0.514216
-0.518552
-0.518833
-0.528406
-0.526011
-0.518833
-0.520365
-0.524814
-0.520646
-0.521799
-0.519483
-0.518640
-0.518980
-0.521459
-0.518640
-0.521459
-0.520956
-0.521459
-0.527076
-0.521799
-0.508451
-0.518640
-0.524065
-0.528406
-0.521749
-0.518980
-0.519143
-0.521296
-0.521749
-0.526120
-0.528406
-0.512452
-0.524868
-0.518640
-0.508451
-0.531155
-0.522089
-0.508451
-0.530653
-0.531155
-0.524065
-0.514305
-0.522651
-0.522651
-0.516763
-0.521749
-0.517266
-0.522651
-0.522651
-0.521799
-0.518980
-0.528406
-0.518980
-0.521799
-0.507254
-0.514305
-0.517266
-0.530313
-0.514216
-0.518980
-0.518640
-0.516763
-0.517266
-0.525780
-0.521646
-0.526011
-0.518739
-0.517754
-0.519138
-0.517266
-0.528406
-0.556742
-0.512792
-0.529948
-0.514645
-0.520375
-0.530288
-0.514645
-0.508451
-0.528406
-0.526622
-0.522089
-0.514216
-0.516763
-0.528406
-0.530791
-0.524504
-0.514645
-0.522089
-0.508451
-0.511545
-0.515147
-0.515147
-0.509382
-0.515147
-0.521375
-0.508451
-0.536787
-0.508451
-0.515147
-0.512048
-0.511545
-0.512718
-0.512048
-0.515147
-0.515147
-0.515477
-0.515014
-0.515807
-0.515147
-0.515014
-26567.576728
-24687.323345
-37812.434290
-16412.636343
-42077.146078
-7529.330366
-41868.042522
-19366.454697
-28525.904861
-69180.208668
-25281.342438
-7360.677990
-7303.085840
-7186.547851
-7180.000201
-7140.040744
-7000.352356
-6596.878466
-5746.116215
-4550.706333
-3899.365976
-3430.578757
-3069.589768
-2915.529927
-2843.767497
-2643.615873
-2216.087878
-1750.155514
-1736.811801
-1655.911454
-1558.757869
-1519.013675
-1120.208122
-821.290889
-641.244171
-627.530847
-582.888624
-502.895226
-508.732840
-506.854324
-444.115308
-275.494345
-277.802768
-222.008927
-173.364827
-145.485354
-119.827522
-89.623459
-71.072606
-67.556107
-68.640901
-66.141511
-63.861281
-58.856540
-57.221282
-56.148141
-53.105471
-43.007158
-36.420520
-28.905698
-20.711679
-18.513023
-18.294445
-17.372070
-17.208814
-17.522446
-16.765544
-15.621270
-14.454628
-14.296895
-14.499878
-14.372374
-14.358134
-14.311474
-14.294900
-14.281941
-14.278660
-14.217819
-14.271180
-14.206630
-14.185054
-14.191513
-14.068985
-14.027671
-13.967935
-13.911292
-13.804901
-13.423304
-12.245846
-8.363472
-6.198256
-5.418202
-4.834676
-4.154859
-3.619023
-3.371054
-3.238184
-3.162592
-3.087059
-3.010974
-2.914723
-2.816219
-2.741716
-2.679102
-2.822831
-2.654402
-2.656398
-2.560757
-2.456449
-2.479597
-2.327472
-2.184264
-1.929172
-1.697956
-1.424382
-1.299956
-1.190865
-1.184070
-1.137952
-1.148871
-1.144658
-1.138470
-1.131133
-1.144249
-1.145205
-1.127852
-1.154419
-1.133552
-1.234036
-1.095525
-1.140278
-1.142889
-1.122264
-1.143702
-1.138470
-1.144890
-1.143904
-1.124792
-1.111400
-1.128817
-1.146116
-1.122264
-1.122264
-1.130882
-1.095525
-1.142475
-1.124669
-1.128270
-1.131793
-1.122934
-1.132301
-1.154591
-1.135232
-1.122264
-1.129216
-1.135351
-1.111400
-1.144890
-1.122264
-1.123018
-1.137282
-1.124880
-1.122264
-1.105413
-1.111400
-1.128798
-1.140179
-1.133331
-1.135030
-1.109138
-1.126556
-1.135287
-1.111400
-1.095525
-1.095525
-1.118007
-1.132320
-1.135922
-1.130699
-1.109138
-1.154591
-1.120214
-1.125196
-1.127906
-1.120214
-1.117603
-1.107143
-1.132320
-1.062399
-1.128162
-1.130557
-1.124560
-1.127906
-1.128162
-1.109138
-1.116086
-1.127906
-1.130079
-1.105537
-1.133882
-1.120003
-1.137563
-1.089538
-1.122264
-1.128162
-1.104842
-1.095525
-1.114090
-1.097954
-1.098648
-1.120003
-1.109882
-1.114686
-1.109138
-1.112592
-1.155389
-1.122264
-1.112661
-1.116278
-1.111966
-1.107330
-1.107143
-1.105413
-1.105413
-1.086656
-1.113839
-1.092534
-1.110784
-1.090459
-1.091479
-1.101383
-1.103896
-1.108153
-1.116278
-1.154591
-1.101383
-1.081556
-1.097067
-0.933890
-0.990473
-0.987147
-0.972913
-0.927435
-0.721969
-0.639355
-0.000000
-0.102657
-0.129308
-0.065984
-0.079963
-0.000000
-0.067847
-0.068295
-85898.408441
-0.065482
-0.067315
-0.092064
-0.032327
-0.070241
-0.063388
-0.064654
-0.061860
-0.069443
-0.064654
-0.074011
-0.073602
-0.064654
-0.070833
-0.094537
-0.068645
-0.072271
-0.080618
-0.064654
-0.068280
-0.092458
-0.071399
-0.070586
-0.032327
-0.066295
-0.065511
-0.068645
-0.067339
-0.067231
-0.067231
-0.000000
-0.069088
-0.066827
-0.069088
-0.068280
-0.057603
-0.068645
-0.055874
-0.069088
-0.065398
-0.066822
-0.066334
-0.068645
-0.000000
-0.064033
-0.064580
-0.064452
-0.064023
-0.062289
-0.063447
-0.062658
-0.060929
-0.057603
-0.062658
-0.061629
-0.055874
-0.064018
-0.063595
-0.060914
-0.060308
-0.060914
-0.060308
-0.000000
-0.060929
-0.064654
-0.058978
-0.061949
-0.061860
-0.060816
-0.060816
-0.062900
-0.055874
-0.058845
-0.059416
-0.053790
-0.059530
-0.000000
-0.053878
-0.053878
-0.052597
-0.000000
-0.032327
-0.000000
-0.051651
-0.057869
-0.054051
-0.054233
-0.053558
-0.055874
-0.052326
-0.052834
-0.055076
-0.032327
-0.052425
-0.053213
-0.000000
-0.032327
-0.052282
-0.046295
-0.045192
-0.043743
-0.047123
-0.043743
-0.000000
-0.000000
-0.044610
-0.045364
-0.046295
-0.053878
-0.046571
-0.044507
-0.044507
-0.043847
-0.043507
-0.053790
-0.046295
-0.041772
-0.049887
-0.043541
-0.039954
-0.041487
-0.047759
-0.000000
-0.041403
-0.046295
-0.046295
-0.035919
-0.042083
-0.035919
-0.046606
-0.049887
-0.041753
-0.043103
-0.032327
-0.014368
-0.032327
-0.046295
-0.000000
-0.037727
-0.038688
-0.038092
-0.039250
-0.000000
-0.053878
-0.046295
-0.032327
-8197.895929
-29016.556506
-44469.529536
-29242.388287
-16674.112511
-40647.350994
-28167.196219
-12966.658841
-1970.431067
-26283.120008
-18181.383401
-1581.579234
-1372.405669
-1504.776213
-933.470442
-781.567440
-759.431478
-755.008827
-750.149780
-672.768622
-624.455592
-382.508877
-370.971796
-310.500995
-305.801019
-280.177717
-267.900556
-214.251483
-172.514590
-157.737580
-145.288253
-138.310637
-103.277102
-73.512633
-53.647543
-53.687967
-53.640395
-52.546177
-46.775026
-33.976401
-30.199525
-30.836465
-29.288605
-24.138041
-20.218635
-19.469197
-19.495460
-19.414241
-19.367063
-19.187523
-19.049435
-18.705469
-17.854259
-15.478316
-12.415058
-11.401738
-10.880311
-10.520730
-10.313442
-10.350714
-10.456265
-10.311041
-10.299552
-10.282519
-10.239121
-10.367074
-10.266624
-10.644615
-10.066232
-9.864954
-9.504913
-8.609746
-7.189225
-6.357181
-6.136138
-6.160204
-6.165613
-6.172665
-6.193117
-6.153784
-6.179991
-6.169206
-6.144145
-6.177334
-6.186140
-6.139599
-6.141274
-6.163888
-6.141274
-6.160489
-6.171955
-6.163525
-6.166856
-6.169722
-6.173561
-6.164082
-6.138121
-6.161848
-6.161336
-6.166044
-6.163529
-6.165028
-6.137707
-6.168083
-6.174867
-6.160741
-6.157460
-6.136155
-6.174867
-6.151207
-6.133484
-6.154829
-6.168373
-6.165215
-6.154829
-6.155522
-6.131769
-6.139402
-6.136155
-6.153810
-6.130554
-6.128621
-6.127389
-6.145467
-6.142726
-6.142769
-6.142134
-6.132903
-6.149926
-6.137190
-6.118345
-6.115845
-6.132982
-6.117913
-6.115261
-6.109212
-6.111573
-6.110252
-6.122851
-6.119373
-6.102144
-6.096667
-6.091914
-6.086578
-6.085187
-6.080782
-6.083732
-6.082207
-6.082665
-6.082202
-6.082207
-6.067060
-6.081394
-6.071584
-6.063713
-6.076874
-6.067395
-6.052097
-6.066761
-6.066586
-6.065253
-6.062148
-6.079054
-6.077265
-6.063805
-5.244150
-4.894407
-4.621557
-4.486534
-4.527414
-4.531267
-4.439214
-4.520280
-4.516949
-4.498615
-4.404049
-4.404049
-4.466262
-4.548039
-4.462716
-4.462716
-4.464711
-4.486972
-4.550917
-4.465796
-4.486972
-4.460708
-4.496916
-4.467151
-4.472403
-4.573976
-4.404049
-4.424304
-4.434045
-4.430882
-4.422806
-4.419208
-4.414741
-4.462716
-4.401247
-4.400772
-4.388642
-4.398690
-4.362084
-4.336202
-4.344361
-4.302811
-4.259353
-4.182988
-4.363467
-4.055592
-3.913380
-3.589247
-3.277222
-3.002589
-2.771092
-2.592576
-2.396959
-2.193330
-1.943362
-1.665943
-1.448224
-1.335427
-1.270133
-1.241189
-1.209957
-1.198427
-1.180670
-1.171092
-1.161144
-1.156649
-1.156045
-1.156045
-1.155689
-1.135351
-1.130507
-1.130877
-1.113785
-1.113228
-1.118978
-1.114469
-1.119372
-1.119854
-1.120870
-1.102109
-1.107156
-1.102940
-1.122491
-1.102385
-1.101910
-1.100790
-1.101220
-1.104758
-1.098146
-1.124863
-1.100895
-1.101556
-1.089220
-1.089789
-1.089272
-1.130581
-1.089789
-1.085631
-1.082453
-1.082299
-1.086551
-1.088055
-1.126684
-1.091964
-1.083000
-1.088700
-1.082138
-1.090706
-1.089449
-1.077590
-1.075801
-1.075801
-1.088587
-1.072594
-1.074105
-1.069495
-1.072317
-1.073594
-1.069066
-1.068667
-1.069066
-1.065939
-1.066075
-1.064981
-1.059271
-1.060923
-1.060989
-1.062634
-1.057197
-1.060419
-1.050343
-1.055930
-1.052805
-1.056303
-1.053614
-1.047106
-1.046346
-1.051047
-1.038729
-1.043617
-1.038946
-1.035837
-1.033532
-1.032004
-1.031892
-1.026897
-1.021921
-1.017104
-1.016620
-1.020351
-1.019154
-1.020089
-1.020460
-0.991045
-0.987791
-0.988862
-0.980438
-0.975440
-0.966723
-0.951892
-0.951159
-0.941205
-0.933136
-0.922025
-0.912328
-0.903667
-0.891546
-0.877177
-0.869034
-0.858554
-0.847675
-0.833526
-0.828767
-0.821296
-0.811308
-0.800768
-0.792826
-0.783159
-0.719880
-0.719046
-0.715834
-0.711538
-0.705123
-0.698604
-0.717069
-0.675452
-0.661084
-0.649103
-0.616934
-0.609369
-0.590853
-0.575409
-0.555297
-0.535401
-0.515058
-0.486979
-0.465850
-0.454533
-0.434120
-0.414619
-0.403054
-0.390606
-0.385140
-0.378439
-0.372708
-0.375231
-0.364249
-0.363032
-0.360763
-0.363679
-0.360642
-0.353113
-0.360336
-0.353714
-0.354081
-0.355532
-0.350453
-0.349870
-0.369176
-0.351937
-0.351275
-0.371230
-0.350917
-0.351275
-0.371937
-0.350960
-0.350550
-0.353800
-0.352708
-0.346944
-0.346891
-0.352399
-0.353315
-0.348905
-0.354166
-17244.761561
-20183.257257
-48564.023948
-51399.087265
-16387.829229
-29788.779654
-29990.499488
-39608.358818
-31712.863607
-18908.060680
-38639.841383
-15737.301953
-12735.352561
-11204.460436
-10187.013868
-9680.234559
-9517.652901
-6837.869085
-5172.535645
-3871.319162
-3047.568404
-2923.292585
-2890.413163
-2371.608696
-2362.677267
-2208.675124
-1870.064083
-1857.702888
-1859.973301
-1888.804610
-1634.851673
-1254.175261
-1024.759855
-851.132801
-848.564604
-817.058964
-757.747493
-756.038558
-738.547274
-683.033434
-676.172138
-671.958858
-615.844845
-544.243966
-531.265574
-523.193172
-522.426517
-522.521628
-521.895840
-523.549400
-513.005270
-496.623687
-496.073095
-404.054608
-343.947225
-287.470513
-272.650951
-275.839953
-248.811914
-231.742582
-232.092769
-231.548576
-229.460317
-227.508372
-226.123284
-217.480226
-207.172766
-191.409353
-161.821869
-105.775703
-84.610431
-77.495959
-76.356267
-75.875354
-75.589177
-75.207663
-74.683115
-73.722618
-72.315078
-72.267752
-69.276664
-57.825783
-53.794697
-53.459831
-53.429470
-53.385624
-53.410921
-53.405716
-53.434865
-53.407227
-53.414452
-53.401384
-53.411041
-53.799237
-53.571351
-53.429095
-35.204054
-20.839888
-15.678972
-13.309881
-13.279195
-13.100448
-12.875155
-12.671368
-12.610237
-12.599930
-12.546628
-12.596027
-12.548219
-12.220786
-11.800585
-9.894842
-6.756821
-5.153545
-4.673041
-3.773074
-3.454106
-3.816975
-3.243471
-2.836790
-2.488422
-1.820376
-1.740797
-1.744966
-1.714703
-2.650810
-1.260751
-1.099116
-0.882717
-0.844891
-0.841299
-0.760681
-0.751413
-0.763214
-0.761391
-0.766899
-0.773891
-0.837308
-0.795048
-0.763317
-0.760681
-0.709198
-0.804952
-0.750704
-0.744082
-0.749186
-0.709198
-0.669687
-0.709331
-0.639355
-0.709198
-0.649111
-0.662567
-0.619400
-0.649732
-0.628895
-0.630620
-0.711193
-0.580777
-0.747112
-0.650131
-0.597849
-0.564635
-0.623790
-0.518034
-0.502864
-0.412268
-0.385756
-0.381361
-0.352005
-0.342426
-0.309301
-0.288947
-0.256620
-0.219105
-0.209127
-0.182393
-0.178796
-0.334045
-0.166823
-0.129155
-0.134476
-0.158043
-0.136092
-0.135876
-0.140251
-0.134895
-0.134989
-0.113832
-0.150327
-0.132900
-0.139896
-0.158442
-0.158043
-0.119907
-0.102967
-0.115354
-0.116005
-0.116847
-0.132900
-0.129308
-0.154451
-0.089787
-0.110861
-0.114940
-0.095518
-0.100573
-0.100972
-0.126115
-0.075430
-0.103987
-0.133343
-0.114940
-0.082126
-0.131658
-0.089566
-0.097203
-0.097646
-0.110861
-0.091556
-0.089398
-0.118177
-0.032327
-0.066787
-0.055474
-0.165227
-0.066295
-0.070197
-0.129308
-0.050986
-0.069044
-0.069842
-0.059111
-0.065536
-0.000000
-0.038713
-0.000000
-4.256382
-0.323270
-0.000000
-0.290943
-0.474129
-0.352005
-0.025143
-0.000000
-10.968374
-3.426657
-0.821952
-7.984758
-1.091933
-0.068246
-0.005233
-2.747791
-0.000000
-0.004789
-0.004789
-0.006203
-0.000000
-0.005277
-0.006018
-0.006203
-0.005824
-0.010776
-0.032327
-0.006203
-0.006169
-0.010776
-0.010776
-0.004789
-0.006203
-0.006203
-0.006203
-0.006169
-0.006435
-0.006203
-0.004789
-0.004834
-0.006233
-0.006400
-0.010776
-0.005824
-0.006203
-0.006203
-0.006077
-0.004789
-1.293078
-0.000000
-0.010776
-0.808839
-0.008603
-0.000000
-0.007567
-0.007588
-0.008543
-0.007376
-0.006829
-0.009844
-0.008780
-0.008846
-0.007741
-0.008780
-0.007972
-0.008780
-0.007356
-0.008416
-0.010776
-0.007824
-0.010776
-0.008017
-0.010776
-0.008145
-0.014767
-0.007340
-0.010776
-0.008430
-0.000000
-0.010776
-0.007212
-0.008215
-0.004789
-0.008780
-0.007600
-0.007721
-0.011175
-0.007569
-0.009002
-0.004789
-0.008292
-0.008603
-0.008428
-0.008603
-0.008455
-0.007997
-0.010776
-0.008470
-0.014767
-0.007627
-0.008470
-0.010776
-0.000000
-0.000000
-0.007184
-0.006686
-0.007620
-0.000000
-0.007166
-0.006647
-0.010776
-0.006997
-0.006341
-0.000000
-0.010776
-0.000000
-0.007287
-0.006287
-0.007287
-0.009357
-0.007805
-0.000000
-0.006647
-0.010776
-0.007233
-0.007046
-0.000000
-0.011175
-0.015166
-0.008558
-0.006700
-0.006799
-0.006406
-0.013170
-0.006287
-0.000000
-0.006203
-0.006554
-0.010244
-0.006325
-0.006420
-0.006341
-0.006962
-0.010776
-0.006525
-0.009179
-0.000000
-0.006203
-0.006300
-0.006228
-0.007184
-0.006701
-0.006200
-0.000000
-0.010776
-0.006420
-0.006376
-0.006174
-0.006330
-0.006366
-0.010776
-0.006286
-0.006204
-26156.024140
-21877.254847
-57445.841145
-33564.476327
-30387.402967
-21811.791635
-23561.672333
-10411.872311
-11043.154502
-50722.751127
-13725.401300
-10031.474326
-10031.474326
-9772.761705
-8780.878318
-8754.751566
-7266.961239
-6396.951206
-6668.901254
-4830.383383
-3738.609206
-3009.777084
-2621.969168
-2568.195477
-2206.841429
-2231.015097
-1951.052731
-1726.076768
-1698.465404
-1706.269057
-1667.953535
-1674.409861
-1506.888705
-1046.534675
-943.662670
-910.115126
-915.027866
-913.608326
-880.997844
-871.946417
-837.837597
-743.124863
-679.222445
-654.380107
-645.849853
-636.073935
-481.670429
-395.267372
-351.857698
-356.391451
-320.416794
-307.507563
-304.028814
-289.288178
-236.368485
-171.726889
-156.381178
-156.695668
-156.290849
-155.854758
-156.027639
-155.284910
-151.914338
-122.465413
-98.998763
-79.219817
-65.041833
-61.750347
-61.329844
-60.294074
-58.017849
-57.848319
-57.979771
-57.802820
-58.378888
-57.319899
-56.438099
-55.093085
-54.068544
-53.833066
-53.825338
-53.824759
-53.809991
-42.962523
-30.020965
-20.773638
-18.495358
-17.391902
-19.248561
-14.681384
-13.390513
-13.605864
-13.241512
-13.120600
-12.924805
-12.580792
-11.461859
-9.053964
-8.585632
-8.282814
-8.268009
-8.125295
-7.883234
-6.985416
-7.411821
-6.357634
-5.554605
-4.944339
-4.691444
-4.643508
-4.718671
-4.687675
-4.680890
-4.718671
-4.670957
-4.692597
-4.564737
-4.534864
-4.558145
-4.407242
-4.437440
-4.338552
-4.309674
-4.129380
-3.975905
-3.478673
-2.816180
-2.120010
-1.546993
-1.238530
-1.185468
-1.186761
-1.190071
-1.187593
-1.189188
-1.190768
-1.188418
-1.188741
-1.181045
-1.185686
-1.189288
-1.187220
-1.193915
-1.185139
-1.189273
-1.181045
-1.179847
-1.181045
-1.181045
-1.183777
-1.188726
-1.180859
-1.206430
-1.188726
-1.179518
-1.175916
-1.175916
-1.175916
-1.129049
-1.175916
-1.175916
-1.166929
-1.172894
-1.175916
-1.175970
-1.170194
-1.171393
-1.174994
-1.165722
-1.171393
-1.171217
-1.175157
-1.170013
-1.166411
-1.166411
-1.170013
-1.068386
-1.162401
-1.154369
-1.158799
-1.045238
-1.045238
-1.018873
-1.003968
-1.034463
-0.968513
-0.959008
-0.953884
-0.973711
-0.951938
-0.887195
-0.929027
-0.935974
-0.933535
-0.922942
-0.976239
-0.939211
-0.962625
-0.863649
-0.950371
-0.909146
-0.887195
-0.897715
-0.947568
-0.897715
-0.898646
-0.863649
-0.891098
-0.894778
-0.909146
-0.868615
-0.887373
-0.884776
-0.948469
-0.878459
-0.878459
-0.942571
-0.878459
-0.878459
-0.872310
-0.869950
-0.869950
-0.863949
-0.867644
-0.835978
-0.858500
-0.859549
-0.858794
-0.840013
-0.838880
-0.831223
-0.861431
-0.850158
-0.864757
-0.849995
-0.841580
-0.811766
-0.827710
-0.828996
-0.821778
-0.830302
-0.822044
-0.820876
-0.798113
-0.802118
-0.808157
-0.815136
-0.806701
-0.805272
-0.828794
-0.844492
-0.803330
-0.801325
-0.801325
-0.777355
-0.749107
-0.781780
-0.764805
-0.753798
-0.706803
-0.676471
-0.689642
-0.662725
-0.657315
-0.601234
-0.534880
-0.395506
-0.315293
-0.214000
-0.136669
-0.101164
-0.086186
-0.078578
-0.075558
-0.074932
-0.076804
-0.074094
-0.075489
-0.074035
-0.074178
-0.075385
-0.074030
-0.074178
-0.074030
-0.075149
-0.073942
-0.073978
-0.073942
-0.075075
-0.073823
-0.075001
-0.075001
-0.073823
-0.073823
-0.075001
-0.073423
-0.073794
-0.073794
-0.073794
-0.073779
-0.074986
-0.074986
-0.073779
-0.074986
-0.074986
-0.074986
-0.074986
-0.074986
-0.067891
-0.073779
-0.073379
-0.074986
-0.073779
-0.073781
-0.061151
-0.078223
-0.075030
-0.073823
-0.073385
-0.073823
-0.074986
-0.075016
-0.075030
-0.073823
-0.073823
-0.073794
-0.074986
-0.074986
-0.074986
-0.075016
-0.074986
-0.073809
-0.074543
-0.074986
-0.073912
-0.073868
-0.073868
-0.067891
-0.073868
-0.078800
-0.073912
-0.061151
-0.064432
-0.073912
-0.078223
-0.075045
-0.073868
-0.061550
-0.066004
-0.073541
-0.064876
-0.064728
-0.061550
-0.073912
-0.073942
-0.064876
-0.073541
-0.075385
-0.065103
-0.062465
-0.061402
-0.061550
-0.062587
-0.062623
-0.065112
-0.064881
-0.062562
-0.062254
-0.062491
-0.062254
-0.062491
-0.064881
-0.061639
-0.062639
-0.061639
-0.061703
-0.062737
-0.062491
-0.061555
-0.062737
-0.062801
-0.062653
-0.062801
-0.062653
-0.061949
-0.061703
-0.062653
-0.061555
-0.062653
-0.061801
-0.061747
-0.063092
-0.062846
-0.061993
-0.062846
-0.061687
-0.061801
-0.061905
-0.062700
-0.062171
-57018.890518
-30562.093155
-18061.646539
-35303.633392
-10384.043605
-31568.421597
-49671.287741
-17995.436257
-40561.316740
-52712.510280
-29561.832174
-17562.281798
-10314.470626
-9492.703101
-8538.940029
-8092.271275
-7914.569941
-7981.351198
-6963.340062
-5392.555512
-4707.340695
-4165.826201
-3997.978847
-4073.260820
-3363.338840
-2826.638342
-2776.283469
-2750.656168
-2045.459950
-1821.040379
-1818.139899
-1676.289675
-1130.736132
-1589.964093
-821.522184
-680.455925
-682.924476
-652.765771
-601.998674
-614.829369
-545.881616
-1549.310852
-294.624452
-223.915764
-200.208163
-197.189512
-194.764626
-194.685491
-215.093831
-195.363547
-194.374911
-144.286684
-76.772270
-46.364397
-42.014627
-35.542903
-33.102151
-31.440380
-23.668018
-16.891064
-16.988014
-16.386276
-15.851946
-14.405672
-11.472300
-10.029977
-8.012390
-6.885292
-9.331226
-9.129662
-8.689122
-5.649989
-5.190405
-5.167636
-5.118072
-5.086492
-5.018616
-4.897866
-4.667675
-4.391903
-3.491791
-2.246410
-1.572876
-1.327179
-1.207952
-1.142569
-1.108481
-1.130705
-1.111267
-1.170156
-1.172906
-1.104748
-1.087266
-1.095259
-1.072440
-1.057344
-1.051973
-1.044883
-1.012874
-1.000618
-0.965463
-0.938876
-0.902361
-0.815402
-0.809371
-0.647608
-0.538129
-0.433058
-0.343624
-0.261732
-0.242563
-0.219472
-0.215203
-0.204056
-0.222697
-0.193164
-0.196135
-0.193518
-0.195515
-0.194794
-0.196740
-0.178397
-0.165227
-0.174273
-0.172410
-0.178397
-0.176002
-0.179683
-0.178668
-0.181777
-0.290943
-0.129308
-0.129308
-0.214055
-0.169622
-0.160014
-0.165227
-0.176002
-0.148864
-0.156047
-0.176002
-0.158043
-0.158043
-0.290943
-0.167258
-0.163325
-0.170016
-0.172410
-0.164064
-0.176002
-0.165227
-0.162034
-0.164428
-0.136492
-0.140083
-0.153101
-0.000000
-0.043103
-0.043103
-0.000000
-0.029844
-0.000000
-0.132811
-0.050286
-0.032327
-0.003592
-0.049488
-0.041447
-0.042211
-0.040680
-0.046694
-0.036121
-0.063457
-0.038121
-0.032327
-0.037855
-0.031662
-0.050286
-0.032327
-0.000000
-0.053878
-0.033539
-0.045896
-0.003592
-0.032312
-0.033519
-0.000000
-0.000000
-0.025941
-0.030760
-0.031041
-0.050286
-0.031637
-0.031987
-0.021950
-0.039511
-0.000000
-0.518828
-0.000000
-0.000000
-0.000000
-0.053878
-0.001596
-0.000000
-2.011455
-1.568899
-0.000000
-0.208728
-0.000000
-0.614212
-0.072237
-0.000000
-0.000000
-0.023921
-0.000000
-0.021596
-0.018935
-0.027139
-0.000000
-0.032327
-0.018580
-0.032327
-0.000000
-0.000000
-0.024345
-0.000000
-0.017649
-0.014368
-0.000000
-0.032327
-0.000000
-0.000000
-0.000000
-0.015626
-0.000000
-0.035919
-0.014296
-0.000000
-0.000000
-0.018359
-0.013695
-0.014767
-0.015343
-0.000000
-0.014368
-0.011175
-0.013530
-0.000000
-0.000000
-0.014368
-0.000000
-0.012431
-0.011663
-0.010776
-0.016762
-0.012295
-0.000000
-0.011323
-0.012431
-0.000000
-0.003592
-0.014368
-0.010776
-0.000000
-0.011574
-0.003592
-0.000000
-0.003592
-0.011193
-0.010731
-0.003592
-0.011751
-0.010731
-0.011052
-0.011175
-0.010731
-0.012949
-0.003592
-0.011052
-0.003592
-0.011012
-0.000000
-0.000000
-0.003592
-0.011052
-0.010877
-0.010411
-0.012949
-0.011574
-0.009800
-0.010490
-0.010411
-0.010485
-0.000000
-0.013968
-0.010101
-0.000000
-0.010229
-0.013968
-0.000000
-0.010189
-0.003592
-0.000000
-0.000000
-0.009800
-0.000000
-0.008916
-0.008756
-0.011175
-0.008756
-0.000000
-0.007184
-0.000000
-0.000000
-0.000000
-0.004789
-0.008958
-0.007627
-0.007627
-0.008726
-0.000000
-0.000000
-0.008455
-0.000000
-0.005986
-0.000000
-0.003592
-0.008958
-0.000000
-0.008091
-0.008292
-0.011175
-0.000000
-0.011175
-0.000000
-0.004789
-0.009179
-0.000000
-0.007721
-0.009844
-0.008294
-0.008361
-0.007918
-0.007721
-0.006893
-0.000000
-0.005986
-0.004789
-0.007721
-0.011175
-0.000000
-0.007808
-0.003592
-0.007470
-0.003592
-0.007229
-0.006450
-0.006893
-0.000000
-0.004789
-0.000000
-0.011175
-0.011175
-0.010421
-0.000000
-0.000000
-0.000000
-0.011175
-0.000000
-0.004789
-0.000000
-0.000000
-0.011175
-0.011175
-0.008425
-0.006780
-0.003592
-0.000000
-0.007233
-0.004789
-0.007070
-0.006208
-0.000000
-0.000000
-0.000000
-0.000000
-0.004789
-0.000000
-0.000000
-0.000000
-0.006450
-0.000000
-0.008026
-0.007184
-0.009977
-0.003592
-0.006706
-0.007061
-0.000000
-0.008514
-39105.880313
-15206.571695
-18488.629853
-32442.663109
-39140.568668
-11152.799254
-43101.554064
-28889.045126
-8005.557001
-23887.878312
-46748.927219
-7857.241708
-7956.538688
-7343.864873
-7215.603068
-7272.411053
-5924.757224
-4573.940176
-3841.449901
-3532.376848
-3570.746121
-2864.915754
-1884.486170
-1688.177351
-1603.757433
-1571.421394
-1176.523811
-1102.268722
-1106.265784
-1059.872674
-879.095928
-642.352910
-549.651307
-322.674678
-276.255192
-257.265660
-252.525453
-222.743507
-176.688941
-174.856287
-176.392135
-166.843502
-156.635931
-155.596466
-151.955577
-118.629148
-92.807204
-90.244586
-92.134429
-86.423751
-76.744191
-72.596407
-71.385080
-70.205277
-72.051031
-67.631240
-55.065575
-38.621256
-30.600949
-27.068298
-26.062310
-25.600839
-24.683234
-22.745228
-20.514313
-17.975773
-14.455697
-12.824100
-12.878810
-12.649556
-12.477938
-11.984959
-10.807717
-9.932135
-9.520133
-9.054450
-8.726765
-8.352904
-8.369489
-7.966252
-7.605235
-7.000670
-6.439292
-6.763517
-6.469554
-6.562052
-6.145713
-6.416923
-5.430928
-4.902123
-4.236827
-3.659499
-3.231897
-2.963748
-3.071670
-2.838431
-2.720830
-2.556707
-2.368894
-1.910483
-1.521811
-1.102309
-0.845379
-0.692903
-0.616262
-0.582595
-0.561797
-0.549000
-0.438210
-0.525662
-0.525662
-0.555850
-0.478607
-0.505303
-0.480283
-0.531210
-0.531845
-0.579091
-0.513472
-0.502864
-0.511289
-0.516610
-0.479716
-0.570666
-0.502864
-0.477100
-0.489979
-0.522508
-0.507076
-0.530801
-0.505086
-0.515252
-0.486860
-0.499635
-0.486760
-0.602239
-0.503035
-0.505869
-0.502864
-0.498720
-0.500341
-0.464984
-0.490364
-0.502066
-0.455371
-0.502066
-0.468132
-0.491290
-0.470675
-0.459761
-0.524801
-0.473587
-0.491290
-0.467689
-0.470936
-0.458159
-0.481160
-0.495414
-0.478519
-0.528170
-0.466324
-0.510925
-0.432712
-0.478928
-0.524006
-0.467122
-0.471882
-0.455414
-0.469289
-0.530002
-0.521533
-0.506057
-0.463614
-0.460057
-0.465048
-0.523415
-0.449523
-0.463614
-0.459096
-0.535191
-0.458904
-0.429430
-0.458165
-0.450453
-0.445699
-0.496079
-0.549957
-0.446611
-0.458165
-0.445305
-0.376967
-0.437417
-0.427577
-0.430716
-0.519271
-0.409694
-0.511644
-0.421507
-0.419896
-0.421226
-0.419896
-0.391515
-0.395019
-0.438210
-0.340431
-0.535191
-0.403222
-0.398300
-0.398300
-0.395777
-0.386904
-0.419452
-0.445394
-0.391826
-0.389554
-0.384929
-0.355597
-0.358967
-0.316396
-0.324511
-0.299102
-0.387923
-0.304330
-0.303024
-0.294934
-0.291292
-0.283360
-0.273875
-0.270868
-0.227486
-0.274905
-0.267839
-0.275348
-0.291342
-0.294534
-0.267839
-0.283138
-0.279147
-0.271796
-0.272338
-0.273668
-0.279768
-0.279280
-0.272312
-0.271909
-0.348413
-0.294534
-0.294534
-0.271219
-0.273133
-0.274092
-0.334045
-0.279280
-0.273165
-0.275885
-0.310099
-0.270416
-0.314090
-0.334045
-0.285355
-0.294534
-0.271701
-0.326861
-0.271559
-0.271249
-0.000000
-0.091393
-0.083347
-0.100573
-0.030331
-0.018131
-0.078647
-0.036318
-0.017560
-0.030987
-0.034598
-0.018910
-0.017161
-0.030021
-0.028114
-0.028345
-0.021152
-0.016815
-0.028602
-0.026316
-0.028336
-0.016476
-0.014323
-0.016476
-0.010776
-0.015166
-0.000000
-0.017422
-0.017560
-0.016058
-0.014368
-0.017422
-0.016589
-0.015166
-0.010776
-0.017422
-0.017554
-0.017112
-0.020753
-0.000000
-0.290943
-0.015125
-0.017161
-0.016299
-0.015826
-0.016299
-0.014368
-0.014796
-0.015826
-0.016299
-0.014180
-0.016299
-0.017137
-0.010776
-0.015166
-0.015826
-0.015309
-0.010776
-0.014688
-0.012372
-0.015185
-0.017560
-0.000000
-0.017206
-0.014688
-0.015171
-0.012372
-0.014688
-0.015826
-0.011175
-0.014368
-0.021152
-0.015121
-0.015437
-0.015166
-0.015826
-0.015437
-0.015762
-0.008381
-0.014688
-0.000000
-0.015043
-0.000000
-0.014505
-0.013683
-0.012549
-0.014821
-0.015166
-0.014299
-0.014757
-0.014368
-0.013648
-0.013893
-0.014207
-0.014047
-0.017560
-0.011539
-0.000000
-0.017560
-0.012549
-0.012549
-0.012549
-0.018359
-0.014757
-0.014368
-0.014166
-0.014767
-0.014601
-0.010776
-0.014377
-0.014757
-0.014368
-0.008381
-0.014368
-0.014368
-0.000000
-0.000000
-0.000000
-55.057037
-0.012436
-0.013151
-0.000000
-0.003592
-0.012825
-55.000663
-0.003592
-0.013791
-0.011874
-0.012170
-53.645651
-0.011327
-0.010110
-0.011390
-53.250060
-0.011121
-32843.114293
-14832.303521
-4187.907494
-20393.134273
-15155.760054
-12870.916315
-23128.536214
-51268.846376
-27407.289784
-58986.139301
-11855.611122
-4055.422111
-3570.796072
-3643.608472
-2698.400905
-2114.108229
-1951.753588
-2014.489717
-1499.623487
-852.156981
-695.695704
-678.763987
-649.110331
-600.732704
-603.683999
-467.218930
-276.307283
-216.173882
-209.925408
-198.249661
-183.506679
-159.315255
-160.554558
-155.870879
-152.822622
-144.297826
-126.135335
-120.372636
-110.568404
-99.295408
-93.376820
-93.494852
-89.761764
-67.417000
-47.034497
-41.591497
-42.615125
-39.711449
-39.469103
-38.927763
-38.452629
-37.305547
-37.032224
-36.958361
-36.958785
-36.827102
-36.740735
-36.572187
-36.309477
-36.006079
-35.793147
-35.671201
-35.577439
-35.542149
-35.474977
-35.467858
-35.321044
-35.191130
-34.983998
-32.076888
-20.622025
-14.592494
-10.822041
-8.827993
-8.786975
-8.723646
-8.718093
-8.698689
-8.681487
-8.662717
-8.644270
-8.537908
-8.647859
-8.635943
-8.622284
-8.611554
-8.598171
-8.570181
-8.178720
-8.170738
-8.259337
-8.276100
-8.250557
-8.117658
-7.964404
-8.440927
-7.445177
-5.808076
-3.486212
-2.381049
-1.896268
-1.725868
-1.670955
-1.689294
-1.684480
-1.661002
-1.680542
-1.676444
-1.676444
-1.673847
-1.679896
-1.655947
-1.643087
-1.648763
-1.602803
-1.619787
-1.604044
-1.595930
-1.720512
-1.548225
-1.556922
-1.510270
-1.483740
-1.490356
-1.450545
-1.412733
-1.382708
-1.335782
-1.218048
-1.353342
-1.364118
-1.297434
-1.323232
-1.364118
-1.293123
-1.319631
-1.276163
-1.235608
-1.415202
-1.232095
-1.114681
-1.257159
-1.048830
-1.071756
-1.261362
-1.002535
-1.002136
-0.994730
-1.000938
-1.016395
-1.017779
-1.015616
-1.027279
-1.027279
-2.004271
-0.635187
-0.494128
-0.410199
-0.389362
-0.424241
-0.327261
-0.327704
-0.365485
-0.316593
-0.367082
-0.316396
-0.305542
-0.295152
-0.129308
-0.190143
-0.186625
-0.193297
-0.186546
-0.186891
-0.183255
-0.129308
-0.226289
-0.180846
-0.166197
-0.167950
-0.169893
-0.168252
-0.168252
-0.172410
-0.167212
-0.165601
-0.167212
-0.165847
-0.167212
-0.165847
-0.164069
-0.164069
-0.165847
-0.160837
-0.166242
-0.164122
-0.166488
-0.161595
-0.226289
-0.162546
-0.161842
-0.290943
-0.165847
-0.167675
-0.000000
-0.032327
-0.134708
-0.120873
-0.118833
-0.114891
-0.112570
-0.165227
-0.106658
-0.107988
-0.106592
-0.107742
-0.107988
-0.105495
-0.104386
-0.105495
-0.104510
-0.000000
-0.079598
-0.078282
-0.080022
-0.080401
-0.082244
-0.078622
-0.154451
-0.080623
-0.080711
-0.081282
-0.081702
-0.081702
-0.080711
-0.082480
-0.078622
-0.080864
-0.082214
-0.081864
-0.085185
-0.129308
-0.082214
-0.129308
-0.100573
-0.100573
-0.000000
-0.000000
-0.044876
-0.000000
-1.058960
-0.000000
-0.048281
-0.000000
-0.104593
-0.031090
-0.034091
-0.035658
-0.036963
-0.000000
-0.000000
-0.035140
-0.030788
-0.033736
-0.031259
-0.034189
-0.030484
-0.000000
-0.025321
-0.029844
-0.027469
-0.028006
-0.025858
-0.030632
-0.029183
-0.000000
-0.028380
-0.024596
-0.000000
-0.022074
-0.000000
-0.021167
-0.031041
-0.000000
-0.021862
-0.055120
-0.023502
-0.023093
-0.023192
-0.023093
-0.025311
-0.053346
-0.020398
-0.028164
-0.000000
-0.000000
-0.096981
-0.000000
-0.000000
-0.061860
-0.000000
-0.096981
-0.039112
-0.022261
-0.000000
-0.022872
-0.021640
-0.020398
-0.028070
-0.027139
-85264.315220
-0.027686
-0.026917
-0.040368
-0.000000
-0.026577
-0.029267
-0.000000
-0.031928
-0.025030
-0.037381
-0.028336
-0.023872
-0.000000
-0.020531
-0.036392
-0.041796
-0.023902
-0.025409
-0.023872
-0.000000
-0.022369
-0.000000
-0.024271
-0.022172
-0.034510
-0.025454
-0.019955
-0.023902
-0.027139
-0.022468
-0.022354
-0.000000
-0.018935
-0.021891
-0.018728
-0.023502
-0.000000
-0.003592
-0.000000
-0.022207
-0.017028
-0.015565
-0.000000
-0.022561
-0.015077
-0.000000
-0.023729
-85897.406316
-0.024562
-0.032826
-0.050286
-0.000000
-0.019068
-0.033155
-0.018639
-0.024966
-0.000000
-0.030854
-0.021596
-0.017782
-0.030336
-0.017472
-0.030590
-0.021463
-0.022295
-0.025853
-0.014678
-0.025099
-0.000000
-0.021832
-0.017605
-0.018181
-0.030253
-0.021108
-0.000000
-0.029425
-0.000000
-0.020034
-0.021344
-0.029080
-0.029425
-0.017472
-0.019467
-0.029192
-0.018758
-0.029119
-0.017782
-0.015787
-0.019014
-43945.905846
-35224.873605
-43210.183322
-27129.006402
-24496.676563
-18013.069126
-8483.192533
-35226.989566
-41815.169064
-30349.141108
-9068.873702
-9164.569561
-8967.066898
-8208.334658
-7441.427529
-8966.515884
-8238.423312
-8011.802180
-7370.228807
-7889.490299
-7485.557815
-5509.288944
-4346.006087
-3316.048737
-2701.974597
-2397.528602
-2353.041732
-2078.443599
-1898.641526
-1882.903880
-1768.750123
-1673.700457
-1640.570000
-1474.716290
-1481.318050
-1478.219850
-1464.529584
-1448.825868
-1469.485547
-993.481686
-651.951064
-479.150124
-392.212566
-374.928022
-348.130173
-340.629123
-320.959301
-339.172725
-236.762218
-280.468660
-193.376252
-200.653408
-188.336750
-158.998331
-190.549838
-182.111867
-182.865601
-848.388602
-103.805444
-212.663604
-79.795296
-79.071731
-123.068717
-73.057854
-76.453248
-72.410472
-261.848334
-213.867949
-71.654622
-70.962175
-71.044669
-76.032998
-70.852215
-71.575470
-70.828713
-71.613783
-70.744001
-64.880198
-637.619361
-557.991585
-60.516059
-54.361477
-54.334427
-53.929484
-212.848008
-54.130887
-73.317533
-55.045620
-55.390441
-54.292123
-54.146938
-55.390441
-136.161134
-54.005179
-54.308486
-94.265400
-54.139180
-180.125792
-65.462083
-73.317533
-57.024748
-53.366614
-55.074355
-54.460143
-54.506838
-25.106071
-53.280453
-94.265400
-19.404199
-13.681752
-212.097150
-53.238504
-53.238504
-21.529752
-13.997571
-94.265400
-53.093029
-53.080662
-12.930782
-65.462083
-485.060567
-53.063409
-53.062921
-94.265400
-484.061969
-53.493926
-94.265400
-212.097150
-23.566350
-10.523422
-11.889136
-9.643410
-9.148528
-7.689824
-6.733984
-7.370546
-10.473933
-53.035483
-7.370546
-65.462083
-65.462083
-6.433064
-484.459875
-7.273565
-6.018091
-2.618483
-94.265400
-1.192505
-0.000000
-0.880012
-0.290943
-0.146957
-482.590050
-479.760922
-0.229457
-0.000000
-0.090556
-0.119375
-0.000000
-0.061151
-0.000000
-0.000000
-0.070640
-0.051971
-0.000000
-0.048123
-0.000000
-0.049804
-0.061062
-0.049355
-0.045098
-1017.776390
-0.000000
-0.060840
-0.050907
-0.056878
-0.043280
-0.057470
-0.042704
-0.014368
-0.032327
-481.189072
-85897.406316
-0.056800
-0.061062
-0.053878
-0.061639
-477.474712
-0.047350
-0.032327
-0.032327
-0.000000
-0.000000
-0.053878
-0.037515
-0.042472
-0.041817
-0.042171
-0.061062
-0.000000
-1.163770
-3.200369
-1.648675
-0.826754
-0.000000
-0.272530
-0.104165
-0.068246
-0.000000
-0.038491
-0.038934
-0.043280
-0.032327
-85896.436519
-0.014368
-0.000000
-0.024624
-0.000000
-0.000000
-0.014368
-0.014368
-0.000000
-0.000000
-0.021200
-0.000000
-0.000000
-0.020753
-0.003592
-0.000000
-0.114452
-0.051696
-0.000000
-0.036717
-0.000000
-0.031529
-0.043502
-0.023148
-0.000000
-0.025542
-0.000000
-0.028824
-0.000000
-0.000000
-0.041462
-0.043103
-0.032327
-0.034500
-0.000000
-0.031351
-0.028247
-0.029622
-0.008381
-0.014767
-0.035121
-0.017161
-0.014767
-0.000000
-0.017560
-0.023039
-0.029134
-0.032327
-0.017560
-0.025143
-477.455267
-0.019423
-0.000000
-0.000000
-0.016131
-0.000000
-0.061062
-0.015772
-477.459347
-0.012017
-0.003592
-0.012106
-477.415872
-477.529312
-0.043103
-0.015459
-0.014555
-0.003592
-0.016097
-0.014900
-0.014432
-0.003592
-0.013075
-477.550051
-477.401789
-0.000000
-0.000000
-0.032327
-0.014368
-0.000000
-0.021300
-0.028336
-0.000000
-0.000000
-0.000000
-0.018910
-85820.809379
-0.000000
-0.000000
-0.011175
-0.046295
-477.560338
-0.033125
-0.000000
-0.012106
-0.025143
-0.000000
-0.024833
-0.014368
-0.009179
-0.011175
-0.012106
-477.434207
-0.000000
-0.007184
-0.032327
-477.411193
-0.000000
-0.057470
-0.011160
-0.025143
-0.003592
-0.010022
-0.000000
-477.536511
-0.027538
-0.000000
-0.029134
-0.015190
-0.000000
-0.000000
-0.000000
-0.020265
-0.008780
-477.411588
-0.000000
-0.000000
-0.003592
-0.005986
-477.431987
-0.009091
-0.018359
-477.575992
-0.001596
-0.000000
-0.009844
-0.000000
-0.000000
-0.000000
-0.009844
-0.008780
-0.009844
-0.000000
-0.000000
-478.877141
-0.009864
-0.011175
-0.009756
-0.000000
-0.009583
-0.007627
-0.028247
-0.008744
-0.007693
-848.388602
-0.000000
-0.000000
-0.003592
-0.008780
-0.008425
-0.000000
-0.000000
-0.007075
-0.000000
-0.007219
-0.003592
-477.377170
-0.008209
-0.003592
-0.000000
-477.376586
-0.008494
-0.001596
-478.769384
-0.007030
-0.007661
-0.009046
-0.009091
-0.006964
-0.008425
-0.008780
-0.003592
-0.025143
-513.222734
-477.346083
-0.000000
-0.008425
-6364.462796
-16688.351079
-28168.169053
-62075.997542
-22875.020838
-27955.736453
-36206.104695
-22921.366282
-21425.107447
-21363.530752
-29125.062139
-6402.177437
-6297.643211
-6430.905309
-6027.861905
-5460.242845
-4768.759174
-4506.993531
-4384.850431
-4327.265416
-4203.025267
-3715.624474
-3374.731857
-3372.766884
-3355.844545
-3179.833319
-2424.900413
-2647.985197
-2091.416692
-1798.680159
-1648.735202
-1592.545956
-1570.470604
-1466.191508
-1271.826611
-1040.688264
-1001.574736
-1019.291834
-902.339973
-896.631071
-858.157154
-763.978069
-698.483029
-641.875406
-574.593216
-497.856573
-455.607269
-352.448586
-327.893050
-331.089079
-284.623696
-228.871820
-212.925404
-212.150702
-206.843021
-176.008508
-157.712897
-158.705619
-153.716029
-134.271803
-119.129130
-86.840957
-69.750034
-56.777775
-55.680136
-55.391052
-55.790315
-55.542881
-55.055864
-55.216739
-55.232202
-54.471298
-54.101290
-54.041701
-54.091105
-50.232496
-34.733438
-27.294908
-27.515806
-25.791860
-20.685590
-14.696604
-12.611163
-12.327434
-12.284824
-12.321935
-12.385215
-12.137375
-11.935323
-11.097271
-9.255644
-8.181553
-7.588463
-7.683470
-7.547203
-7.513802
-7.472661
-7.441763
-7.318353
-7.092778
-6.855290
-5.398872
-3.096204
-2.178643
-0.581885
-0.940586
-0.814712
-0.881751
-0.744229
-0.718643
-0.702285
-0.685863
-0.641400
-0.623569
-0.566631
-0.570311
-0.537575
-0.554668
-0.551445
-0.576298
-0.497863
-0.535590
-0.537827
-0.540778
-0.478203
-0.529736
-0.480125
-0.410746
-0.406110
-0.435594
-0.399448
-0.353064
-0.315499
-0.289524
-0.253211
-0.225126
-0.210862
-0.202860
-0.202431
-0.212665
-0.209014
-0.213749
-0.210300
-0.213749
-0.210611
-0.213217
-0.213217
-0.202027
-0.211704
-0.212345
-0.203185
-0.206511
-0.204737
-0.207152
-0.204737
-0.113753
-0.161635
-0.113812
-0.161635
-0.111447
-0.109875
-0.107614
-0.107397
-0.111255
-0.107131
-0.106318
-0.107042
-0.106288
-0.105962
-0.104376
-0.101670
-0.097942
-0.096592
-0.093872
-0.090792
-0.088891
-0.086516
-0.073572
-0.072996
-0.079041
-0.071527
-0.071931
-0.069620
-0.070054
-0.073370
-0.069450
-0.070261
-0.067344
-0.066167
-0.066738
-0.063452
-0.063421
-0.061077
-0.061959
-0.059633
-0.059352
-0.057381
-0.057953
-0.054676
-0.054139
-0.052213
-0.053790
-0.052055
-0.052964
-0.052021
-0.053479
-0.048291
-0.048291
-0.047493
-0.032327
-0.046374
-0.045349
-0.046773
-0.040713
-0.045546
-0.044694
-0.044167
-0.043901
-0.043901
-0.036318
-0.045295
-0.043595
-0.044167
-0.043901
-0.043260
-0.043999
-0.042368
-0.038767
-0.043901
-0.043231
-0.044014
-0.041314
-0.041684
-0.041698
-0.036318
-0.042413
-0.042738
-0.042827
-0.044566
-0.043388
-0.044280
-0.042723
-0.044300
-0.044132
-0.043728
-0.039033
-0.039033
-0.041634
-0.038294
-0.039023
-0.040772
-0.042083
-0.043541
-0.038525
-0.039284
-0.039363
-0.041841
-0.036318
-0.036584
-0.040343
-0.039392
-0.039821
-0.041610
-0.040265
-0.036318
-0.040787
-0.039816
-0.043418
-0.046295
-0.032327
-0.040802
-0.039836
-0.039821
-0.043448
-0.043305
-0.044965
-0.042388
-0.039821
-0.038984
-0.044216
-0.034722
-0.038984
-0.038984
-0.039831
-0.040132
-0.041171
-0.042349
-0.040132
-0.043812
-0.036318
-0.038713
-0.039383
-0.041151
-0.040654
-0.038713
-0.041151
-0.035298
-0.042881
-0.039816
-0.038713
-0.038713
-0.040659
-0.039575
-0.046295
-0.038836
-0.043679
-0.041151
-0.024611
-0.037451
-0.041151
-0.041151
-0.039575
-0.032327
-0.036362
-0.034786
-0.038713
-0.036510
-0.036362
-0.038713
-0.039072
-0.039491
-0.038713
-0.041151
-0.036796
-0.036362
-0.036495
-0.039516
-0.036362
-0.036495
-0.038713
-0.036495
-0.036298
-0.036495
-0.036495
-0.034919
-0.036495
-0.036495
-0.036495
-0.038713
-0.037136
-0.036362
-0.038713
-0.036362
-0.036362
-0.038713
-0.035702
-0.036860
-0.034145
-0.036318
-0.038713
-0.035702
-0.036362
-0.036495
-0.037698
-0.028503
-0.036362
-0.038713
-0.034145
-0.036495
-0.034145
-0.036362
-0.038713
-0.027848
-0.034145
-0.036362
-0.036318
-0.026074
-0.034707
-0.034145
-0.036495
-0.034145
-0.036495
-0.034145
-0.034160
-0.034722
-0.034160
-0.034037
-0.035421
-0.034101
-0.038713
-0.034101
-0.031884
-0.038713
-0.035354
-0.034101
-0.035958
-0.035126
-0.031884
-0.020753
-0.010377
-0.031928
-0.030928
-0.036362
-0.029711
-0.028410
-0.026419
-0.028888
-0.029764
-0.034145
-0.028932
