1.859054
0.360389
0.014191
0.986876
0.932820
1.525129
0.137828
0.349221
0.404275
0.001002
0.818989
1.731528
0.401845
0.661520
0.569149
0.991043
0.213171
0.000123
0.000125
0.637598
0.212447
0.000064
0.000038
0.048717
0.778802
0.589023
0.338123
0.000000
0.000011
0.000000
0.000000
0.559473
0.640047
1.509405
0.000000
0.289122
0.896599
0.000000
1.227972
0.636987
0.000000
0.936165
0.000977
0.000258
0.000007
0.000000
0.214258
1.302788
0.000170
0.007107
0.018258
0.048239
0.802269
0.003711
0.015894
0.000000
0.000000
0.358912
0.382136
1.088341
0.289292
0.060162
0.000000
0.000059
0.810087
0.051311
0.000000
0.030530
0.433724
0.000143
0.000006
0.951033
0.036007
0.000000
0.000000
0.441542
0.049458
0.417391
2.124311
0.637560
1.246572
0.801641
0.000000
0.002922
0.245453
0.146345
0.754501
0.439128
0.257732
1.429657
0.179608
0.325594
0.759598
0.000000
0.450367
0.059034
0.867575
0.000000
0.000000
1.000002
0.127210
0.245529
0.000000
0.415837
0.000014
1.731528
0.951410
0.003167
0.224083
0.522465
1.644638
0.293021
0.000125
1.119132
0.623849
0.001162
0.898297
0.326157
0.641378
0.699649
1.556484
1.159904
0.019825
0.662873
0.150712
0.187540
0.124754
1.131907
0.000367
1.069241
0.957800
0.000120
0.000050
0.000000
0.159028
0.058819
0.031696
0.137862
0.000044
0.000416
0.600927
0.187979
0.960556
1.090214
1.521810
0.048973
0.338153
0.048770
0.700801
0.166925
1.087081
0.936008
0.166925
0.596050
0.352292
0.044557
0.174733
0.000000
0.040299
0.420138
0.864191
0.893322
0.148589
0.318137
0.335700
0.000000
0.059555
0.000000
0.000009
0.689064
0.000383
0.785389
0.000032
0.000000
1.608041
0.002231
0.017653
0.408660
0.000000
0.920430
0.639461
1.343125
0.374272
0.338125
0.840877
0.000587
0.048738
0.020848
0.000131
0.003435
0.005746
0.000025
0.637619
0.093980
0.233522
0.682627
0.417416
0.030744
0.000000
0.081870
0.000000
0.697659
0.245694
0.020845
0.141953
0.000000
0.000000
0.000000
0.000091
0.000000
0.878258
0.464878
0.000000
0.000000
0.418993
0.363621
0.015104
0.424900
0.197327
0.847067
0.794256
0.000000
0.160963
0.636217
1.273853
0.000009
0.833008
0.056466
0.000000
0.280766
1.173420
1.963909
0.263013
0.023475
1.167003
0.010656
0.152967
0.646213
0.002478
0.000000
0.001922
0.011375
0.000000
0.000000
0.000000
0.000000
0.062056
0.637964
0.000125
0.000000
0.777007
2.199997
0.000164
0.000165
1.557928
0.154653
0.423013
0.386645
0.997962
0.789515
0.000000
0.625390
0.049874
0.957589
0.129764
0.000000
0.112474
0.447274
0.534149
1.353624
0.212380
0.658462
0.297488
0.000347
0.009536
0.011767
0.535955
0.002662
0.284357
0.212575
0.278978
0.361339
0.715902
0.062080
0.062428
0.052456
0.812302
0.786013
0.070397
0.274582
0.000011
0.003049
0.002036
2.363549
0.951743
0.000029
1.208135
0.688945
0.000702
0.026878
0.637784
0.000170
0.153434
0.956054
0.361274
0.576657
0.010154
0.551821
0.009672
0.081873
0.338525
0.417948
0.234025
0.000350
1.608893
1.309309
0.000126
0.212514
0.042992
0.064960
0.265622
0.379097
0.148065
0.103633
0.445689
0.398583
0.460333
0.001810
0.000000
0.575089
0.620386
0.185418
0.103407
0.049604
0.131562
0.428408
0.880805
0.000000
0.053755
0.048767
0.355183
0.633166
0.082053
0.540335
0.882876
0.657362
0.622854
0.000004
0.048769
0.791728
0.892397
0.688550
0.776963
0.975316
0.397227
0.021682
0.000001
0.000019
0.000000
0.091678
0.856269
0.051333
0.419949
0.000032
0.000015
0.634162
0.000019
0.000117
0.957767
0.007028
0.043195
0.885202
0.810724
1.440681
0.099090
0.787240
0.000000
0.637617
0.002981
0.048769
0.043855
0.736565
0.637617
0.000078
0.000000
0.392371
1.103148
0.020845
0.086553
0.000019
0.000126
0.048959
0.000000
0.386963
0.000000
0.424533
0.229520
1.275252
0.687071
0.654624
0.044712
0.189676
0.076380
0.624390
0.193733
0.995343
0.744280
0.002802
0.425219
0.156244
0.000000
0.000125
0.003162
0.000000
0.000051
0.016354
0.087788
1.079765
0.012892
0.191303
0.000000
0.345628
0.000000
0.686504
0.792691
1.544786
0.403293
1.134180
0.001128
0.317509
0.638125
0.477080
1.158600
0.112508
0.001851
0.000000
0.480610
0.375603
0.000125
0.000000
0.412688
0.000000
0.000127
0.602565
0.637640
0.343843
0.000000
0.416888
0.062751
0.000000
0.000252
0.637687
0.000450
0.440889
0.000000
0.000000
0.000000
0.000055
0.059515
0.003381
0.325594
0.000000
0.048800
0.040230
0.929689
0.699395
0.510325
1.129121
0.001086
0.021023
1.055034
0.068040
1.016162
0.857758
0.637640
0.118904
0.048925
0.051311
0.049890
0.000000
0.041774
0.001412
0.883053
0.000000
0.988670
0.000347
1.450489
0.939430
0.217603
0.087294
0.639281
0.160029
1.045559
0.050673
0.951325
0.001054
0.003271
0.315367
0.346448
0.264003
0.030456
0.000291
0.000000
0.016791
1.510476
0.417847
1.707130
0.058167
0.026009
0.338537
0.685677
0.000000
0.000349
0.188697
0.002645
0.137906
0.000000
0.008269
0.000008
0.000055
0.073813
0.682532
1.755103
1.624472
0.987763
0.076300
0.049612
0.000030
0.894482
0.111713
0.000000
0.000000
0.930640
0.683861
0.212504
0.406145
0.242371
0.297568
0.524045
0.797532
0.763111
0.783948
0.637618
0.325577
0.000014
0.325823
0.048769
0.000055
0.574301
0.000000
0.000040
0.867227
0.000005
0.000019
0.343579
0.328378
0.000004
0.094225
0.049846
0.048801
0.000000
0.001485
0.298344
0.064943
0.367361
0.766116
0.385692
1.182869
0.325766
0.307636
0.000000
0.521038
0.000000
0.614985
0.000000
0.048763
0.000002
0.014127
0.036420
0.723435
0.000000
0.113223
1.169492
2.291911
0.924799
0.048886
0.911979
0.000051
0.826450
0.687691
1.431306
0.000000
0.661653
0.467916
0.349433
0.000000
1.580750
0.477483
0.000000
0.000014
0.000002
0.048947
0.000004
0.205611
0.638246
0.654364
0.069576
0.053054
0.443540
0.637657
0.017653
0.000000
0.027393
1.033025
1.120849
1.255205
0.943574
1.395861
1.537197
1.402665
0.311894
0.239710
0.623852
0.328384
0.635725
0.856112
0.000020
1.616051
0.255812
0.228681
0.947524
0.275498
0.474206
0.767643
0.834882
0.234967
0.010324
0.075927
0.830439
0.583537
0.066490
0.376163
0.828823
0.062080
0.308448
0.531433
0.000044
0.951404
0.315769
0.000115
1.498101
0.000000
0.265057
0.197687
0.789192
0.622436
1.320465
1.592859
0.384929
0.752070
1.513737
0.385279
1.441365
0.020178
0.000001
0.434001
0.001351
0.190305
0.550535
0.881334
0.000026
0.020897
0.001412
0.322377
0.430772
0.009253
0.212640
0.056572
0.000111
0.687312
0.048769
0.000000
0.117838
0.048493
0.001304
0.000055
0.000001
0.498185
0.697105
0.000000
0.163401
0.000001
0.229643
0.645155
0.000102
0.246949
0.596894
0.000000
0.150191
0.337540
0.284938
0.296615
0.048894
0.635746
0.048771
0.992319
0.002980
0.064119
0.020861
0.478454
0.012434
0.071513
0.406372
0.354113
0.641321
0.438259
0.109781
0.000126
0.000068
0.236395
0.325663
0.549076
0.000000
0.000278
0.650704
0.386891
0.424900
0.001716
0.239340
0.639176
0.294998
0.903378
0.048940
0.000000
0.048935
0.912691
0.000121
0.958036
0.000000
0.064943
0.395943
0.733883
1.504831
1.307729
0.000000
1.057568
0.198622
0.008367
0.010070
0.118966
0.232244
0.046280
0.303827
0.671766
1.571176
1.116574
0.000000
1.160336
0.980841
1.454111
0.000013
1.300249
0.751711
0.747743
0.056250
0.498586
0.420098
0.957589
0.272289
1.317076
0.002545
0.421068
1.508340
0.159053
0.552725
0.000000
0.993325
0.523752
0.003060
0.849343
0.193279
0.096878
0.000000
0.000000
1.113172
0.211803
0.403293
0.000000
1.337392
0.957937
0.755837
0.000000
0.782622
0.656408
0.000021
0.438259
0.000000
0.001827
0.416966
0.880688
0.001475
0.000000
0.861285
0.004602
0.545769
0.048125
0.374421
0.005244
0.072249
0.000020
0.716930
0.032089
0.186389
0.728791
0.179922
0.049314
0.000102
0.005699
0.207189
0.000102
0.049046
0.639280
0.006033
0.000129
0.000000
0.062248
0.000000
0.048947
0.018687
0.051103
0.000000
0.000127
0.053755
0.000324
0.686333
0.355481
0.079395
1.216428
0.000000
0.035156
0.000245
0.020179
0.620766
0.358360
0.771143
0.413798
0.167647
0.695630
0.774704
0.001208
0.500187
0.109625
0.064943
0.017760
0.616362
0.048772
0.000000
0.000000
0.001777
0.000000
0.020843
0.336071
0.000000
0.876389
0.002077
0.000000
0.419798
0.010865
0.000000
0.003038
0.051922
0.000000
0.045020
0.827383
0.031057
0.240790
0.004109
0.000145
0.000000
0.004209
0.003773
0.637673
0.122833
0.939430
0.883138
0.551603
0.609310
0.957304
0.000140
0.000005
0.417376
0.000000
0.113223
0.408607
0.000001
0.000033
0.000000
0.644027
0.171211
0.000199
0.220125
0.020843
1.000000
0.000000
0.023222
0.592893
0.014797
0.000000
0.000126
0.002967
0.353840
0.174826
0.000051
0.476148
0.000000
0.637560
1.327858
0.000014
0.062622
0.000000
0.000566
0.002941
0.686368
0.434758
0.018900
0.028739
0.016828
0.003278
0.472683
0.034914
0.000047
0.308237
0.000348
1.055365
0.006265
0.325523
0.651298
0.224128
0.774549
1.145859
0.781513
0.001428
0.009619
0.023294
0.688389
0.605982
0.000356
0.858172
0.008269
0.000117
0.001164
0.440228
0.000000
0.209327
0.489458
0.637559
0.059817
0.109782
0.016215
0.796305
0.525211
1.062683
0.000000
0.020178
0.686680
0.000349
0.049733
0.214828
0.847819
0.002981
0.343080
0.686306
1.299012
0.000000
0.934635
1.517981
0.435379
0.115475
1.198857
1.592503
2.121201
0.784186
0.659916
0.049844
0.021443
0.096521
0.000000
0.758373
1.244099
0.473112
0.312600
1.438125
0.752680
0.001288
0.644670
0.049604
1.531038
0.179904
0.003333
0.000019
0.756962
1.510874
0.772234
0.018762
0.000200
0.012841
0.274000
0.002971
0.000218
0.000158
0.779233
0.121339
0.294182
0.637640
0.361116
0.686206
0.007518
0.061459
1.852762
0.000000
0.212429
0.325938
0.907083
0.075937
0.000000
0.127872
0.851036
0.000000
0.354820
0.212572
1.050096
0.410506
0.393040
0.177966
0.293003
0.569135
1.898167
0.984812
0.001827
0.013417
0.637617
0.049938
0.872570
0.166768
0.048768
0.017779
0.000000
0.957826
0.147233
2.111469
0.016433
0.637407
0.774709
0.000070
0.034149
0.850476
0.222098
0.032206
0.000000
0.754568
0.129394
1.295992
0.385410
0.000001
1.641949
0.143990
0.746482
0.657015
0.000000
0.000977
0.894211
0.838040
0.003311
0.001010
0.675790
0.856375
0.395251
0.178633
0.957715
0.108946
0.007109
0.044097
1.414693
1.815517
0.462774
0.282357
0.665633
0.017912
0.623851
0.001870
0.021357
0.672694
0.059825
0.009678
0.000000
1.088429
0.679687
0.042523
0.000278
0.000000
1.674414
0.000000
0.506735
0.270953
0.454747
0.584684
0.000148
0.000155
0.006910
0.616035
1.685451
0.000328
0.614647
1.243728
0.000000
0.241091
1.867659
0.198612
0.000303
0.510327
0.658518
0.000135
0.000000
1.666498
1.501451
0.793522
0.571478
0.000000
0.000130
0.049114
0.639369
0.026346
0.951787
0.614361
1.425817
0.000126
0.548627
0.119240
0.214387
0.018450
1.278759
0.000053
0.000361
0.121841
0.000016
0.637616
0.472683
0.719521
0.000145
0.000000
0.000126
0.282862
1.290809
0.000000
0.323789
0.125532
0.969049
0.741458
0.968144
0.000436
0.314099
1.005525
0.000805
0.725961
0.637618
0.093604
1.103577
0.013212
0.728130
0.004847
0.031414
0.231086
0.082918
0.000073
0.725941
1.656502
0.897462
0.767465
0.220740
0.048892
0.000060
0.245415
0.000055
0.957772
0.000036
0.000235
0.523994
0.999028
0.087885
0.417414
0.198273
0.197256
1.028040
0.000000
0.048769
0.440684
0.524379
0.000111
0.000004
0.009837
0.140946
0.000763
1.302586
0.000152
0.023688
0.411265
0.019633
0.029563
0.206911
0.881386
0.935833
0.000246
1.142522
1.676221
1.415088
0.275959
0.770107
0.618021
0.230064
0.364366
0.000000
0.643256
0.884374
0.528552
0.056806
0.004372
0.000000
0.686512
0.066782
0.346537
0.000992
0.430138
0.327660
0.650241
0.000000
0.000001
0.000000
0.000000
0.000000
0.111896
0.637560
0.049604
0.000000
0.978265
0.091640
0.919257
0.000000
0.000000
0.000000
0.294561
0.000325
0.065611
0.724459
1.311953
0.000000
0.600438
0.000000
1.596109
0.000008
0.000126
0.000000
0.637116
0.000000
0.000009
0.638144
0.013389
0.585178
0.654356
0.065457
0.000000
0.000285
0.018624
0.020870
0.000013
0.614509
0.197747
1.026620
1.615015
0.397861
0.953721
0.334594
0.051362
0.044990
0.017666
0.109595
0.046408
0.002979
0.637407
0.005090
0.876307
0.916298
0.020770
0.097870
0.644996
1.057247
0.586647
0.417539
0.006653
0.718548
0.000044
0.868011
0.063411
0.000004
0.000582
0.000416
0.000016
0.929442
0.000054
0.865008
0.552138
0.000000
0.000125
0.001558
0.132026
1.070836
0.294237
0.020853
0.459057
0.325523
0.020971
0.263072
0.665168
0.875208
0.025256
0.328173
0.072217
0.936261
0.000014
0.002253
0.631665
0.000291
0.000001
0.946546
0.152330
0.005572
0.015256
0.076715
0.119515
0.109781
0.000130
0.024939
0.426739
0.212301
0.754806
1.303269
0.000000
0.000001
0.218448
0.000758
0.000000
0.000009
0.000000
1.513665
0.454039
0.962113
0.512291
0.000000
0.316899
0.000000
0.491501
0.000000
0.098885
0.212381
0.003262
0.003077
0.079021
0.004831
0.216530
0.390252
0.019801
0.005109
0.801145
0.834632
0.020772
0.369272
0.213049
0.000000
0.230462
0.000347
0.725938
0.394628
0.005695
0.420454
0.551153
1.060587
0.000659
0.697418
0.867560
0.767954
0.000000
0.000016
0.131567
0.000117
0.000218
0.010300
0.000000
0.048894
0.013755
0.819791
0.137400
0.000000
0.048771
0.637742
1.234332
0.002177
0.000129
0.887747
0.000000
0.637617
0.325489
0.008842
0.017463
0.553522
0.411252
0.000044
0.189561
0.034151
0.309378
1.778819
0.000000
0.639140
1.692771
0.000000
0.351498
1.392425
0.207073
0.048769
0.006049
0.510325
0.168382
0.505064
0.896553
0.385312
0.686386
0.086666
0.052473
0.512021
0.000126
0.550734
0.461329
0.239199
0.012895
0.212439
0.000000
1.244423
0.000005
0.031436
0.000013
0.361003
0.006728
0.272270
0.015160
0.372051
0.645344
0.230607
0.956065
0.174698
0.116930
0.895073
0.637617
1.032844
0.308488
0.353838
0.395102
0.000000
0.308854
0.409086
0.000055
0.000000
0.637549
0.643257
0.959021
0.000036
0.000025
0.000089
0.393592
0.667625
0.257753
0.150258
0.000000
0.373424
0.000009
0.000002
1.709651
0.070412
0.017651
1.052145
0.643256
0.000000
0.000041
0.736499
1.040167
0.020845
0.248009
0.000000
0.048768
0.565583
0.440612
0.072610
0.048769
0.440554
0.059592
1.179515
0.212574
0.048769
1.078175
0.328468
0.052057
1.238670
0.000435
0.325938
0.465584
0.245416
0.345756
1.508240
0.879726
0.656617
0.784816
0.000000
0.048769
1.079490
0.038107
0.597324
1.356488
0.001175
0.363011
0.986739
0.000000
0.416875
0.000000
0.838518
0.000000
0.000294
0.203386
0.759958
0.088458
0.867214
0.931805
0.785872
0.823752
0.637905
0.000000
0.000492
1.177718
0.002382
0.261563
0.235229
0.213714
0.824807
0.039892
0.000019
0.013863
0.320014
0.008669
0.000126
0.052191
0.168305
0.904772
1.181550
0.001648
0.000019
0.000000
0.000070
0.637636
1.661831
1.102407
0.116691
0.049116
0.000000
0.852008
0.142992
0.049116
0.637676
0.392358
0.000128
0.810394
0.020774
0.551636
0.034150
0.700876
0.245315
0.314369
0.048738
0.050579
0.001844
0.746473
0.263854
0.049582
0.160355
0.785975
0.004143
0.637262
0.810287
0.000000
0.963126
0.490438
1.476532
0.442691
0.030324
0.669490
0.914102
0.644014
0.021166
1.038403
0.000177
0.300787
0.057559
0.850099
0.000000
0.784138
0.000441
0.976246
0.625924
0.637960
0.392377
0.741477
0.833925
0.180819
0.076712
0.000101
0.686013
0.488790
0.924933
0.351665
0.000218
0.000000
0.000000
0.001811
0.541138
0.069070
0.047946
0.007766
0.849714
0.002397
1.785078
0.876026
0.375584
0.342098
1.516447
0.208743
0.000055
0.720203
0.374261
0.570385
0.000000
0.645119
0.635838
0.015590
0.006910
0.000000
0.787561
0.883215
0.000486
0.017607
0.000750
0.000000
0.312430
0.839418
0.880083
0.000006
0.000000
0.000000
0.144366
0.007406
0.245719
0.048493
0.955980
0.000730
0.366025
0.637618
1.285705
0.000125
2.401941
0.023943
0.114721
0.828046
0.098864
0.020820
0.001064
0.000019
0.893987
0.000236
0.017482
0.681885
0.000291
0.000000
0.637623
0.048828
0.000000
0.000000
0.000000
0.789794
1.650869
0.245755
0.325381
0.742096
0.000000
0.047192
0.791356
0.157814
0.831476
0.548411
0.001606
0.656870
0.140852
0.638125
0.000356
0.000305
0.000002
0.000712
0.000366
0.000000
0.547689
0.029835
0.134311
0.001412
0.068075
0.528427
0.797967
1.692688
0.229361
0.041774
0.637674
0.375583
0.245428
0.273371
0.012310
1.292702
0.000000
0.000000
0.539588
0.000000
0.245416
0.020770
0.000000
0.071513
0.000126
0.399292
0.000000
0.924843
0.675619
0.000000
0.699801
0.333812
0.000000
0.000145
0.248482
0.048779
0.694474
0.000000
0.886476
0.000000
0.637750
0.020973
0.001294
0.957727
0.000345
0.000017
0.545477
0.050005
1.070049
0.315769
0.648291
0.000001
0.000000
0.000000
1.020494
0.002696
0.408607
0.048947
0.982534
1.629536
0.904159
0.000291
0.512021
0.000016
0.000787
0.191087
1.786244
0.000047
0.005129
0.244398
0.098882
1.429744
0.000000
0.228545
0.000000
0.891619
0.048270
0.660829
0.440557
0.052723
0.000000
0.124269
0.725996
0.818283
0.000018
0.084824
0.000009
0.581819
1.007319
0.482132
1.546684
0.785582
0.000903
0.686747
0.048759
0.783692
0.018313
0.000019
0.023710
0.487209
0.048788
0.051237
0.805156
0.000000
0.003598
0.212457
0.109799
0.000000
0.041210
0.030150
0.070420
0.637617
0.003925
0.819627
0.274527
0.712029
0.933812
0.937549
0.945418
1.971857
0.087471
0.790304
0.484193
0.000000
1.118248
0.000036
1.592079
0.800108
0.080442
0.461416
0.689373
0.679255
0.095967
0.686730
0.000000
0.003106
0.067090
0.083947
0.000000
0.000115
0.000102
0.000126
0.000018
0.137630
0.890667
0.439628
0.100449
0.048789
0.529153
0.000072
0.746645
0.048780
0.000001
0.356857
0.703569
0.050981
0.648040
0.207424
0.709141
0.000126
0.535954
0.595099
0.000797
0.737565
0.799779
0.322415
0.635274
0.740490
0.000000
0.890837
0.010318
1.780956
0.228680
0.384980
0.000018
0.000036
0.048068
0.000000
0.052816
0.847553
1.000000
0.540159
0.062080
0.882855
0.162873
0.062080
0.906265
0.000004
0.000126
0.038398
0.682182
0.637617
1.212678
0.002406
0.072092
0.005858
0.360034
0.311553
0.995361
0.550569
0.034378
0.797486
0.765117
1.450609
0.000972
0.000126
0.827845
0.759438
0.245302
0.048677
0.246333
0.163748
0.850436
0.637695
0.180865
0.637630
0.048769
0.852617
1.120986
0.637636
0.000000
0.000019
0.020845
0.000013
0.000000
0.417415
0.438438
0.395288
1.020709
0.000000
0.029115
0.284342
0.000041
0.105646
0.049116
1.226421
0.513610
0.048772
0.765900
0.334143
0.464403
0.000000
1.445995
0.000000
0.000055
0.955501
1.275234
0.002172
0.504579
0.048769
1.352242
0.896356
0.001755
0.020846
0.901259
0.877067
0.246200
0.021953
0.692475
0.048804
0.000129
0.003915
0.639269
0.000036
0.000036
0.620042
0.351623
0.000127
0.000056
0.000031
0.582138
0.005945
0.000902
0.047659
0.000003
1.021115
0.000126
0.000001
0.704836
0.312917
0.384440
0.000083
0.000063
0.000004
0.000162
0.708056
0.150796
0.000001
0.958418
0.683082
0.093240
0.040395
0.326086
0.167078
0.000040
0.095041
0.719646
0.649858
0.954368
0.109784
1.009415
0.134499
0.648420
0.049231
0.793350
0.063159
0.504580
0.030455
0.442826
0.279843
0.067321
0.032719
0.264406
0.000126
0.636155
0.000000
1.213365
0.513167
1.595256
0.151108
0.696456
1.105796
0.002908
0.109980
0.953289
1.536329
0.000126
0.000750
0.192272
0.738438
0.000199
0.000003
0.109781
0.000000
0.000000
0.003096
0.000000
0.771059
0.000000
0.000000
0.242371
0.035686
0.000126
0.036841
0.000026
0.121492
0.002220
0.000127
0.056734
0.636092
0.000017
0.918572
0.000000
0.000000
0.000000
0.041774
0.862218
0.215987
0.000067
0.637636
0.007598
1.283483
0.032840
1.054976
0.713285
0.325511
0.048493
0.688036
0.000564
0.000000
0.993367
0.000000
0.012732
0.025580
0.000000
0.001817
0.746455
0.000000
0.657388
0.228699
0.997260
0.000347
0.000000
1.627261
0.417433
1.073005
0.738919
1.372942
0.005712
0.183709
0.020845
0.000000
0.062755
0.043966
0.634154
0.000042
0.004384
0.000345
0.009676
1.260007
1.331623
1.562372
0.667827
0.264326
0.640005
0.000040
0.001649
0.771205
0.232635
0.000014
0.000012
0.000857
0.000001
0.637531
1.432267
0.081534
0.246435
0.000020
0.325476
0.963751
0.374254
0.000000
0.721723
0.000104
0.686388
0.516839
0.488422
0.423471
0.000042
0.048847
0.180213
1.006823
0.014131
0.254044
0.020517
0.637547
0.000000
0.206803
0.023252
0.116691
0.756895
0.062195
0.866868
1.599879
0.404783
0.307688
0.000750
0.082925
0.002980
0.752224
0.000000
0.048800
0.193119
1.426025
0.560791
0.000016
0.488193
0.000000
0.011428
0.331106
0.725943
0.385344
1.508113
0.957574
0.163387
0.908350
0.840574
0.132371
0.002065
0.215006
0.338132
0.220828
0.151477
0.000000
0.000000
0.000387
0.772423
1.376354
0.000033
0.632306
0.213226
1.026791
0.637653
0.284342
0.499954
0.082712
0.103628
0.000000
0.696779
0.000019
0.000019
1.186815
0.000009
0.092601
0.643697
1.920504
1.441113
0.800422
1.054667
0.660211
0.975453
1.517224
0.000428
0.584684
0.000000
0.383132
0.103157
0.228782
0.000000
0.116691
0.000000
0.000126
0.028295
0.000727
0.812270
0.151017
1.348309
0.609661
0.340591
0.000000
0.228680
0.026046
0.082800
1.066997
0.710138
0.051531
0.691620
1.383511
0.000000
0.637629
1.096771
0.000742
0.026794
0.020845
0.795747
0.016403
0.030446
0.469451
0.048769
1.195102
0.596050
0.637719
0.004700
0.575618
0.376907
0.319899
0.224148
0.000097
1.275223
0.253106
0.440684
1.483024
0.504833
0.000134
0.000000
0.637617
0.026988
0.297348
0.513926
1.480988
0.225297
0.256819
0.344006
0.637536
0.621355
0.866175
0.001022
0.110893
0.439386
0.020897
0.596050
0.198409
0.245415
0.261309
0.867253
0.000000
1.061667
0.001095
0.615042
0.673832
0.000001
0.001191
0.074933
0.800313
0.015481
0.795693
0.714782
0.790140
0.325488
0.014793
0.049242
0.000000
0.702567
0.008766
0.113479
1.090278
0.329057
0.963104
0.180391
0.408156
0.000595
0.597760
0.048957
0.120218
0.952924
0.000020
0.651268
0.019089
0.044033
0.812992
1.059994
0.637620
0.686386
0.931682
0.274722
0.048947
0.200103
0.615167
1.676296
0.000000
2.140121
1.331145
0.229765
0.048060
0.021956
0.054352
0.356857
0.000376
0.921981
0.012892
0.001716
0.440899
0.251453
0.129858
1.798158
0.497541
0.632987
0.003314
2.420011
0.997254
0.296132
1.633355
0.000000
0.030324
0.002309
1.086286
0.020986
0.000001
0.000000
0.000570
0.245203
0.000002
1.404045
0.330055
0.000000
0.008412
0.000545
0.511991
0.716854
0.048766
0.892738
0.002382
0.837833
0.618154
0.704167
0.006910
0.341357
0.020348
0.985306
0.000000
0.014524
0.640212
0.000267
0.651268
1.252808
1.584930
0.000363
0.000002
1.440823
0.591031
0.473877
0.310715
0.312531
1.389359
1.243478
0.809041
0.397395
0.266261
0.039619
0.000428
0.021970
0.000230
0.019088
0.040226
0.064159
0.348939
0.363512
0.306848
0.131183
0.639140
0.000000
0.166768
1.335299
0.014970
0.408607
0.612110
0.002461
0.000134
0.742837
0.015268
0.051406
0.958756
0.412688
0.000000
0.057895
0.785926
0.047698
0.048892
0.000000
0.727638
1.013847
0.606439
0.936165
0.000016
0.000000
0.639140
0.048893
0.000042
0.031584
0.109781
0.000000
0.000000
0.633053
0.877020
0.624061
0.136899
0.967280
0.770983
0.001828
1.877034
1.070157
0.417295
0.044162
1.267551
0.786402
0.000014
0.000181
2.227533
0.716013
0.512293
0.214116
0.046643
0.176770
0.192565
0.257677
0.089973
0.000000
0.719583
0.301087
0.957717
0.062111
0.000000
0.091323
0.718983
0.000000
0.688885
0.000008
0.000043
0.000000
0.091362
0.637636
0.311554
0.029047
0.709467
0.062437
0.001072
0.539025
0.000043
0.036007
0.245774
0.438675
0.018624
0.891616
0.052032
0.913199
0.000000
0.008269
0.001181
0.000000
0.876592
0.000000
0.577782
0.752709
0.334211
0.000073
0.018900
0.245428
0.057985
0.835105
0.693904
1.723470
0.000004
0.044015
0.199355
0.005222
0.000115
0.000000
0.000000
0.000138
0.880063
0.387247
1.791160
1.602270
0.245419
0.654767
0.645285
0.020837
0.558513
0.117683
1.283114
0.602723
0.462878
0.000000
0.678610
0.000000
0.000000
0.166768
1.089590
0.886412
0.048834
0.048776
0.180865
0.824103
0.000000
0.351996
0.245564
0.000119
0.421893
0.867227
0.999768
0.393366
0.637617
0.519313
0.600724
1.671727
0.192787
1.826889
0.957920
0.000002
0.120438
0.000000
0.598568
0.009268
0.359725
0.576566
0.000047
0.070012
0.637547
0.045675
0.150193
0.056730
0.000212
0.000100
0.048896
0.967520
0.637956
0.638784
0.061762
0.021193
0.417363
0.071326
0.001789
0.000001
0.000000
1.323709
0.637812
0.637598
0.000000
0.743754
0.000578
0.789192
0.081568
0.000000
0.006623
0.108855
0.049273
0.000123
0.512104
0.000000
0.353249
1.173875
0.080151
0.747442
0.000000
0.850663
0.343446
0.035782
0.016162
0.741839
0.000011
0.000000
1.174733
0.361003
1.651644
0.283118
1.212796
1.510041
1.328030
0.048800
0.763883
0.000000
1.117106
0.000000
0.064910
0.952657
0.182640
0.000126
0.637827
0.003754
0.728240
0.637857
0.471836
1.057385
0.000000
0.411182
0.000000
0.898074
0.898836
0.062264
0.082739
0.558820
0.638125
0.439386
0.057319
1.305625
1.048843
0.800300
1.414639
0.147719
0.799412
0.656181
1.055766
0.265864
0.312507
0.982911
0.009253
0.058628
1.056462
0.637965
0.890541
0.414150
0.000126
1.180750
0.751174
0.417273
0.000006
0.703352
0.639585
0.000000
0.620437
0.062056
0.062080
0.786568
0.102586
0.960124
0.637617
0.000408
0.081903
0.957194
0.000007
0.276034
0.000000
0.392392
0.784053
0.024333
0.000000
0.000440
0.002196
0.000055
0.001657
0.637789
1.491957
1.275234
0.404288
0.550471
1.234380
2.598765
0.864905
0.584685
0.846993
0.000000
0.210646
0.205445
0.891619
0.857806
0.014168
0.000020
0.240339
0.312537
0.121715
0.006872
0.212446
0.001875
0.048861
0.123432
0.761991
0.466481
0.729650
0.048914
0.567630
0.006159
0.340621
0.376762
0.643224
0.000019
0.656998
0.896425
0.283332
0.050423
0.641556
0.325488
0.094130
0.000000
0.018263
0.000000
0.000009
0.019974
0.000000
0.048769
0.417414
0.328469
0.000145
0.062079
0.008439
0.417411
1.329493
0.013167
0.000000
0.104808
0.021332
0.000370
0.185238
0.771185
0.006157
1.601257
0.325523
0.439715
0.201088
0.000061
0.056730
0.455973
0.230145
0.096139
0.343603
0.000000
0.298579
0.000019
0.813672
0.722265
0.564574
0.000000
0.332315
0.867447
0.048769
0.003723
0.095163
0.048769
0.236266
0.417414
0.390963
0.637617
0.064837
0.000019
0.001190
0.714489
0.000145
0.000000
0.144873
0.581354
1.636724
0.691794
0.651286
0.000000
0.856413
0.639503
0.864915
0.761991
0.758537
0.403077
0.000000
0.290907
1.223543
0.173543
0.121022
0.000001
0.586339
1.050298
0.033598
1.370807
0.874859
1.037509
0.479592
0.702859
0.001927
1.007432
0.014386
1.114536
1.716142
0.939030
0.598568
0.000000
0.001088
1.322832
0.736307
0.000000
0.205906
0.049046
0.009264
0.000000
0.622214
0.963104
0.623863
0.000000
1.520794
0.884366
0.017493
0.386496
0.019129
0.471991
0.000000
0.032088
0.621539
0.182640
0.549785
1.067471
0.596057
0.000000
0.449230
0.180986
0.023643
0.512025
0.046559
0.143277
0.003014
0.000000
0.000000
0.676037
0.001022
0.000127
0.000126
0.001164
1.030468
0.147610
0.897482
0.027374
0.000000
0.786433
0.000126
0.012444
1.085918
0.000000
0.900273
0.116595
0.000000
0.048759
0.049127
1.478671
0.245453
0.361162
0.002865
1.728563
0.637109
0.328380
0.637709
0.018624
0.021201
0.978684
0.785867
0.244380
0.788426
0.637619
0.867560
0.092923
0.004862
0.000000
0.839063
0.000347
0.796293
0.000023
0.000000
0.074716
0.640122
1.428681
0.416888
0.062151
0.756842
0.253828
0.061134
0.002031
0.000000
1.361578
0.048759
0.064574
0.017596
0.973702
0.098872
0.637592
0.000408
0.000000
0.000000
1.186912
0.000142
1.267764
0.036028
0.491320
1.384074
1.075341
0.000000
0.942233
0.388418
0.053579
0.000181
0.000000
0.000000
0.003867
0.140111
1.180562
1.420026
0.000000
0.000977
0.964599
0.051749
0.391838
0.179924
0.002693
0.012383
0.307090
0.666824
0.635848
0.000243
0.018624
0.000019
0.009753
0.000000
0.864618
0.000290
1.019365
0.936273
0.056466
0.022239
0.968293
0.059763
0.000139
0.390898
0.000008
0.803819
0.296555
0.000000
0.514544
1.268225
0.648135
0.105284
0.791211
1.351305
0.509002
0.109642
0.777369
0.708457
1.099107
0.956038
1.069363
0.001209
0.000001
0.048738
0.639166
0.930193
0.637448
0.062075
0.000657
0.000019
0.109782
0.000126
0.800167
0.611677
0.738375
0.893354
1.399567
0.000422
0.847622
0.000168
0.024603
1.168535
0.000036
0.082306
0.180205
0.018624
0.003546
0.637786
0.034163
0.728165
0.062274
0.083497
0.241233
1.542180
0.000000
0.076635
0.020971
0.000002
0.000347
0.000004
0.442335
0.094022
0.098056
0.020845
0.597548
0.212643
1.083492
0.058089
0.000004
0.186985
1.639048
0.800776
0.178824
0.633215
0.162278
0.001119
1.275355
0.762806
0.611915
0.011696
0.080039
0.817528
0.412688
0.432196
0.753065
0.619924
0.000000
0.898365
0.106391
0.000019
0.464461
0.812692
0.152765
0.000000
1.212679
0.046280
0.073076
1.789760
0.000000
0.973036
0.100042
0.847929
1.062418
0.598531
0.913182
0.727861
0.473138
1.057649
0.132127
0.023252
0.147705
0.046335
0.000000
0.000000
0.332430
0.000000
0.000055
0.737892
0.000000
0.000347
0.000000
0.000977
0.520825
0.073856
0.356922
0.245416
0.385608
0.753565
0.000102
0.000260
0.122834
0.000134
0.000001
0.000000
0.002613
0.000002
0.385279
0.586412
0.221310
0.850380
0.180819
0.266962
1.018965
0.986136
0.016798
0.048905
0.765946
0.050353
0.000000
1.314018
0.324823
0.875622
0.795430
0.000000
0.051311
0.386012
0.637957
0.777934
0.701362
0.850063
0.416889
0.241974
0.039642
0.633583
0.458071
1.345719
0.000019
0.938931
0.020900
0.577891
0.845436
0.011375
0.312560
0.757444
0.739576
0.018836
0.039916
0.000354
0.000954
0.743312
0.055758
0.000145
0.856249
0.272503
0.000293
0.637653
0.000020
0.042024
0.000001
0.083937
0.894187
0.535640
0.000977
0.961386
0.554006
1.262834
0.568207
0.000000
0.478464
0.651397
0.189381
0.080475
0.000013
0.048781
0.050193
0.000073
0.018006
0.005109
0.000000
1.060724
0.294998
0.846540
0.955796
0.654356
0.000014
0.303299
0.198239
0.638920
1.704833
0.000127
0.005516
0.374382
0.066191
0.022492
0.014168
0.751693
0.893234
0.158989
0.769845
0.453555
1.079691
0.000126
1.559108
0.948383
1.232604
0.000015
0.000001
0.637616
0.605932
0.944881
1.289095
0.160943
1.447807
0.000000
0.440774
0.201657
0.482676
0.088566
0.566403
0.000624
0.004855
1.255773
0.777004
0.163034
0.329346
0.221495
2.739690
0.390591
0.036414
0.993198
0.792105
0.137287
0.189950
0.000000
0.000000
0.792606
0.000000
0.000000
0.000000
0.062276
0.387773
0.000000
1.303022
0.000062
0.398923
1.205097
0.130761
0.160527
0.048781
0.000000
0.052982
0.002172
0.000115
0.125999
0.020886
0.000095
0.048770
0.000000
1.510923
0.038363
0.417472
0.764184
0.611268
0.000000
0.000278
0.598568
0.000126
0.048800
0.412731
0.002928
0.682812
0.000000
1.296357
0.000092
0.132383
0.000000
0.000000
0.000000
0.174710
0.245707
0.848220
0.000126
0.000154
0.000000
0.000000
0.325907
0.048844
0.000053
0.003354
0.294079
0.000008
0.000000
0.000126
0.000024
0.062862
0.038656
0.002368
0.113615
0.522749
1.000190
0.000977
0.985827
1.495040
0.731528
1.497126
0.417784
0.246213
0.158290
0.000000
0.013624
0.665564
0.680366
0.842351
0.103962
0.033402
0.887727
0.000000
0.000467
0.412691
0.977475
0.786798
0.012896
0.000000
0.459644
0.637984
0.588025
0.651708
0.379397
0.000000
0.688811
0.078416
0.758695
0.000000
0.417533
0.048769
0.510555
0.419896
0.000000
0.633276
0.062592
0.000027
0.223313
0.901480
0.000000
0.380908
0.637615
0.186215
0.000000
0.297600
0.152136
0.000000
0.011373
0.048897
0.000000
0.762894
0.636092
0.570426
0.248482
0.000012
0.000000
0.462721
0.048759
0.008816
0.689472
0.687193
1.496992
0.292214
1.274749
0.012414
1.297139
0.070967
0.629425
0.633039
0.002227
0.637786
0.020846
0.000000
0.000845
0.051363
0.097186
0.338116
0.637547
0.000000
0.784055
0.241712
0.468896
0.048772
0.000000
0.000000
0.212380
0.104578
0.002210
0.752796
0.000000
0.000079
1.148816
0.000046
0.000000
0.026210
0.124317
0.997000
0.000057
0.635349
0.122833
0.000000
0.245378
0.000165
0.123945
0.027993
1.520755
0.612632
0.222699
0.777368
0.210899
0.089115
0.000233
0.958317
0.422156
0.440563
0.884978
0.785988
1.626861
0.245424
0.831602
0.000019
0.549197
0.062079
0.001476
0.014794
0.000055
1.437131
0.000000
0.082310
0.000000
0.960401
0.000036
0.000009
0.000009
0.004799
0.000178
0.153648
0.034185
0.929596
0.000000
1.039592
0.337844
0.589449
0.048768
0.000126
0.637610
0.767517
0.527413
0.575070
0.792651
1.016215
1.444300
0.867099
1.110691
0.048493
1.609676
0.000132
1.314983
0.002854
0.509254
0.000007
0.857214
0.436596
0.863880
0.131420
0.003704
0.655276
2.040887
0.722447
0.419784
0.048843
0.850984
0.641644
0.000126
1.446869
0.417705
0.004997
0.062080
0.048783
0.385315
0.385311
0.928460
0.547383
0.000933
0.648979
0.686119
0.000000
0.540126
0.048592
0.000139
0.000055
1.018700
2.073249
0.082123
0.096878
1.305614
0.000039
0.317220
0.816751
1.138318
0.048768
0.000000
0.020820
0.637786
0.000000
0.475096
0.392319
0.246061
0.017655
0.024153
0.061789
0.000209
0.273810
0.048821
0.821727
0.691130
0.741895
0.312496
0.337906
0.062080
0.000055
0.419749
1.490534
0.789236
0.000017
0.000000
0.542345
0.000115
0.759555
0.201826
2.181014
0.152699
0.020845
1.310030
0.659880
0.655977
1.205336
1.279315
2.639974
1.785710
0.270315
0.214257
1.142609
0.204943
0.659680
0.713688
0.000030
0.385310
0.307495
0.000587
0.387685
0.759023
0.642896
0.012434
0.867340
0.322610
0.637617
0.000106
0.001511
0.000066
0.878799
0.000019
0.070074
0.443355
0.633042
0.278123
0.000000
0.000013
0.261216
0.918128
0.018152
0.000002
0.808807
0.000000
0.407024
0.034642
0.491509
0.048770
0.042520
0.282160
0.020621
0.000146
0.529968
0.000282
0.880806
0.426462
0.001427
0.000000
0.654356
1.383132
0.671125
0.000000
0.253212
0.147354
0.212447
0.098882
0.374276
0.051128
0.045361
0.000164
0.360807
0.489908
0.177359
0.581866
0.000000
0.247056
0.179166
0.372798
0.003651
0.649928
1.011173
1.566153
0.000000
0.261962
0.002535
0.744273
1.056192
0.944894
0.732578
1.294571
0.926763
0.063624
0.212277
0.635725
0.777195
1.421004
0.018900
0.045012
0.452582
0.646850
0.551603
0.680390
0.256629
0.000018
0.001081
1.448683
0.013060
0.649804
0.000000
0.000000
0.000125
0.010709
1.684769
0.001692
0.285646
0.000000
0.988259
0.000000
0.695951
0.044408
0.448198
1.143011
1.290388
0.067753
0.638125
0.652007
0.245439
0.637547
0.000348
0.647995
0.000000
0.617762
0.000126
0.067342
0.000000
0.373224
0.017647
0.000151
0.000000
0.048759
0.179900
0.020950
0.000011
0.369085
0.883030
0.215206
0.000126
0.000003
0.638878
0.198236
0.001305
0.001811
1.000009
0.040975
0.000000
0.004145
0.000098
0.877183
0.002077
0.005786
0.875965
0.000126
0.403340
0.004898
0.212438
0.000017
0.000299
0.197039
0.820391
0.655308
0.000000
0.000000
0.001565
0.000000
0.020621
0.183479
0.056571
0.000000
0.000000
0.451035
0.000535
0.000126
1.273334
0.000014
0.000000
0.635725
0.637687
0.344479
0.000026
0.973517
0.021072
1.055033
0.004728
0.319369
0.355061
0.000000
0.224091
1.150472
0.000000
0.000002
1.079971
0.049304
1.365948
0.414008
1.265864
0.831804
0.068192
1.039759
0.682687
0.001429
0.000075
0.006925
0.108290
0.000000
0.000125
0.633039
0.000450
0.637416
0.585433
0.005037
0.000126
0.000017
0.000000
0.218091
0.823957
0.000000
0.020845
0.936196
0.482492
0.575058
0.794913
0.012828
0.031018
0.703730
0.212579
0.725436
0.012410
0.901106
0.873031
0.012379
1.126527
0.464609
0.049291
0.719586
0.262407
0.036949
0.393367
0.653143
0.000095
0.000643
0.000000
0.036754
1.422577
0.778944
1.113844
0.325631
0.048768
0.052439
0.620387
0.778206
0.048788
0.003969
0.000000
0.000000
0.166933
0.557454
0.983257
0.950320
0.119568
0.000000
0.048771
0.000000
0.004073
0.650573
0.047192
0.025743
0.898238
0.963185
0.637724
0.048895
1.635198
0.000000
0.000126
0.655347
0.791809
0.637742
0.417589
0.145786
0.000005
1.056390
1.046960
0.661195
0.463705
0.000148
0.226922
0.052598
0.354820
0.686440
0.245415
0.004202
0.467258
0.062077
0.019388
0.734168
0.554371
0.637616
0.721812
0.025467
0.003919
0.000127
0.048805
0.001740
0.639503
0.020894
0.000000
0.000055
0.051381
0.000000
0.374358
0.686961
0.052713
0.000097
0.000000
0.547137
0.168488
0.000055
0.000000
0.430412
0.417414
0.588668
0.082794
0.054395
0.000001
1.856296
1.032897
0.000000
0.048772
0.290776
0.043003
0.074404
0.153171
0.173642
1.395960
0.997013
0.048777
0.000127
0.000000
0.892714
0.225811
0.744063
0.245076
0.064251
0.000008
0.217842
0.000000
0.000000
0.023124
1.133615
0.012403
0.049191
0.000126
0.094677
0.850906
0.451110
0.638187
0.753564
0.779254
1.308234
0.000001
0.612247
1.268104
0.053852
0.069832
1.368930
0.637617
0.890188
0.733366
0.000000
0.001531
0.386927
0.687171
0.048769
2.109486
1.120047
0.185238
0.715071
0.930521
0.930973
0.001275
0.000227
0.922041
0.648657
0.000000
0.325488
0.004051
0.325507
0.636987
1.454483
0.325488
1.000989
0.856257
0.062133
0.161949
0.048769
0.020859
0.002176
0.149895
0.000026
0.856855
0.504579
0.150326
0.180128
0.001578
1.009476
1.413026
0.012434
0.008071
0.048771
0.000125
0.678211
0.096112
0.000413
0.048828
1.590732
0.000000
0.062099
0.898873
0.673998
0.000000
0.816713
0.034149
0.000925
0.955818
0.029834
0.062079
0.485898
1.428009
0.391049
1.106347
0.000000
0.951671
0.000798
0.086196
0.160542
0.084973
0.280611
0.343141
0.000102
0.062079
0.245415
0.830955
0.066482
0.516398
0.030632
0.286345
1.830477
0.000126
0.274323
0.000046
0.002297
0.000000
0.800884
0.000331
0.191288
0.200780
0.489357
0.083454
0.000004
0.000000
0.000000
0.000151
0.048828
0.278662
1.339061
