-162.877110
-855.161331
-179.896083
-839.244153
-181.582755
-348.848992
-798.186928
-80.340508
-591.270339
-1469.427708
-119.155293
-118.082362
-118.505900
-118.622890
-111.739651
-109.898702
-111.797684
-107.730854
-64.181744
-38.213360
-28.523964
-20.291566
-16.518662
-16.045522
-15.759023
-15.349833
-15.246838
-14.525565
-11.129822
-7.618557
-6.164766
-5.540598
-5.424918
-5.230633
-5.011872
-4.762920
-4.508459
-3.520643
-3.126932
-2.679927
-2.601571
-2.641978
-2.642376
-2.560671
-2.432861
-2.120352
-1.947420
-1.658781
-1.948026
-1.940596
-1.795957
-1.990674
-1.517486
-1.711808
-1.723983
-1.696622
-1.821308
-1.844271
-1.683118
-1.683544
-1.687854
-1.624107
-1.602393
-1.602338
-1.600868
-1.582659
-1.565391
-1.538299
-1.516731
-1.516164
-1.517409
-1.526896
-1.514973
-1.514988
-1.514973
-1.515089
-1.517748
-1.515136
-1.514844
-1.514907
-1.515287
-1.516164
-1.516164
-1.523060
-1.515636
-1.514951
-1.514882
-1.516987
-1.455559
-1.442945
-1.524593
-1.021039
-0.905040
-0.907661
-0.917893
-0.883688
-0.850111
-0.713844
-0.615913
-0.554713
-0.542064
-0.503328
-0.496552
-0.530872
-0.465325
-0.440995
-0.409367
-0.388645
-0.383674
-0.361948
-0.360251
-0.725467
-0.356012
-0.335849
-0.764271
-0.451102
-0.339952
-0.353593
-0.356764
-0.323726
-0.370410
-0.318424
-0.319420
-0.307454
-0.365235
-0.411350
-0.472831
-0.407960
-0.340913
-0.391456
-0.316431
-0.418158
-0.390165
-0.383549
-0.302710
-0.374199
-0.324691
-0.328678
-0.369602
-0.329620
-0.611020
-0.306913
-0.308204
-0.300309
-0.306651
-0.292895
-0.315692
-0.301854
-0.303640
-0.313548
-0.313910
-0.330689
-0.312692
-0.305628
-0.307404
-0.292412
-0.351994
-0.292435
-0.295802
-0.297021
-0.353915
-0.283259
-0.285714
-0.284854
-0.287452
-0.282544
-0.339584
-0.284884
-0.283112
-0.286890
-0.306781
-0.296728
-0.295192
-0.325897
-0.325706
-0.292127
-0.175279
-0.193893
-0.251292
-0.159507
-0.203814
-0.187455
-0.194574
-0.145609
-0.136889
-0.175344
-0.163250
-0.105310
-0.117376
-0.149833
-0.143896
-0.159787
-0.135659
-0.148348
-0.153213
-0.141385
-0.076968
-0.084683
-0.074721
-0.119481
-0.068475
-0.099177
-0.177844
-0.125246
-0.056812
-0.091641
-0.068291
-0.076611
-0.075397
-0.091074
-0.162678
-0.195571
-0.099644
-0.182931
-0.074926
-0.072398
-0.062209
-0.095900
-0.098932
-0.186241
-0.045921
-0.051826
-0.029245
-0.079467
-0.034948
-0.039642
-0.023678
-0.084708
-0.038843
-0.107441
-0.033782
-0.140065
-0.206314
-0.041183
-0.069889
-0.124970
-0.214749
-0.102962
-0.236322
-0.220926
-0.453514
-0.058194
-0.037332
-0.017983
-0.042630
-0.073546
-0.043049
-0.098693
-0.029290
-0.043160
-0.015389
-0.087059
-0.018335
-0.038161
-0.075749
-0.088668
-0.054280
-0.041958
-0.118021
-0.041573
-0.011891
-0.010156
-0.290455
-0.090965
-0.008126
-0.014170
-0.009112
-0.100485
-0.011194
-0.046678
-0.042717
-0.059735
-0.039630
-0.018418
-0.054601
-0.012730
-0.027928
-0.011395
-0.005018
-0.007951
-0.125213
-0.221983
-0.531279
-0.008383
-0.004268
-0.007259
-0.005522
-0.035744
-0.005022
-0.016022
-0.021600
-0.056105
-0.039626
-0.007941
-0.260213
-0.273639
-0.020076
-0.007143
-0.093072
-0.337735
-0.187916
-0.005954
-0.110905
-0.249489
-0.386721
-0.418358
-0.073821
-0.044870
-0.064166
-0.007285
-0.058599
-0.019215
-0.011769
-0.007250
-0.010704
-0.341875
-0.045034
-0.619059
-0.031051
-0.149627
-0.129721
-0.191691
-0.009544
-0.014297
-0.306520
-0.005421
-0.287257
-0.003795
-0.049801
-0.031361
-0.004713
-0.006441
-0.005465
-0.004597
-0.176939
-0.008498
-0.506862
-0.004330
-0.005224
-0.028979
-0.006117
-0.013881
-0.009314
-0.004462
-0.004845
-0.125196
-0.004766
-0.184985
-0.008408
-0.121990
-0.007951
-0.010926
-0.008977
-0.004662
-0.102906
-0.012576
-0.005965
-0.005983
-0.024938
-0.018167
-0.024240
-0.411098
-0.317000
-0.008078
-0.009350
-0.005694
-0.007354
-0.612474
-0.004324
-0.017264
-0.046331
-0.004572
-0.062019
-0.150515
-0.010302
-0.004153
-0.802942
-0.058639
-0.931473
-0.009217
-0.091715
-0.032794
-0.289206
-0.059158
-0.061616
-0.049496
-0.037120
-0.005118
-0.005115
-0.004001
-0.470414
-0.020194
-0.009909
-0.004684
-0.005035
-0.062712
-0.782169
-0.005071
-1.071121
-1.927433
-394.335418
-465.187539
-34.789242
-717.147576
-24.057005
-144.616983
-873.256754
-7.229559
-326.135187
-936.384780
-41.499767
-20.990503
-3.076125
-3.737374
-4.218237
-3.079088
-3.076843
-3.214708
-2.946570
-2.877284
-2.588558
-2.063505
-1.845906
-1.762154
-1.711475
-1.774613
-1.588413
-1.424805
-1.278320
-1.312595
-1.244844
-1.176822
-1.114569
-1.123686
-0.995062
-0.908814
-1.449679
-1.002143
-18.251073
-1.001338
-1.078134
-0.812155
-0.865015
-0.822068
-0.756054
-0.807556
-0.655487
-0.758288
-0.698767
-0.683305
-1.958939
-0.700539
-1.259447
-1.012456
-0.622225
-1.450966
-0.554572
-0.511635
-0.508709
-0.951985
-1.286398
-0.492083
-1.403723
-0.470895
-0.544862
-0.566484
-0.647251
-0.468403
-0.479391
-0.513182
-1.279803
-1.037576
-0.547514
-0.536376
-0.470836
-0.710089
-0.544710
-0.975029
-0.944662
-0.466085
-0.458566
-0.907824
-0.520420
-0.489067
-0.407155
-0.534877
-0.479221
-0.445315
-0.509976
-0.427959
-0.928905
-0.529134
-0.484149
-0.392713
-0.376909
-0.598313
-0.619513
-0.512539
-0.508510
-0.626143
-0.506833
-0.458923
-0.438303
-0.562720
-0.664867
-0.356663
-0.447514
-0.372515
-0.399514
-0.339166
-0.358349
-0.340562
-0.450217
-0.470274
-0.467717
-0.817320
-0.837667
-0.388435
-0.547914
-0.621073
-0.601825
-0.599189
-0.500184
-0.368649
-0.557757
-0.557752
-0.651111
-0.543168
-0.403871
-0.490027
-0.506846
-0.516960
-0.527915
-0.521167
-0.398538
-0.504742
-0.523800
-0.563458
-0.600168
-0.371255
-0.419404
-0.501931
-0.610276
-0.725762
-0.558220
-0.500298
-0.505345
-0.539650
-0.549616
-0.507453
-0.521021
-0.494712
-0.351882
-0.537479
-0.510667
-0.511234
-0.594839
-0.536594
-0.729261
-0.483657
-0.617355
-0.565171
-0.655629
-0.518979
-0.562293
-0.654254
-0.495864
-0.551570
-0.563317
-0.934223
-0.498369
-0.624427
-0.527559
-0.523543
-2.769728
-0.498011
-0.583786
-0.502642
-0.555829
-0.489671
-0.501605
-0.500113
-0.846318
-0.373869
-0.600411
-0.511701
-0.492766
-0.598384
-0.504767
-0.444079
-0.760055
-0.650813
-0.564099
-0.352330
-0.376536
-0.619453
-0.489421
-0.633518
-0.649187
-0.632314
-0.682002
-0.572871
-1.157563
-0.496428
-0.591198
-0.730817
-0.546498
-0.511296
-0.504506
-0.493571
-0.506784
-0.589282
-0.568000
-0.714102
-0.519828
-0.549209
-0.491583
-0.594286
-1.368396
-0.560112
-0.495098
-0.616337
-0.584613
-0.683889
-0.550142
-0.734514
-0.499151
-0.755233
-1.352541
-0.802821
-0.873839
-0.774262
-0.505151
-0.901331
-0.671776
-0.648536
-0.909730
-0.620332
-0.690675
-0.772140
-0.727163
-1.134081
-0.594023
-0.542508
-0.889046
-0.723881
-0.553073
-0.636965
-3.194741
-0.562636
-0.492235
-0.611244
-16.914000
-0.489510
-0.490239
-0.544985
-0.498861
-0.511132
-0.723904
-0.498750
-0.541594
-0.489985
-0.815139
-0.564491
-0.489066
-0.571251
-0.540405
-0.525073
-0.444714
-0.811261
-0.683029
-0.579471
-0.678458
-0.602473
-0.497202
-0.898903
-1.129027
-0.538468
-0.803108
-0.505384
-1.070397
-0.503030
-0.560683
-0.703612
-0.860688
-1.394401
-0.562636
-0.505336
-0.571273
-0.617862
-0.936993
-1.721940
-0.676146
-1.022669
-0.578618
-0.526551
-0.593558
-0.491159
-0.513184
-0.736200
-0.488512
-0.497424
-1.070649
-0.861823
-0.498962
-0.520292
-0.489982
-0.765262
-1322.627717
-0.490073
-0.515824
-0.659443
-0.942990
-0.499887
-0.616295
-0.496816
-0.519405
-0.492824
-0.496769
-0.618817
-0.493315
-0.495215
-0.687729
-0.506093
-0.532121
-0.326048
-0.539092
-0.559348
-0.400943
-0.530453
-0.630856
-0.708594
-0.802886
-0.488262
-0.503522
-0.360717
-0.561630
-0.383246
-0.514428
-1.666321
-0.498989
-0.487840
-0.488508
-0.515937
-0.491865
-0.507076
-1.248990
-0.488630
-0.507749
-0.627913
-0.499243
-0.506891
-0.491246
-0.491141
-0.490997
-0.427523
-0.766835
-0.513012
-0.539055
-0.807599
-0.602741
-0.711412
-0.488464
-0.507076
-0.753634
-1.549187
-0.491511
-0.490300
-0.644091
-0.647788
-0.490274
-0.405360
-0.502802
-0.772770
-0.517733
-3.389823
-0.611591
-0.938770
-0.763319
-1.080171
-0.704145
-0.510833
-0.664634
-0.500095
-1.301724
-2025.152961
-0.488496
-0.492430
-0.568327
-0.568339
-0.492786
-0.495557
-0.511215
-0.494721
-0.943315
-0.515977
-0.720704
-0.556306
-0.489879
-0.600087
-458.556317
-618.426732
-771.667227
-298.072647
-13.782820
-1001.234700
-1113.255213
-316.526979
-808.225892
-438.820447
-523.015058
-13.065871
-12.298754
-12.734443
-11.631950
-10.862990
-10.192727
-10.026584
-6.935762
-5.825997
-5.298024
-4.462052
-4.448019
-4.296401
-3.996131
-3.757206
-3.484115
-2.868534
-2.550106
-2.154351
-2.105859
-2.158676
-2.036761
-2.259734
-2.066385
-2.182390
-2.072708
-1.760897
-1.624727
-1.427318
-1.279519
-1.234481
-1.243675
-1.253651
-1.229987
-1.205187
-1.171161
-1.086171
-1.039836
-1.038672
-1.024893
-1.017884
-1.004941
-1.175278
-1.100568
-0.963972
-0.993065
-1.000809
-0.970095
-0.986397
-0.945439
-0.928101
-0.910333
-0.895615
-0.868794
-0.898797
-0.864300
-0.868480
-0.863249
-0.859731
-0.856786
-0.853123
-0.851228
-0.848816
-0.847072
-0.845280
-0.843629
-0.888292
-0.841110
-0.842905
-0.843069
-0.862399
-0.850251
-0.842103
-0.882014
-0.895689
-0.853737
-0.858693
-0.836758
-0.834189
-0.867122
-0.866292
-0.860272
-0.831839
-0.862128
-0.833792
-0.852357
-0.831063
-0.825058
-0.831738
-0.860758
-0.822595
-0.824572
-0.860737
-0.860131
-0.857360
-0.852223
-0.821882
-0.847105
-0.838344
-0.834711
-0.838615
-0.843146
-0.838263
-0.823499
-0.818081
-0.812657
-0.806736
-0.816097
-0.806885
-0.805487
-0.798986
-0.800109
-0.804649
-0.796660
-0.798339
-0.802320
-0.801768
-0.794380
-0.792038
-0.791524
-0.790171
-0.790250
-0.787237
-0.782245
-0.793869
-0.783683
-0.784287
-0.789407
-0.797046
-0.780940
-0.786455
-0.798157
-0.776135
-0.776116
-0.781782
-0.775603
-0.770883
-0.785152
-0.782546
-0.791233
-0.775464
-0.796118
-0.782128
-0.764843
-0.765352
-0.756805
-0.751070
-0.752197
-0.755103
-0.757069
-0.753151
-0.757772
-0.754326
-0.750576
-0.758881
-0.767073
-0.746484
-0.739900
-0.733667
-0.749798
-0.729596
-0.739636
-0.764294
-0.732999
-0.728626
-0.737470
-0.730530
-0.733934
-0.726679
-0.733911
-0.730635
-0.735836
-0.716286
-0.707824
-0.716540
-0.705117
-0.705577
-0.710402
-0.700847
-0.706910
-0.699392
-0.695949
-0.697660
-0.696773
-0.724667
-0.707146
-0.711364
-0.703814
-0.702462
-0.698473
-0.737962
-0.707439
-0.703982
-0.690935
-0.743391
-0.714559
-0.701262
-0.691851
-0.728821
-0.697946
-0.684514
-0.679025
-0.680422
-0.693552
-0.678935
-0.679261
-0.677723
-0.677627
-0.704729
-0.674456
-0.679600
-0.685338
-0.679620
-0.673240
-0.673175
-0.675817
-0.678085
-0.669926
-0.675035
-0.665904
-0.678108
-0.666394
-0.663937
-0.671833
-0.723372
-0.665423
-0.662334
-0.664423
-0.700046
-0.819185
-0.708782
-0.665492
-0.794163
-0.668092
-0.668772
-0.661849
-0.660799
-0.661583
-0.659826
-0.659854
-0.692374
-0.665708
-0.659350
-0.659397
-0.807824
-0.659031
-0.660323
-0.664021
-0.667329
-0.680818
-0.662312
-0.660657
-0.671494
-0.670180
-0.795684
-0.658550
-0.657930
-0.657837
-0.658108
-0.659451
-0.658009
-0.670274
-0.657827
-0.659306
-0.658074
-0.657805
-0.658006
-0.770557
-0.691583
-0.662193
-0.793436
-0.658683
-0.976505
-0.658383
-0.658808
-0.657721
-0.657856
-0.658153
-0.957804
-1.065273
-0.658743
-0.657708
-0.657905
-0.662315
-0.658023
-0.658654
-0.668925
-0.658584
-0.661552
-0.657906
-0.667544
-0.657282
-0.657361
-0.659250
-0.928907
-0.659620
-0.657175
-0.657446
-0.975933
-0.657322
-0.657464
-0.657322
-0.656967
-0.657781
-0.657497
-0.657867
-0.657083
-0.657790
-0.657524
-0.657262
-0.662991
-0.657867
-0.658170
-0.657962
-0.657927
-0.656749
-0.656941
-0.657614
-0.949709
-0.658284
-0.657376
-0.657881
-0.659012
-0.657142
-0.657507
-0.657079
-0.657335
-0.656903
-0.660462
-0.657358
-0.674499
-0.657330
-0.657825
-0.664008
-0.657678
-0.658063
-0.657368
-0.663697
-0.657412
-0.659042
-0.657234
-0.657916
-0.657253
-0.657143
-0.657372
-0.658458
-0.657854
-0.657426
-0.658289
-0.657253
-0.657504
-0.657016
-0.659222
-0.658110
-0.658699
-0.657018
-0.656724
-0.656855
-0.658264
-0.657204
-0.667920
-0.657408
-0.660204
-0.659519
-0.656827
-0.660906
-0.657173
-0.659613
-0.656903
-0.656622
-0.661759
-0.692914
-1.136899
-0.657507
-0.657429
-0.657522
-0.657078
-0.656832
-0.674949
-0.667451
-0.657237
-0.935125
-1.410751
-1.388199
-1.530815
-1.509361
-1.628890
-1.486021
-0.657672
-72.885490
-410.318228
-914.726340
-1262.533528
-20.815141
-434.379651
-266.683798
-30.650091
-461.256131
-556.364800
-198.284884
-18.702057
-24.704548
-19.432529
-21.769307
-20.159417
-17.032582
-17.939281
-18.619533
-15.053464
-13.557793
-12.587389
-8.578073
-6.103882
-4.609840
-4.696129
-4.492985
-4.684466
-7.277693
-3.829954
-2.527213
-2.593816
-2.289914
-2.114183
-2.523839
-1.968481
-1.907315
-1.989997
-1.916017
-1.953923
-2.117000
-1.667981
-1.460280
-1.456123
-1.430335
-1.390770
-1.094817
-1.081992
-1.343133
-1.038052
-1.035016
-1.041623
-1.086092
-0.837590
-0.723651
-0.682737
-0.768895
-0.726345
-0.739570
-0.760686
-0.670976
-0.604288
-0.596822
-0.543728
-0.522042
-0.534613
-0.558862
-0.536490
-1.345748
-0.492976
-0.763676
-0.481326
-0.489469
-0.467171
-0.463878
-0.437425
-0.406784
-0.350207
-0.331201
-0.344075
-1.320745
-0.342038
-0.651054
-0.336138
-0.331917
-0.476652
-0.356957
-0.358536
-0.351051
-0.384404
-0.366329
-0.323822
-0.335133
-0.286994
-0.274982
-0.253708
-0.317623
-0.266844
-0.250096
-0.455165
-0.211428
-0.225440
-0.228842
-0.262797
-0.405108
-0.222182
-0.200939
-0.212446
-0.212134
-0.193515
-0.192272
-0.190393
-0.207389
-0.197742
-0.211395
-0.178154
-0.186815
-0.190262
-0.171297
-0.402707
-0.185631
-0.171181
-0.217368
-0.209756
-0.164320
-0.316777
-0.166915
-0.191411
-0.174203
-0.208361
-0.219833
-0.223051
-0.151800
-0.178919
-0.163511
-0.142066
-0.141736
-0.137727
-0.169695
-0.190411
-0.255114
-0.181402
-0.172571
-0.135460
-0.142058
-0.172276
-0.232938
-0.182874
-0.198203
-0.222551
-0.150395
-0.159065
-0.239250
-0.166516
-0.151145
-0.125245
-0.162412
-0.324789
-0.142403
-0.177257
-0.141265
-0.135589
-0.165685
-0.199444
-0.218580
-0.167213
-0.214252
-0.166123
-0.167298
-0.165860
-0.162603
-0.181980
-0.166433
-0.166734
-0.346222
-0.169520
-0.165531
-0.116638
-0.129131
-0.317894
-0.178465
-0.163526
-0.317710
-0.300310
-0.164316
-0.163268
-0.305461
-0.114125
-0.189690
-0.162743
-0.305400
-0.161046
-0.161211
-0.300767
-0.134986
-0.171956
-0.304665
-0.186101
-0.335928
-0.119957
-0.299051
-0.110497
-0.135382
-0.160262
-0.160359
-0.108382
-0.383834
-0.311490
-0.160563
-0.172366
-0.213029
-0.153214
-0.160597
-0.160260
-0.289488
-0.191178
-0.249232
-0.243715
-0.227173
-0.276684
-0.159975
-0.104592
-0.190137
-0.159288
-0.366547
-0.335509
-0.276819
-0.115325
-0.145796
-0.243143
-0.128480
-0.126366
-0.163102
-0.151638
-0.160285
-0.184301
-0.165675
-0.236349
-0.169395
-0.160260
-0.120903
-0.131596
-0.089291
-0.202362
-0.089627
-0.192190
-0.189495
-0.141344
-0.171113
-0.221894
-0.263106
-0.184067
-0.191532
-0.161901
-0.192401
-0.146608
-0.116506
-0.103835
-0.132941
-0.155371
-0.122171
-0.294878
-0.135435
-0.376387
-0.082522
-0.087916
-0.094975
-0.151921
-0.282404
-0.762555
-0.095855
-0.206985
-0.090419
-0.112656
-0.225857
-0.378146
-0.186764
-0.197247
-0.280740
-0.241375
-0.118137
-0.092353
-0.088658
-0.129150
-0.660149
-0.070656
-0.098515
-0.246749
-0.242314
-0.082593
-0.104777
-0.198219
-0.120638
-0.270105
-0.178837
-0.176531
-0.051008
-0.297659
-0.520635
-0.050983
-0.153811
-0.191148
-0.495257
-0.046133
-0.048609
-0.052940
-0.041639
-0.363233
-0.186265
-0.447879
-0.269776
-0.341772
-0.408477
-0.105650
-0.083096
-0.315895
-0.307001
-0.030681
-0.328403
-0.257521
-0.044840
-0.376404
-0.710454
-0.063597
-0.039462
-0.025304
-0.890140
-0.038436
-0.248264
-0.366452
-1.098251
-0.288022
-0.138020
-0.597852
-0.050091
-0.056000
-0.081538
-0.701150
-0.139973
-0.638564
-0.075694
-0.023116
-0.068356
-0.173956
-1.201328
-0.031705
-0.759298
-0.457740
-0.037964
-0.053462
-0.314043
-0.654099
-0.177072
-0.366967
-0.132233
-0.101430
-0.737114
-1.820827
-2.537150
-3.652020
-2.477825
-0.968172
-2.778408
-1.379281
-2.696966
-2.581461
-1.018404
-2.416496
-1.154405
-1.050789
-0.367469
-0.347717
-0.383021
-1.362473
-0.963796
-0.831913
-0.759662
-1.738291
-2.119616
-0.684919
-1.778520
-4.372629
-3.215505
-1.187426
-0.743028
-1.519240
-1.662738
-0.872490
-3.221641
-1.312020
-0.849159
-0.795412
-0.790559
-1.124835
-0.738845
-0.566463
-0.036974
-0.637290
-0.292414
-0.768132
-27.690306
-1203.078969
-352.269098
-1543.152727
-523.638811
-560.746137
-254.395288
-784.201014
-15.798141
-965.463868
-402.124905
-25.880312
-23.052816
-14.892365
-14.386041
-13.475533
-12.034194
-12.041499
-19.812755
-12.009895
-18.949959
-17.417940
-17.517775
-11.281298
-15.681694
-15.152890
-12.781469
-10.205649
-7.483836
-10.465810
-7.995466
-6.127290
-5.385234
-5.402124
-7.366808
-5.214244
-6.076877
-4.782308
-4.103369
-5.655587
-3.277724
-4.691538
-3.424881
-2.792804
-2.809555
-2.736793
-3.508403
-2.538987
-2.578657
-2.329868
-2.471563
-3.205828
-2.262097
-2.217807
-1.924144
-1.883012
-1.874802
-1.735756
-1.678336
-1.833715
-1.662374
-1.598321
-1.524121
-1.503377
-1.438661
-1.290587
-1.211087
-1.456029
-1.242187
-1.173101
-1.374570
-1.541333
-1.203096
-1.142792
-1.033597
-0.978467
-0.963535
-0.953579
-0.985402
-0.968974
-0.924213
-0.904082
-0.899790
-0.993605
-0.907532
-0.895343
-0.950391
-0.844456
-0.891417
-0.878612
-0.839759
-0.840955
-0.867946
-0.883183
-0.810505
-0.780878
-0.776583
-0.869436
-0.831749
-0.767773
-0.765107
-0.858895
-0.777227
-0.776874
-0.772233
-0.799681
-0.760393
-0.794687
-0.790027
-0.742418
-0.762365
-0.751859
-0.770076
-0.752404
-0.730582
-0.723764
-0.754995
-0.764427
-0.752945
-0.803972
-0.728036
-0.709279
-0.733225
-0.703119
-0.703906
-0.732509
-0.782416
-0.730162
-0.734482
-0.689881
-0.689171
-0.675110
-0.667755
-0.672718
-0.680118
-0.682135
-0.671812
-0.665523
-0.678271
-0.668597
-0.780135
-0.698023
-0.667286
-0.680771
-0.655849
-0.675192
-0.625966
-0.688093
-0.659447
-0.691318
-0.681228
-0.676767
-0.659154
-0.660911
-0.679322
-0.669311
-0.648996
-0.665317
-0.663382
-0.664629
-0.662211
-0.631554
-0.669473
-0.675329
-0.699897
-0.709385
-0.672214
-0.628737
-0.659259
-0.685470
-0.666956
-0.659075
-0.665884
-0.658775
-0.696092
-0.675032
-0.718355
-0.658144
-0.661347
-0.621268
-0.676166
-0.661758
-0.679007
-0.709091
-0.754559
-0.612015
-0.627977
-0.606302
-0.658887
-0.582049
-0.596231
-0.657699
-0.595796
-0.713172
-0.600009
-0.659779
-0.649101
-0.596161
-0.579683
-0.625580
-0.700029
-0.685260
-0.642797
-0.976249
-0.567124
-0.826496
-0.705599
-0.552383
-0.622472
-0.606234
-0.551752
-0.673216
-0.547192
-0.627483
-0.605131
-0.539010
-0.847693
-0.544877
-0.693382
-0.547256
-0.563324
-0.557162
-0.554759
-0.571739
-0.571073
-0.582030
-0.547091
-0.541905
-0.576021
-0.763602
-0.507229
-0.534121
-0.555664
-0.607171
-0.528754
-0.523016
-0.510562
-0.584518
-0.530035
-0.542815
-0.593323
-0.519529
-0.531921
-0.582268
-0.553575
-0.530107
-0.590742
-0.583151
-0.675074
-0.508429
-0.499242
-0.493765
-0.548962
-0.604765
-0.517381
-0.495073
-0.667862
-0.561620
-0.613786
-0.573200
-0.499236
-0.728438
-0.494582
-0.494576
-0.504969
-0.679683
-0.568995
-0.714161
-0.666416
-0.497897
-0.551332
-0.603206
-0.505181
-0.925942
-0.772936
-0.546911
-0.488894
-0.521108
-0.794148
-0.926012
-0.684587
-0.547875
-0.692914
-0.529386
-0.747852
-0.533037
-0.805803
-0.629187
-0.884198
-0.490677
-0.494388
-0.697050
-0.562636
-0.577081
-0.490990
-0.567451
-0.588658
-0.704671
-0.504337
-0.913315
-0.860984
-0.558659
-0.691793
-0.592822
-0.488495
-0.526098
-0.634886
-0.537211
-0.644298
-0.854325
-0.493137
-0.609229
-0.472739
-0.566345
-0.558623
-0.499116
-0.530052
-0.834275
-0.665657
-0.706021
-0.566012
-0.500514
-0.641732
-0.548149
-1.692334
-0.510626
-0.548386
-0.846411
-0.605635
-0.546659
-0.649857
-0.608455
-0.556064
-0.707446
-0.620416
-0.786363
-0.789283
-0.493620
-0.612560
-0.627454
-0.493432
-0.503796
-0.516324
-0.453275
-0.587372
-0.509500
-0.468669
-0.542216
-0.598994
-0.445316
-0.512150
-0.579823
-0.577168
-0.509897
-0.446062
-0.604907
-0.447822
-0.520122
-0.510436
-0.490704
-0.543119
-0.516017
-0.493346
-0.756300
-0.506817
-0.548847
-0.611561
-0.453078
-0.488175
-0.938665
-0.748061
-0.408386
-0.608979
-0.502757
-0.491632
-0.596888
-0.602306
-0.557869
-0.755525
-0.463389
-0.436120
-0.423009
-0.606979
-0.399203
-0.406362
-0.445709
-0.396489
-0.399363
-0.374470
-0.482224
-0.663997
-0.462233
-0.679965
-0.397345
-0.527709
-0.490756
-0.387104
-0.425130
-0.451865
-0.503662
-1695.352976
-1022.967178
-1258.297541
-111.979469
-516.255969
-414.411928
-791.793690
-513.406882
-288.957963
-209.810243
-1295.050709
-94.218548
-89.089607
-58.865357
-50.250451
-47.774545
-45.634494
-43.514559
-42.582470
-42.963503
-39.426223
-34.911908
-27.399709
-22.980985
-18.541382
-17.167672
-17.335058
-16.948101
-16.714745
-15.612886
-15.311807
-14.276047
-12.468094
-11.511949
-10.975082
-10.942664
-10.930949
-11.118626
-8.720988
-6.289510
-4.653410
-4.070577
-4.023638
-3.994250
-3.947925
-3.771244
-2.806626
-2.101465
-1.568791
-1.472018
-1.327584
-1.246916
-1.239294
-1.564096
-1.160923
-1.044530
-0.850970
-0.680803
-0.627929
-0.619138
-0.624151
-0.613770
-0.532973
-0.436491
-0.422448
-0.447898
-0.402234
-0.373398
-0.377031
-0.377440
-0.375374
-0.379485
-0.374968
-0.373047
-0.369420
-0.417729
-0.373513
-0.370154
-0.369432
-0.370170
-0.367815
-0.339975
-0.359002
-0.321567
-0.324899
-0.330583
-0.318877
-0.308052
-0.295729
-0.356267
-0.294624
-0.298136
-0.358138
-0.293886
-0.295498
-0.293432
-0.294545
-0.294621
-0.284691
-0.293943
-0.357613
-0.284547
-0.358091
-0.368952
-0.294030
-0.283138
-0.284702
-0.288048
-0.325799
-0.280900
-0.280126
-0.281689
-0.280278
-0.280245
-0.283075
-0.311104
-0.283307
-0.283904
-0.281584
-0.280485
-0.281142
-0.280743
-0.280913
-0.280426
-0.280276
-0.282171
-0.281897
-0.280288
-0.284140
-0.280810
-0.280349
-0.280278
-0.280348
-0.281246
-0.280593
-0.280557
-0.281193
-0.280913
-0.282449
-0.280760
-0.281278
-0.280786
-0.281180
-0.281719
-0.287235
-0.280769
-0.280940
-0.280289
-0.280307
-0.284326
-0.280403
-0.284066
-0.280256
-0.280363
-0.281437
-0.282321
-0.280496
-0.280813
-0.283668
-0.280856
-0.283473
-0.280254
-0.280254
-0.280254
-0.280304
-0.281286
-0.280793
-0.281011
-0.280838
-0.280535
-0.285115
-0.280485
-0.280317
-0.281080
-0.280779
-0.280878
-0.280907
-0.280300
-0.281253
-0.280533
-0.281578
-0.282770
-0.280307
-0.280488
-0.280535
-0.280833
-0.290374
-0.280954
-0.285381
-0.280907
-0.280598
-0.280960
-0.280414
-0.280460
-0.280496
-0.280727
-0.280838
-0.280349
-0.281128
-0.280892
-0.280576
-0.280538
-0.280833
-0.280836
-0.280520
-0.280901
-0.282321
-0.280877
-0.280788
-0.280991
-0.284621
-0.284854
-0.280574
-0.282689
-0.285985
-0.280797
-0.280882
-0.281225
-0.280833
-0.280763
-0.280845
-0.281057
-0.280833
-0.280847
-0.280768
-0.280740
-0.280812
-0.280812
-0.282203
-0.280830
-0.281375
-0.281401
-0.280878
-0.280884
-0.282190
-0.281026
-0.281338
-0.282350
-0.280015
-0.279093
-0.279146
-0.282253
-0.279942
-0.093136
-0.047435
-0.282255
-0.241419
-0.281876
-0.180701
-0.128220
-0.282867
-0.072457
-0.282253
-0.149034
-0.041155
-0.083471
-0.037720
-0.067779
-0.077607
-0.063508
-0.038532
-0.059297
-0.040043
-0.059114
-0.012729
-0.279030
-0.022669
-0.027748
-0.010737
-0.040750
-0.019491
-0.024246
-0.244834
-0.050710
-0.277873
-0.020943
-0.277933
-0.277874
-0.281044
-0.026723
-0.054773
-0.035501
-0.277874
-0.013678
-0.047815
-0.046997
-0.009681
-0.011748
-0.238394
-0.040945
-0.024586
-0.244096
-0.009154
-0.277875
-0.277947
-0.047457
-0.277873
-0.228322
-0.035493
-0.277874
-0.013567
-0.285703
-0.018731
-0.008650
-0.021497
-0.041199
-0.051367
-0.277874
-0.244253
-0.235797
-0.062050
-0.033950
-0.038165
-0.057287
-0.013287
-0.289128
-0.011161
-0.044660
-0.056348
-0.008812
-0.217481
-0.032142
-0.284958
-0.008134
-0.216567
-0.242521
-0.054023
-0.280838
-0.010059
-0.009262
-0.019518
-0.006825
-0.040665
-0.012729
-0.006039
-0.218919
-0.009661
-0.246169
-0.007669
-0.034525
-0.008080
-0.007736
-0.006506
-0.290764
-0.051569
-0.046659
-0.014032
-0.238646
-0.011362
-0.006875
-0.059664
-0.015274
-0.035529
-0.215677
-0.034228
-0.238446
-0.277874
-0.007606
-0.277944
-0.280704
-0.237513
-0.007232
-0.004789
-0.008042
-0.042505
-0.251407
-0.029842
-0.026960
-0.052765
-0.060789
-0.059540
-0.021133
-0.059870
-0.494938
-0.042142
-0.024801
-0.012223
-0.209093
-0.055121
-0.276859
-0.549215
-0.820736
-0.295126
-0.370853
-0.220745
-0.052040
-0.228309
-0.069681
-0.824412
-0.275589
-0.219700
-0.169176
-0.250338
-0.258279
-0.214656
-0.013419
-0.240258
-0.005755
-0.019379
-0.294033
-110.774661
-41.015060
-719.215214
-9.970325
-6.250499
-1158.208996
-836.555055
-1148.485712
-820.077907
-138.116102
-259.419531
-9.189097
-9.050116
-11.162664
-10.184028
-7.232786
-6.926808
-6.587265
-11.085541
-11.266853
-9.721719
-8.268460
-8.745844
-8.034093
-4.038975
-6.849081
-9.710788
-10.532164
-4.235286
-10.250684
-4.430987
-5.436051
-3.964308
-4.598458
-3.788904
-4.367952
-5.267176
-4.137822
-3.694655
-8.644292
-4.737118
-8.917621
-8.754369
-3.972945
-4.134589
-5.485719
-3.560320
-7.024671
-3.623697
-3.098172
-5.458127
-3.424532
-4.692273
-3.560904
-3.367142
-3.500356
-3.361395
-3.187734
-3.286832
-3.176448
-3.007346
-3.229326
-2.872632
-2.111226
-1.835809
-1.979637
-1.781814
-1.701858
-1.802093
-1.690837
-1.612312
-1.415110
-1.138321
-1.101971
-1.026618
-0.975081
-1.004263
-0.920498
-0.828940
-0.713883
-0.688941
-0.727951
-0.726031
-0.645881
-0.579620
-0.534521
-0.478591
-0.494659
-0.487302
-0.482486
-0.466627
-0.459292
-0.451896
-0.437034
-0.293371
-0.405824
-0.262092
-0.246281
-0.246899
-0.239421
-0.276434
-0.181879
-0.137286
-0.137454
-0.154626
-0.092726
-0.123589
-0.095496
-0.117534
-0.105988
-0.075360
-0.209867
-0.078144
-0.119747
-0.092170
-0.093798
-0.067347
-0.081708
-0.055083
-0.062809
-0.050199
-0.051314
-0.054628
-0.053948
-0.037330
-0.054988
-0.047832
-0.068352
-0.041950
-0.042175
-0.034946
-0.031269
-0.090068
-0.078442
-0.062144
-0.028619
-0.149600
-0.060646
-0.049197
-0.036196
-0.023644
-0.037265
-0.089945
-0.071779
-0.127533
-0.126071
-0.357165
-0.017468
-0.017544
-0.154877
-0.021741
-0.018125
-0.011211
-0.206997
-0.056832
-0.021146
-0.097388
-0.058903
-0.037456
-0.058252
-0.019501
-0.025781
-0.018321
-0.008531
-0.035303
-0.026064
-0.071441
-0.012196
-0.019943
-0.012799
-0.023697
-0.010383
-0.051682
-0.027550
-0.009857
-0.007336
-0.010197
-0.031031
-0.008423
-0.020312
-0.013723
-0.057533
-0.212493
-0.115564
-0.045693
-0.030411
-0.065763
-0.021181
-0.111806
-0.018312
-0.017569
-0.026576
-0.051454
-0.048500
-0.055903
-0.146659
-0.121782
-0.184473
-0.024635
-0.113695
-0.009049
-0.087079
-0.128974
-0.086561
-0.311165
-0.487792
-0.264633
-0.039024
-0.017984
-0.171017
-0.198548
-0.013056
-0.344272
-0.070798
-0.022887
-0.069620
-0.037288
-0.036482
-0.126713
-0.157534
-0.098996
-0.258955
-0.045291
-0.070282
-0.089195
-0.066351
-0.216558
-0.156243
-0.005515
-0.032942
-0.075528
-0.037511
-0.009426
-0.009209
-0.006858
-0.019918
-0.079917
-0.015001
-0.227308
-0.030345
-0.011571
-0.007915
-0.823909
-0.007475
-0.007659
-0.011317
-0.054966
-0.017668
-0.354145
-0.219767
-0.149458
-0.174654
-0.005956
-0.254667
-0.064762
-0.004887
-0.251323
-0.007079
-0.247536
-0.047327
-0.006210
-0.047732
-0.038119
-0.036550
-0.004620
-0.197567
-0.007824
-0.107929
-0.019716
-0.310281
-0.008403
-0.007464
-0.009397
-0.004665
-0.055249
-0.521668
-0.492230
-0.005066
-0.005605
-0.006631
-0.391772
-0.101258
-0.011743
-0.008206
-0.147868
-0.127256
-0.006754
-0.007655
-0.005472
-0.005921
-0.129779
-0.006025
-0.004198
-0.005661
-0.339293
-0.091068
-0.270579
-0.935535
-0.083831
-0.081222
-0.005092
-0.004436
-0.317375
-1.187286
-0.007559
-0.005177
-0.145612
-0.076548
-0.004928
-0.541119
-0.655641
-0.004357
-0.444397
-0.759096
-0.063958
-0.010065
-0.049672
-0.004388
-0.005000
-0.066803
-0.005438
-0.061636
-0.028829
-0.035660
-0.059054
-0.280033
-0.056234
-0.939794
-0.005509
-0.066414
-1.889073
-0.132697
-0.011266
-0.005058
-0.006464
-0.012024
-0.803128
-0.044039
-0.015664
-0.162922
-0.224060
-0.118285
-0.012839
-1.154134
-0.005217
-0.005093
-0.004403
-0.137314
-0.004978
-0.089376
-0.004129
-0.004516
-0.005372
-0.004930
-0.004698
-0.040724
-0.039660
-0.114239
-0.005798
-0.844109
-2.180667
-0.004509
-0.053971
-0.004890
-0.006025
-0.247442
-0.140631
-0.004914
-0.233077
-0.200763
-0.004660
-0.005078
-0.046684
-0.006310
-0.005145
-0.221359
-0.041653
-0.005030
-0.320149
-0.496185
-0.997650
-0.510264
-1.231685
-0.131652
-0.458385
-0.175472
-0.061344
-0.037604
-0.004680
-0.451760
-0.068449
-0.008862
-0.052864
-0.118391
-0.007468
-0.058565
-0.005246
-0.583887
-0.027957
-0.004149
-2.522875
-949.797799
-421.016621
-32.698032
-72.897339
-41.631107
-688.555310
-89.119210
-545.352516
-243.378797
-251.932584
-1.187039
-1.166402
-34.790567
-1.298816
-1.084916
-1.021378
-1.472864
-0.251294
-0.523618
-0.263730
-1.030962
-1.440847
-0.204973
-1.818072
-2.026923
-0.756816
-1.029086
-1.311932
-1.667720
-0.994042
-0.929200
-1.406591
-0.919103
-0.920241
-0.702073
-0.535116
-0.637917
-0.794904
-0.705498
-0.178374
-1.211485
-0.459290
-0.780425
-0.319769
-0.308369
-0.092792
-0.176596
-0.381009
-0.107990
-0.092907
-0.156542
-0.168760
-0.080551
-0.104291
-0.048695
-0.046696
-0.059758
-0.039329
-0.050744
-0.048580
-0.032565
-0.037825
-0.036441
-0.055463
-0.023393
-0.023623
-0.052875
-0.029847
-0.068980
-0.020887
-0.074719
-0.024076
-0.010078
-0.016721
-0.023432
-0.015850
-0.050345
-0.016378
-0.018669
-0.022437
-0.017247
-0.033689
-0.013867
-0.037466
-0.027126
-0.017581
-0.014309
-0.014071
-0.017111
-0.021156
-0.012699
-0.034631
-0.098106
-0.060746
-0.017464
-0.026866
-0.029679
-0.043128
-0.091649
-0.087388
-0.068722
-0.052696
-0.294868
-0.120627
-0.030755
-0.063180
-0.096335
-0.227516
-0.052970
-0.047980
-0.114698
-0.096109
-0.166325
-0.192163
-0.044312
-0.071155
-0.172251
-0.161292
-0.140783
-0.084383
-0.096868
-0.008590
-0.064364
-0.160857
-0.028323
-0.034696
-0.050054
-0.039234
-0.085489
-0.032741
-0.100251
-0.034520
-0.059648
-0.066045
-0.158996
-0.019407
-0.047919
-0.094210
-0.021767
-0.064409
-0.263600
-0.356427
-0.004512
-0.011629
-0.854648
-0.008438
-0.045947
-0.010666
-0.443548
-0.476936
-0.262490
-0.010982
-0.278560
-0.476464
-0.095678
-0.232764
-0.551826
-0.196012
-0.004768
-0.080186
-0.088184
-0.087035
-0.287477
-0.008076
-0.048393
-0.005897
-0.124122
-0.424628
-0.247313
-0.005506
-0.416569
-0.151818
-0.118832
-0.040191
-0.035124
-0.009782
-0.076329
-0.188169
-0.141517
-0.021399
-0.233975
-0.005946
-0.150201
-0.094353
-0.431513
-0.271518
-0.008943
-0.189304
-0.611488
-0.392300
-0.332312
-0.249855
-0.044995
-0.126573
-0.092961
-0.260303
-0.120388
-0.012811
-0.735587
-0.009182
-0.035460
-0.607261
-0.006734
-0.010149
-0.102695
-0.016876
-0.048258
-0.833696
-0.011904
-0.006891
-0.044601
-0.005668
-0.069227
-0.013519
-0.008480
-0.023240
-0.082317
-0.036225
-0.095729
-0.053866
-0.044381
-0.245129
-0.004897
-0.008878
-0.004259
-0.008702
-0.368876
-0.131803
-0.264701
-0.094851
-0.042829
-0.117541
-0.106652
-0.044792
-0.107585
-0.647015
-0.188150
-0.198743
-0.529483
-1.205481
-1.142335
-0.030673
-0.006092
-0.025446
-0.536356
-0.345314
-0.895537
-0.007524
-0.007786
-1.639337
-0.521620
-1.008903
-0.028088
-0.044124
-0.070904
-0.077372
-0.068195
-0.398916
-0.006907
-0.006845
-0.021608
-0.011145
-0.011390
-0.011354
-0.031542
-0.012182
-0.036099
-0.003779
-0.007700
-0.009519
-0.011186
-0.004988
-0.032182
-0.102038
-2.434162
-0.038847
-0.022593
-0.004694
-0.024689
-0.042875
-0.666516
-1.561139
-0.532010
-0.250491
-0.015011
-0.310359
-0.096371
-0.013196
-1.329079
-0.007132
-1.164689
-0.056138
-0.008592
-0.015346
-0.014258
-0.005254
-0.239325
-0.004356
-0.101028
-0.007312
-0.006297
-0.004719
-2.418585
-0.042541
-0.004000
-0.077171
-0.014076
-0.004170
-0.004469
-0.035864
-0.005987
-0.005667
-0.036863
-0.025779
-2.723856
-5.191373
-0.005935
-3.840931
-0.127525
-0.005271
-0.006863
-0.019052
-0.007821
-0.005280
-0.589186
-0.004793
-0.028964
-0.044362
-0.095355
-0.076841
-6.506991
-0.005005
-0.053596
-0.078787
-0.428079
-0.053280
-0.099826
-0.130043
-0.052160
-0.007833
-3.229970
-0.005040
-2.249926
-0.031147
-2.378524
-3.861607
-0.014147
-1.713671
-0.095675
-0.011192
-0.418368
-0.058074
-2.340139
-0.004238
-0.196184
-0.051952
-11.536295
-1372.608342
-0.091491
-0.115775
-0.014919
-0.008353
-0.192728
-0.112959
-0.020406
-0.036734
-0.020510
-0.032485
-1.519294
-0.185889
-0.005147
-0.936651
-0.201193
-2.838946
-0.018516
-0.171162
-0.785729
-0.018990
-0.064185
-0.603551
-0.006035
-0.106670
-0.020977
-0.008024
-1.834817
-0.212181
-0.005454
-0.099088
-0.143511
-0.018707
-0.018180
-0.060539
-0.325675
-0.392090
-0.011359
-0.006963
-0.214461
-0.004589
-0.007996
-613.404142
-206.280421
-748.582756
-274.119610
-238.592306
-759.051186
-292.316914
-147.599513
-79.219252
-14.142417
-1730.459400
-62.278572
-12.904357
-45.580530
-12.286891
-11.539653
-39.628660
-33.326887
-12.075422
-30.073816
-9.221963
-25.774131
-8.733912
-17.574105
-8.830124
-8.013899
-7.059373
-9.492005
-6.476291
-5.755935
-5.347926
-5.102859
-4.833872
-4.265075
-4.156853
-4.316248
-2.915654
-2.384575
-3.645905
-3.197421
-1.943555
-2.916830
-2.844449
-2.474123
-3.547550
-1.714666
-1.480776
-1.876475
-1.271323
-1.243900
-1.201529
-1.972758
-1.060436
-1.109887
-0.603000
-1.816010
-0.695725
-0.815642
-1.774063
-0.795495
-0.680102
-0.775139
-1.133271
-0.395814
-1.003584
-0.789804
-0.718624
-1.654218
-0.445241
-0.596258
-0.581142
-0.663727
-0.591067
-0.437280
-0.587852
-0.411085
-0.399115
-1.133271
-0.656957
-0.565335
-0.367746
-0.607695
-0.576644
-0.576882
-0.576671
-0.579801
-0.575297
-0.587267
-0.377988
-0.588813
-0.300775
-0.569887
-0.537579
-0.998687
-0.662480
-0.282894
-0.461439
-0.305010
-0.209007
-0.226959
-0.477050
-0.202194
-0.235697
-0.436849
-0.159572
-0.437902
-0.453591
-0.184252
-0.201408
-0.382878
-0.389171
-0.375795
-0.232033
-0.367569
-0.391741
-0.390009
-0.150547
-0.353641
-0.178943
-0.338787
-0.160421
-0.194375
-0.185047
-0.174691
-0.326368
-0.338444
-0.259597
-0.187566
-0.095785
-0.103326
-0.105576
-0.123823
-0.106699
-0.111713
-0.137512
-0.082537
-0.096428
-0.137637
-0.149652
-0.126291
-0.102312
-0.100051
-0.117832
-0.073564
-0.110514
-0.082988
-0.067933
-0.142160
-0.103702
-0.066231
-0.174136
-0.085725
-0.058154
-0.051101
-0.165152
-0.081177
-0.093366
-0.107081
-0.094910
-0.080184
-0.103375
-0.069848
-0.146594
-0.075131
-0.109822
-0.053321
-0.050512
-0.071285
-0.073617
-0.038328
-0.074241
-0.068710
-0.048033
-0.093500
-0.063905
-0.055663
-0.057682
-0.045037
-0.048501
-0.026146
-0.133396
-0.078715
-0.176423
-0.034882
-0.071109
-0.116862
-0.024559
-0.250736
-0.122904
-0.028113
-0.096450
-0.031476
-0.058363
-0.020084
-0.165074
-0.056740
-0.041721
-0.029981
-0.032933
-0.063335
-0.035210
-0.176030
-0.090967
-0.047070
-0.089612
-0.032480
-0.029996
-0.027848
-0.291931
-0.013213
-0.021477
-0.096455
-0.060073
-0.023886
-0.015226
-0.023957
-0.008055
-0.022640
-0.014185
-0.083703
-0.098250
-0.066235
-0.029200
-0.023195
-0.032363
-0.039281
-0.057662
-0.033699
-0.029142
-0.020652
-0.049878
-0.056723
-0.019322
-0.009646
-0.027631
-0.020174
-0.051263
-0.137786
-0.015563
-0.020822
-0.040610
-0.075476
-0.076327
-0.070335
-0.031174
-0.053113
-0.192851
-0.069672
-0.033909
-0.183524
-0.007129
-0.027904
-0.034550
-0.013218
-0.180189
-0.042804
-0.180099
-0.153304
-0.137037
-0.124389
-0.338374
-0.109975
-0.090882
-0.197952
-0.009346
-0.102118
-0.106446
-0.358394
-0.087726
-0.090893
-0.196244
-0.054895
-0.005783
-0.121267
-0.067111
-0.022951
-0.084592
-0.011109
-0.066867
-0.292752
-0.066055
-0.282363
-0.059093
-0.230486
-0.095946
-0.332661
-0.054259
-0.022446
-0.005489
-0.021762
-0.033301
-0.129528
-0.026851
-0.012454
-0.026895
-0.007611
-0.008601
-0.111778
-0.056155
-0.130207
-0.004318
-0.027819
-0.051699
-0.007483
-0.005490
-0.026318
-0.008246
-0.054668
-0.051928
-0.006932
-0.235795
-0.577497
-0.005615
-0.394874
-0.004126
-0.149680
-0.030345
-0.019596
-0.027240
-0.671870
-0.038536
-0.095584
-0.006830
-0.012983
-0.008655
-0.062374
-0.005470
-0.007264
-0.004878
-0.147038
-0.013960
-0.004562
-0.037527
-0.018342
-0.042849
-0.009509
-0.029176
-0.060907
-0.010623
-0.005534
-0.005406
-0.022800
-0.111225
-0.060356
-0.009374
-0.014029
-0.745413
-0.009854
-0.111482
-0.146752
-0.006277
-0.302101
-0.727616
-0.025798
-0.281587
-0.191721
-0.746227
-0.008918
-0.571541
-0.668888
-0.061000
-0.219233
-0.008024
-0.123763
-0.004229
-0.632895
-0.004234
-0.194323
-1.094450
-0.004678
-0.281894
-0.444438
-0.007857
-2.114674
-0.176006
-0.155247
-0.215002
-0.005142
-0.343159
-0.394567
-0.005033
-0.327603
-0.094352
-0.051964
-0.130509
-0.006729
-0.126708
-0.009631
-0.532534
-0.144162
-0.012424
-0.037148
-0.060443
-0.178865
-0.073928
-0.036391
-0.005678
-0.020334
-0.102266
-0.005040
-218.010767
-1315.165109
-1170.109198
-417.209356
-519.192235
-1343.945229
-1243.447534
-539.255238
-503.885527
-829.134022
-451.709062
-445.425231
-215.411469
-442.067527
-213.641779
-180.344026
-434.043463
-418.885014
-409.860875
-402.854630
-407.517878
-163.025884
-93.268858
-79.196838
-72.434094
-65.169068
-63.789231
-62.866016
-42.345265
-37.937082
-30.897564
-28.479059
-33.582380
-27.850129
-27.157917
-18.059817
-17.018728
-13.215174
-11.609525
-10.407743
-10.592846
-9.965527
-12.277497
-8.457642
-8.579799
-8.501246
-8.391457
-8.152118
-7.126897
-5.731802
-8.196490
-4.053477
-4.108504
-4.226941
-3.848416
-3.685473
-3.715237
-3.740707
-3.732974
-3.644334
-3.926412
-3.701056
-3.569271
-3.478425
-3.338375
-3.343868
-3.319003
-3.305802
-3.293076
-3.305101
-2.990839
-3.250931
-3.238003
-3.228879
-2.665758
-2.607572
-2.562603
-2.606036
-3.213966
-2.597096
-3.214276
-2.602977
-2.597391
-3.214353
-2.564753
-2.484711
-3.204277
-2.314815
-2.269755
-2.261071
-2.262147
-2.266620
-3.142402
-2.261230
-2.260188
-2.260671
-3.154443
-2.260739
-3.134199
-2.261031
-2.195713
-2.126526
-2.046895
-1.947502
-1.914892
-1.897571
-1.901467
-1.936383
-1.865481
-1.760018
-1.698753
-1.656596
-1.649566
-1.646979
-1.592201
-1.532614
-1.649564
-1.441253
-1.609068
-1.420152
-1.400157
-1.368892
-1.371700
-1.360045
-1.364471
-1.330168
-1.281488
-1.260561
-1.272241
-1.259439
-1.279820
-1.264695
-1.232904
-1.218611
-1.209951
-1.205354
-1.211781
-1.202755
-1.207842
-1.191660
-1.179011
-1.174918
-1.169587
-1.203048
-1.165208
-1.160862
-1.160225
-1.166561
-1.166809
-1.167020
-1.161549
-1.161590
-1.158918
-1.158862
-1.159684
-1.159515
-1.171952
-1.158739
-1.158788
-1.158799
-1.158573
-1.158244
-1.158084
-1.158357
-1.157845
-1.157998
-1.157768
-1.157845
-1.159163
-1.157661
-1.157832
-1.157931
-1.158500
-1.162869
-1.159336
-1.158529
-1.164447
-1.161833
-1.171919
-1.162718
-1.159798
-1.167719
-1.160448
-1.173611
-1.160962
-1.162945
-1.162484
-1.161744
-1.162915
-1.163359
-1.160412
-1.165123
-1.160906
-1.160330
-1.158733
-1.160008
-1.161527
-1.161753
-1.161157
-1.165595
-1.161563
-1.161568
-1.165022
-1.165242
-1.165350
-1.165841
-1.165334
-1.164213
-1.164229
-1.166966
-1.164172
-1.163268
-1.164213
-1.164223
-1.164229
-1.164213
-1.164229
-1.157269
-1.164172
-1.165841
-1.164229
-1.164224
-1.164245
-1.164172
-1.164229
-1.164223
-1.164242
-1.164229
-1.164172
-1.164224
-1.165350
-1.164224
-1.164229
-1.165789
-1.164245
-1.164229
-1.163181
-1.164229
-1.164229
-1.163238
-1.164223
-1.142784
-1.144444
-1.134314
-1.128491
-1.137611
-1.170588
-1.136294
-1.129729
-1.129852
-1.126198
-1.145507
-1.125736
-1.122040
-1.125469
-1.175754
-1.128791
-1.121916
-1.121490
-1.153921
-1.119898
-1.125488
-1.123556
-1.125301
-1.129789
-1.131607
-1.245283
-1.118376
-1.117815
-1.185926
-1.157473
-1.119027
-1.118046
-0.848448
-0.856302
-0.853814
-0.844652
-0.848530
-0.888765
-0.689225
-0.693423
-0.690605
-0.685344
-0.662475
-0.686362
-0.601363
-0.563754
-0.547730
-0.573038
-0.530110
-0.559660
-0.542264
-0.477884
-0.554291
-0.469289
-0.484494
-0.459668
-0.458821
-0.431084
-0.428696
-0.407914
-0.378839
-0.383963
-0.366183
-0.453894
-0.391649
-0.430359
-0.381381
-0.350928
-0.323847
-0.311708
-0.317539
-0.339035
-0.318418
-0.345170
-0.329122
-0.307074
-0.368250
-0.325108
-0.298621
-0.356350
-0.324979
-0.292088
-0.303575
-0.298571
-0.317770
-0.293496
-0.297279
-0.292654
-0.291005
-0.293945
-0.289907
-0.310671
-0.288434
-0.293470
-0.314532
-0.295123
-0.290802
-0.290481
-0.290496
-0.291358
-0.309131
-0.287419
-0.287498
-0.285675
-0.284529
-0.285025
-0.287532
-0.285373
-0.308467
-0.341101
-0.423597
-0.307853
-0.307589
-0.439466
-0.370127
-0.352605
-0.415943
-0.394578
-0.376478
-0.292784
-0.338243
-0.295713
-0.306132
-0.282995
-0.299776
-0.399862
-0.294561
-0.317053
-0.306240
-0.327308
-0.326906
-0.335958
-0.386820
-0.395324
-0.286858
-0.329391
-0.342812
-0.326253
-0.293291
-0.282428
-0.377776
-0.305655
-0.292784
-0.346812
-0.297839
-0.283959
-0.299288
-0.306341
-0.282758
-0.328634
-0.285868
-0.283091
-0.283360
-0.286112
-0.352073
-0.294184
-0.287247
-0.283274
-0.298485
