-2198.997888
-2669.435097
-2463.588841
-2149.734772
-2199.132059
-2563.843913
-2409.190783
-1949.019414
-1927.808180
-2352.210142
-2280.260879
-1926.492262
-1866.590484
-2348.509380
-2003.065368
-1897.885812
-1886.096365
-1733.423537
-2285.935324
-1914.355788
-1877.577525
-1632.205560
-1436.441837
-1315.329740
-1314.795961
-2275.412319
-2275.473212
-1311.514049
-837.531625
-879.227049
-849.791853
-1914.233989
-2997.464487
-958.313014
-1914.416681
-2632.569902
-1914.355788
-1914.262320
-2109.897610
-2306.210175
-2184.392991
-1981.816838
-1914.355788
-1845.394614
-1889.213540
-2275.229626
-1785.360279
-1847.408196
-2000.516391
-1660.212930
-1789.872521
-1841.664384
-1725.113114
-2208.012162
-1744.215659
-1768.388222
-1660.331220
-1755.533028
-1808.035652
-1612.281553
-1449.799069
-1792.011733
-1815.933648
-1759.176796
-2041.739698
-1715.547233
-1553.481938
-1578.001845
-1670.103053
-2636.407956
-1684.538158
-2253.191677
-2599.546105
-2396.482416
-1755.850809
-2856.704171
-1953.975320
-1162.057499
-1742.661855
-1125.824740
-1583.502536
-2271.486771
-1716.759725
-1710.268447
-1584.814212
-1692.618991
-2383.936301
-2211.747549
-1507.622529
-2578.483790
-2413.286689
-1487.647729
-1475.382113
-1441.069679
-1904.801184
-2026.610089
-2181.417548
-2400.202321
-2150.819864
-2752.232722
-2019.665140
-1979.171319
-2081.167955
-2340.386790
-1682.575296
-1683.731857
-2382.806883
-2510.794331
-2151.038768
-2814.971864
-1238.449826
-1269.830972
-1910.691540
-1801.206989
-1056.851465
-1075.393791
-1407.903473
-2046.118466
-1239.094557
-1177.727454
-1715.414581
-1926.681580
-2275.452915
-2229.804597
-2341.851361
-1419.858796
-1419.858836
-1489.041949
-1561.394906
-1385.985834
-1450.107185
-1694.196006
-1478.220839
-1562.511593
-1916.804276
-1688.025607
-1081.272868
-1708.457039
-1414.939068
-1608.892428
-1848.797895
-2275.487193
-1841.192642
-1212.176225
-1340.991183
-1226.289827
-1403.064243
-1666.130007
-1635.818028
-1595.822961
-2334.075691
-2581.744168
-1321.698852
-1381.613041
-1329.015878
-1329.186532
-1856.133275
-1208.345910
-1811.999255
-1737.095055
-1483.028967
-1749.865060
-1770.710305
-1737.670201
-1733.124193
-1316.415493
-1716.750704
-1807.051823
-1316.455356
-1789.901046
-1682.575302
-1879.039614
-1279.331508
-1535.646179
-1781.082334
-1077.758352
-1316.416319
-1316.416969
-1078.693045
-1799.252668
-1071.500495
-1711.881794
-1804.411038
-2130.581295
-1316.502717
-2690.740172
-1906.268689
-1316.431036
-1796.473949
-2225.317853
-1316.535085
-1316.514787
-1337.641961
-1071.347038
-1784.897111
-1810.437839
-1071.365426
-1880.872886
-1748.484044
-2385.554419
-2140.291607
-2117.681018
-2213.494229
-1073.258745
-1989.114572
-1205.901417
-1212.012541
-1355.468657
-2561.456303
-1197.793290
-1486.637156
-1486.539716
-1438.760182
-1191.529370
-1293.239552
-1489.426296
-1491.905097
-1164.134414
-1457.879679
-1491.965985
-1095.181675
-2627.389532
-2293.704478
-2446.563574
-1873.221510
-2344.067466
-1812.004058
-1865.692831
-1970.698569
-1804.747786
-1793.417101
-1070.862094
-2382.806959
-2130.140154
-1812.920150
-1875.173527
-2038.772126
-1471.691920
-1956.743461
-1629.651907
-1614.444178
-1466.560389
-1586.183448
-2129.856564
-1779.915664
-2597.956646
-1895.729181
-1785.977202
-1970.224348
-1775.658911
-1857.540617
-1900.306079
-1898.746852
-2178.746861
-2458.677545
-1919.306788
-1743.265177
-1931.436427
-2181.748408
-1775.702856
-2178.001491
-1060.651839
-1964.542935
-2531.124615
-1682.575256
-1065.012822
-1721.341320
-2074.447609
-1870.548728
-2232.993671
-1484.638891
-2198.539182
-1661.652567
-1473.521391
-1637.597135
-1777.274937
-1735.953148
-1871.391114
-1943.835936
-2829.012661
-2041.002413
-2335.050406
-2162.827334
-1995.573398
-2151.056865
-2111.905050
-1750.276361
-1978.082326
-1747.616248
-1941.615906
-2081.670953
-2782.794825
-1633.263041
-1596.991940
-2114.445674
-2663.795606
-1465.876417
-1361.714801
-1407.109151
-1020.074320
-1187.380585
-1290.623556
-1440.788185
-1477.900855
-1463.091767
-1711.617868
-2146.075427
-2113.565089
-2080.893567
-1575.479361
-1987.995293
-2108.667192
-1987.066168
-1999.062454
-2377.825511
-2228.653587
-2043.753573
-2257.760240
-1985.599964
-1976.084943
-1879.140219
-1933.237809
-1964.349854
-2468.468490
-1750.726729
-1899.037600
-2275.503654
-2296.019694
-2277.985848
-2018.090178
-2075.531741
-2343.696547
-2318.604642
-1869.702857
-1828.471251
-1327.018244
-1316.502377
-1462.708582
-1547.310785
-1978.226127
-1839.553333
-1521.133342
-2002.313306
-1576.195864
-1750.196683
-2004.680756
-1827.707237
-1539.216863
-1913.075777
-1772.834600
-1856.937941
-1703.169918
-1721.576834
-1654.980404
-1755.766009
-1699.015703
-1696.785164
-1693.459466
-1163.738634
-1758.481414
-1794.384048
-1724.978312
-1619.841229
-1630.290348
-1609.752884
-1370.150897
-1389.130528
-1349.127361
-1332.663410
-1461.986597
-1750.462844
-1979.810243
-1540.539140
-1588.069162
-1551.998212
-2182.225394
-2522.926237
-1252.335508
-1848.797895
-1540.914696
-1850.568515
-1469.831784
-1403.886417
-1829.680473
-1857.813066
-2270.885380
-2228.733024
-1841.210128
-1932.148010
-1425.112443
-1587.871902
-2037.852684
-2132.855261
-2322.260962
-1998.675812
-1941.370170
-1428.418400
-1548.155676
-1386.996008
-1550.845909
-2101.520354
-2192.814226
-2126.582913
-1850.536368
-2523.708061
-1757.184012
-2664.057715
-1618.908046
-2752.074819
-2342.032260
-2293.230920
-1737.350832
-1901.733852
-1650.912710
-1338.632487
-1350.699710
-1954.863394
-1356.343369
-1356.509513
-1499.055899
-1582.852623
-1529.175108
-1426.832632
-1631.175516
-1531.872294
-1976.502945
-2274.681448
-1497.065246
-1876.163719
-2931.000496
-1842.657549
-1410.403628
-1554.899668
-1646.055581
-1914.416681
-1455.406802
-1448.554733
-1266.762586
-2217.494702
-1200.193574
-2162.815422
-2524.566517
-1914.538469
-2275.351425
-1553.969122
-1530.762926
-1465.356580
-1916.792993
-2819.636745
-2614.446141
-1914.051195
-2274.681448
-1341.703762
-1325.738282
-1428.700240
-2274.681448
-1789.284782
-1841.983534
-1677.608072
-1677.593810
-2275.412319
-1428.700240
-1683.081314
-2226.813725
-1891.457808
-2146.579133
-1914.315193
-2174.832388
-1985.896784
-1914.234000
-2325.473647
-1986.717844
-2151.062909
-2254.797349
-2275.412319
-2023.815433
-2368.348226
-2118.239062
-2151.030541
-2274.681448
-1925.064266
-1940.527420
-2387.757959
-1742.591811
-1914.622948
-2428.015864
-2629.279021
-2203.576980
-1682.642848
-1686.038346
-1785.549935
-1710.988719
-1543.645994
-2542.855451
-2037.938941
-2151.595192
-2241.072612
-2041.002413
-2636.042571
-1782.022086
-1986.136300
-1921.992213
-2275.473212
-1755.384222
-1654.738821
-2626.473663
-1966.031913
-1682.575256
-1914.315193
-1923.695961
-1921.737286
-1949.199729
-2221.240687
-1982.478250
-1830.572759
-2102.404704
-1872.608251
-2685.758543
-1833.851987
-1960.989180
-2158.743928
-1667.788245
-1359.554787
-1204.569093
-2150.567947
-1975.015313
-2271.827598
-2683.402994
-1891.936807
-2105.960589
-1267.901691
-1457.333163
-1336.860299
-1622.292506
-1373.002859
-1176.005393
-1950.698957
-1578.958502
-2016.711730
-1200.593340
-1956.763171
-2163.670374
-1376.693086
-2284.436591
-2146.077931
-1415.433322
-1981.970033
-1551.156331
-1780.643853
-1536.663847
-2029.166007
-1293.692891
-1060.556351
-2045.695974
-1050.518525
-1544.167223
-1755.098487
-942.994050
-768.348502
-1875.557624
-967.588333
-1909.410430
-891.353215
-781.319044
-763.123209
-764.778196
-1293.692891
-1310.559468
-1609.501539
-1443.568737
-1293.692891
-1841.726404
-1835.700676
-1944.790323
-929.392391
-1854.066867
-1122.926463
-1786.100084
-817.126149
-2063.775372
-2403.520162
-852.165914
-1641.010909
-1759.534191
-1022.826467
-1870.351281
-1870.421197
-1885.175110
-1931.984406
-1802.229351
-1734.367300
-1888.664092
-1121.446513
-1152.293842
-1807.942302
-1760.277257
-1755.164807
-1241.584893
-1188.492677
-1655.929838
-1665.150594
-1368.945955
-1354.082616
-1613.952226
-1990.668044
-2671.809305
-1914.233989
-1907.776623
-1507.120015
-1686.484560
-2152.522606
-2044.303578
-2115.442526
-1701.830406
-2147.656006
-1349.893504
-1573.449392
-1392.152669
-2275.503617
-1806.138551
-1875.173515
-2270.521530
-1904.266969
-1940.603196
-1565.309067
-1538.556595
-1565.916722
-1759.853481
-1754.624634
-2393.226175
-2743.984289
-1988.683604
-1690.951966
-1822.075551
-1771.844850
-2280.485105
-1677.598564
-2024.378456
-1356.995668
-1914.325341
-1922.180480
-2208.302444
-1975.771844
-1919.306823
-1985.647525
-1498.874921
-2189.264039
-2012.163521
-2293.757814
-2507.252489
-1927.005196
-2389.180285
-2281.583522
-1324.034431
-1189.811871
-1324.034431
-1436.097604
-1305.161829
-1497.020192
-1831.260351
-1818.379151
-2029.397965
-1658.713668
-2087.036243
-1818.350056
-1870.433380
-1875.111692
-2502.172617
-2280.485105
-2203.179632
-1341.493237
-1264.285152
-1324.214381
-820.087558
-757.610567
-1081.173681
-1106.420695
-1278.496829
-2285.028205
-2011.254729
-1534.352419
-1193.368180
-1336.399329
-1316.418723
-891.336800
-844.607610
-1316.616276
-1321.397041
-1316.652488
-1321.620419
-2364.805073
-1255.135696
-1745.481834
-868.281223
-1503.270414
-1376.383327
-766.160315
-727.550598
-1005.845360
-2343.655122
-1336.662600
-1981.735661
-2193.163862
-1612.580266
-2160.581420
-2442.885304
-1853.635421
-1914.325313
-1872.250199
-1672.612363
-1853.635421
-1891.190416
-1853.635421
-1974.074898
-1885.013722
-1809.792400
-1929.374359
-1894.105561
-1677.594487
-1677.636597
-1677.605329
-1818.088928
-1961.590380
-1908.148200
-1819.774237
-2073.657551
-1802.040595
-1864.077186
-1948.509819
-2562.446856
-1876.000120
-1870.371530
-1677.593735
-1677.597649
-1677.601306
-1782.859493
-1909.343895
-1678.201298
-2082.548760
-2006.024305
-2459.863189
-1914.325354
-1111.561427
-1436.319178
-1826.012185
-1850.953033
-1344.940507
-1989.377800
-1676.857936
-1318.224780
-1468.436301
-1314.785631
-1328.640585
-1314.814468
-1314.753876
-1248.278823
-1570.290509
-1314.794268
-1314.814619
-2313.456860
-2628.670189
-1316.397998
-1102.537039
-2464.718614
-786.005208
-2300.437852
-1950.384095
-2214.226900
-2343.655131
-1406.691483
-796.776129
-2241.689730
-2246.158451
-1551.590726
-1403.837777
-1676.664642
-1296.264129
-1169.041229
-1972.728314
-1950.000185
-1262.800766
-853.940199
-878.480465
-1138.882281
-1693.087744
-1022.925389
-1364.913899
-877.679987
-788.556944
-1440.966102
-1956.763171
-632.931678
-1066.623991
-1129.272615
-593.476160
-1874.840650
-1882.951070
-812.397443
-1456.506929
-1497.570130
-1963.104149
-2259.105040
-2065.135335
-2650.378256
-1112.926041
-1397.494112
-2333.236558
-1561.178639
-1701.278389
-2204.781507
-2174.570902
-1113.070840
-1238.858884
-1192.981597
-1052.911573
-1180.125348
-1403.315332
-1197.563568
-1358.586089
-1380.226294
-1710.994271
-1496.913168
-1502.750168
-1914.294894
-1981.816838
-1553.421044
-1509.657289
-1730.849403
-1914.477575
-1914.233989
-922.741105
-2208.148225
-1495.923415
-2006.839178
-1012.670081
-1553.299257
-922.023484
-2038.826443
-928.915111
-1746.173864
-2271.390567
-845.171679
-2038.778162
-1538.436749
-1673.148756
-2014.626922
-2636.468850
-1811.807492
-2038.778162
-2146.055322
-1486.679047
-1789.921343
-1192.425407
-1212.561657
-1382.586668
-2346.522077
-2309.214967
-2477.941992
-1914.233989
-2275.595011
-1548.843945
-1790.043131
-573.184673
-2619.390435
-1914.326469
-2151.116126
-2116.306160
-2203.561255
-2382.790026
-2150.977874
-2108.204621
-1449.286709
-1505.578260
-1970.801879
-2275.473212
-1445.870368
-2635.859878
-932.324684
-1874.982069
-1479.620061
-1321.896753
-1553.603737
-1892.043737
-2177.065772
-2215.461269
-2322.743641
-1914.321959
-1909.345776
-1272.720566
-1665.575091
-1255.207960
-1409.182617
-1259.326674
-1389.348329
-2377.605977
-2043.780571
-2372.533594
-2512.059088
-1503.109491
-1420.236002
-2335.065945
-2151.069674
-1844.809866
-1919.270755
-1525.548727
-2997.525381
-1593.130374
-1734.536613
-1426.317536
-1640.147894
-2603.172476
-2295.544209
-2336.418546
-1914.328724
-2155.394032
-2022.005254
-1313.736546
-1251.128499
-1362.434923
-1562.559625
-1482.898341
-1716.390594
-1649.787064
-1297.665208
-1996.181602
-1330.733101
-2045.218680
-1524.407788
-2194.370450
-1397.757342
-1826.475021
-1427.621610
-2231.713807
-1800.743815
-530.105395
-484.659252
-579.846302
-1452.213781
-610.148708
-677.266311
-2199.682719
-591.156541
-417.682392
-1682.575581
-2096.114375
-498.878983
-611.225817
-1682.582270
-1728.871426
-2043.046356
-2180.951258
-1757.760938
-2887.632261
-2198.251322
-477.702703
-1677.595841
-2216.448013
-463.794202
-336.890252
-2021.629061
-1440.867002
-2272.056417
-1414.900717
-1746.343129
-2677.646053
-340.666048
-2377.822897
-335.855151
-2253.803947
-1295.163113
-1254.766158
-1600.516767
-1590.752499
-2592.680092
-1598.036993
-1852.886272
-1807.486311
-2259.943786
-2624.962169
-2107.275390
-335.906130
-1756.057789
-1553.170705
-2022.495788
-1789.878557
-1553.170705
-1553.218065
-1936.435340
-1553.197768
-1575.382859
-1677.653119
-2675.832656
-1680.917037
-1672.527368
-1229.827069
-1265.768563
-1683.081314
-1728.751051
-1204.569093
-1176.747229
-1285.539845
-1290.547078
-2044.483194
-336.945435
-1256.813473
-2402.806870
-1578.929893
-2045.254245
-1809.454082
-1828.544372
-2170.548205
-335.727664
-335.702880
-335.705401
-336.687288
-341.476703
-336.304532
-335.835541
-1198.613659
-1351.001560
-1165.866883
-1171.049510
-1216.905842
-335.670023
-1352.078361
-2171.639399
-1924.495642
-1059.590483
-1106.211584
-1095.865084
-1831.858403
-368.249827
-335.641980
-2343.655111
-1983.063709
-451.371857
-1998.436480
-335.741331
-2327.034631
-2181.817489
-2098.684892
-1127.032530
-337.059553
-451.371857
-337.128737
-335.632899
-336.046385
-1822.442429
-2024.724436
-1812.003487
-1673.965029
-1677.594338
-1961.089994
-2275.503670
-336.418650
-2252.157801
-335.628629
-335.622546
-335.613244
-2129.508380
-405.522909
-1732.096162
-335.602199
-335.603388
-1958.288626
-335.726727
-1914.325341
-345.566225
-2083.511286
-335.601219
-335.592138
-1233.973828
-1733.704872
-1664.736702
-1914.325343
-1798.306620
-1794.383292
-1637.556112
-1802.040595
-2138.380656
-1741.350679
-1969.257104
-1834.326824
-2048.604619
-1815.109727
-1926.802690
-1897.303752
-2092.718378
-1383.113885
-2027.900492
-1629.468848
-2037.343436
-1539.377434
-1841.344315
-1295.598192
-1368.945940
-1368.360655
-2401.933132
-1315.812578
-1722.004842
-1750.726729
-2048.735017
-2361.412788
-345.566225
-335.583702
-1295.481448
-3170.335586
-2063.950549
-1295.166981
-1914.325341
-2214.957658
-563.785655
-2054.131318
-1661.619361
-1274.563786
-1295.172642
-1845.586622
-1413.237517
-1206.172103
-1882.225252
-338.797701
-1544.585786
-339.716550
-1746.332360
-391.373843
-481.632482
-1295.172843
-2151.056876
-481.697839
-1875.775832
-1354.334642
-1742.108421
-481.696482
-1471.778674
-481.676422
-1384.043215
-1599.855752
-2178.465079
-2196.530424
-1682.575256
-1742.108423
-2129.069269
-481.677247
-2013.198863
-1664.309826
-1689.182752
-2106.629698
-1069.890540
-2688.873999
-486.066667
-483.241789
-481.840863
-483.204896
-495.592501
-482.248403
-1984.219433
-482.323344
-481.777049
-481.580929
-645.206804
-526.341006
-481.932664
-481.745026
-482.208161
-486.294308
-1763.696118
-481.890630
-486.111006
-482.088507
-1975.015971
-483.116502
-1812.133424
-483.066856
-481.678158
-645.206804
-526.341006
-1932.343323
-481.600142
-481.594305
-482.092790
-645.064917
-481.486514
-495.409198
-481.438420
-499.826349
-541.756237
-499.826349
-481.825663
-481.334700
-481.386152
-495.409198
-1581.829846
-1561.407669
-1738.114661
-481.339161
-2101.734747
-1324.277606
-956.596651
-487.583233
-2177.424637
-1392.538441
-1863.039296
-1926.501173
-2428.410628
-3014.870444
-2284.308448
-1559.393794
-2149.080540
-1669.451422
-2712.693507
-1786.437842
-1522.112143
-1891.154216
-1864.820808
-1980.888491
-1631.795838
-1582.697587
-1005.807566
-1153.069053
-1156.351862
-1139.164632
-1248.887214
-1541.154696
-2357.191480
-1776.037608
-1845.407191
-2096.110209
-2275.229626
-1953.476767
-2163.916069
-1532.077124
-1560.425100
-1834.099762
-1914.416681
-1914.477575
-2038.851126
-2730.196577
-1747.488101
-1466.048451
-2385.137377
-2275.412319
-1872.236108
-2275.534106
-1490.588600
-1570.668908
-1652.687848
-1524.761538
-1659.123377
-1354.706984
-1273.895854
-1345.817371
-1876.837413
-2275.412319
-1483.423725
-1752.613464
-1218.062316
-1784.890408
-2339.227538
-1652.237710
-1626.767300
-1216.625526
-2387.787705
-1339.174552
-1914.416681
-1914.355788
-2089.141128
-2233.910793
-1389.561877
-2032.830009
-1834.159746
-1914.599374
-2207.350631
-1914.416681
-1919.432350
-2512.034405
-1939.780815
-2533.485886
-1891.403461
-1365.914287
-1389.664936
-1363.092620
-1356.749509
-2161.658346
-2075.865406
-2330.545595
-2197.821327
-2085.572704
-1201.016084
-1201.825426
-1471.643553
-1914.335490
-1725.004844
-1717.886979
-2092.460404
-1891.457808
-1789.982237
-1610.940705
-1627.575210
-1665.958933
-2275.412319
-2075.852364
-1785.012196
-1722.458923
-1995.090574
-1841.282191
-1834.730249
-1862.095835
-1887.610738
-1697.983125
-1587.839735
-2137.961153
-1158.075834
-2919.460670
-1939.577567
-1635.658986
-2196.331320
-1793.346584
-1192.911924
-1663.916527
-2043.215925
-2399.947945
-1677.978937
-1682.534299
-1678.201298
-1313.295785
-3492.599264
-2137.684446
-2279.476210
-1204.982941
-2406.651777
-1697.112106
-1876.491067
-2636.590637
-1311.872405
-1231.871762
-2222.764713
-2446.550276
-2210.398040
-2146.075345
-2327.098614
-2209.900037
-1667.716295
-1356.353563
-2463.827302
-1930.752445
-1431.241541
-1524.953606
-2331.979064
-1641.558591
-1334.300457
-1981.939348
-1768.021902
-2184.256465
-1446.643829
-1270.074944
-956.296165
-1933.345024
-1258.493144
-2287.361507
-1550.994690
-1816.799578
-1853.879712
-1036.279734
-2495.635859
-1233.973828
-2244.943640
-1619.440996
-2060.454610
-1784.897203
-2380.362578
-2173.178917
-1881.143820
-1926.776264
-1872.757971
-1481.525410
-1796.961954
-1783.601819
-1916.663160
-1707.167048
-2021.512856
-1729.077324
-1812.534474
-2331.734564
-824.466261
-2146.081449
-1801.103359
-1877.494766
-2016.645076
-1759.066219
-2382.793009
-1754.552230
-2139.114127
-1657.279850
-1629.493562
-1813.422085
-1746.327276
-1786.432480
-1754.434745
-1855.005016
-1840.322712
-1909.343893
-1674.560301
-1968.985246
-2232.382029
-1390.773313
-971.256794
-1984.879127
-1833.375199
-1839.301995
-1791.271103
-1646.257563
-2053.560865
-809.255895
-2203.282306
-1781.753196
-804.345784
-1812.817796
-2284.919121
-1492.956117
-1638.597606
-1549.590071
-1565.242959
-2096.742621
-1846.662545
-809.745962
-808.413148
-2062.758457
-1721.372286
-1707.376963
-1717.317618
-2572.798147
-1656.609871
-1773.566586
-1421.476759
-1830.593123
-2166.300162
-1967.702907
-2015.151938
-2197.197653
-1987.827611
-1674.204867
-2151.056873
-1344.575926
-2062.333367
-2021.609919
-2199.470454
-2038.766091
-1761.124679
-1622.383327
-1935.371511
-1610.773610
-1807.555652
-1334.613812
-1617.984123
-1630.245888
-1279.316436
-1521.507234
-1568.515283
-2112.232774
-2275.412319
-1450.550071
-1580.257664
-1717.452850
-1262.835319
-1790.745328
-1758.703864
-1595.437052
-2020.435019
-1355.567320
-1704.430762
-1355.568092
-1355.589286
-1227.354874
-1355.673813
-1248.684943
-1356.343163
-1204.080131
-1220.872939
-1851.941798
-956.950630
-2340.337599
-1426.278016
-1393.086894
-803.107211
-2347.342330
-2755.723157
-1795.605689
-2158.016171
-1800.039358
-1325.305755
-1510.676765
-1750.014442
-1527.453024
-1326.534791
-1326.105080
-2181.135825
-1604.461227
-1579.791509
-1244.228015
-1731.980030
-1852.570910
-1334.220656
-1451.766546
-1507.981509
-1462.759244
-1570.345541
-2116.374786
-2257.449148
-1159.400799
-1527.347734
-905.328245
-2215.513618
-873.484429
-2098.685931
-1036.394163
-745.631778
-595.689158
-1145.726594
-1801.576780
-2213.287972
-932.706302
-1802.040648
-1879.192109
-2056.304914
-1832.382669
-926.142782
-2043.753572
-2381.925872
-2507.253686
-1978.108731
-803.864114
-1436.117124
-1376.427708
-1606.628739
-588.195306
-2532.625437
-1768.615421
-585.881570
-1087.040045
-1715.547813
-1978.082533
-575.602321
-1795.994331
-1762.806326
-1733.616172
-2159.468042
-1971.551852
-1695.263675
-2150.998173
-1228.399683
-1136.594174
-1914.325340
-1944.226282
-2085.625447
-902.491349
-1262.547724
-971.874075
-578.308443
-920.374812
-739.100357
-1254.549720
-766.370008
-574.690533
-1228.991451
-574.590951
-795.794172
-802.766374
-1363.128423
-1597.443130
-774.499571
-574.563889
-574.381400
-1069.702730
-1086.517668
-862.404492
-1551.254603
-1547.689756
-1991.100489
-1755.200960
-574.280461
-574.149704
-574.102101
-1241.284586
-903.735941
-1025.277993
-698.642511
-928.333022
-574.077168
-1708.339456
-1163.479845
-574.062083
-862.649452
-699.634699
-757.459255
-573.999119
-740.062388
-1955.477693
-574.007886
-721.522500
-690.623204
-2779.202516
-2602.629166
-2040.532966
-2321.387580
-1874.781581
-2078.432144
-1455.298800
-2370.585458
-2321.543223
-2248.222217
-2011.586206
-1454.035129
-1492.768333
-1446.606577
-2004.175683
-1859.821705
-2317.279336
-1761.029584
-1313.749145
-1362.499272
-1322.119463
-1444.427282
-1373.959440
-1513.331580
-1269.673084
-1231.154130
-1383.240430
-1577.039707
-1203.548646
-1346.960084
-1914.416681
-1507.205388
-1494.394869
-1603.773540
-2389.532528
-2275.534106
-2262.032269
-1382.968211
-2345.775799
-2275.229626
-2154.533891
-2997.525381
-2210.564435
-1915.147552
-2118.239062
-2209.769229
-1793.346584
-1963.507785
-1778.770214
-2050.041948
-1444.964946
-1395.749697
-1373.973215
-1929.711078
-1291.308534
-1238.625775
-2236.203142
-2038.851126
-2353.196628
-1981.816838
-2149.940615
-1344.789656
-1281.503069
-1701.443196
-1970.245385
-2435.553443
-2757.748241
-2402.189659
-1688.025607
-1800.908117
-2011.890761
-2510.427812
-2063.469689
-1677.593812
-1909.348545
-1224.084138
-1964.439602
-2111.769442
-1193.887048
-2562.005113
-1961.082747
-1914.355788
-1608.639765
-1541.687848
-2171.927693
-2104.289171
-2376.763642
-1833.397296
-2016.655856
-2146.074683
-1885.881615
-1677.065314
-1682.675093
-1749.326260
-2144.403219
-2440.502740
-2395.623613
-2387.943001
-1789.892819
-1763.464127
-1734.354064
-1680.858969
-1795.439573
-1784.897137
-2914.612434
-2279.355410
-2355.224435
-1953.478182
-1758.381223
-1745.285164
-1897.676849
-2044.362109
-2145.527796
-2158.421376
-1974.403977
-2035.953678
-1660.097046
-2194.053342
-2112.706090
-2169.393045
-1920.353314
-2038.917329
-2308.475120
-2635.859878
-2146.075427
-1747.214727
-1748.374912
-1739.066612
-2115.008449
-1453.226704
-2303.712602
-2072.942892
-1853.779343
-2012.404363
-2071.743867
-1323.688001
-1396.508929
-1802.040571
-1611.027318
-1733.153670
-1636.256351
-1959.571220
-2373.010827
-2220.803735
-1429.797849
-1414.739397
-1391.220812
-2631.658592
-1869.507817
-1766.422935
-1515.433192
-2689.024604
-1716.631985
-1558.904538
-1682.586554
-1560.549979
-1802.949807
-1322.511936
-2288.855463
-2380.970927
-1325.389654
-1359.356033
-1665.941040
-2034.008151
-1665.262483
-1676.038873
-1431.080291
-1299.660838
-1613.464848
-2045.909893
-1575.382859
-2547.121924
-2568.530488
-1640.873223
-1433.946706
-1555.512034
-1854.662169
-1999.424443
-1560.515870
-2819.636745
-1967.726159
-1178.698721
-2491.882223
-1088.131444
-1336.387839
-2015.550320
-2008.198917
-1748.582415
-2001.656051
-1702.363670
-2220.652846
-1755.060989
-1633.887629
-1769.551963
-2032.293996
-1694.737313
-1685.975431
-2003.666212
-2309.674039
-1486.786539
-2146.833191
-1482.750576
-1668.126017
-1612.360789
-1748.603902
-1744.002220
-1506.533660
-1425.904586
-1846.144527
-1354.388466
-1369.745795
-1480.095795
-1382.874316
-1525.650482
-1929.378852
-1356.230146
-1673.215953
-1692.019472
-1798.117670
-1994.404797
-1540.593503
-2118.239062
-2289.616731
-1012.789130
-2164.125918
-1566.235634
-1531.894522
-2023.718191
-1999.141869
-1116.947173
-2141.680817
-2276.924739
-1772.393326
-1682.426982
-2399.599896
-2309.484598
-1420.946886
-1484.383416
-1697.889369
-1869.828282
-1969.256650
-1700.819074
-1730.371705
-1782.329058
-1803.409985
-1637.690093
-1241.084590
-1852.407160
-2211.715283
-2189.258614
-2231.972702
-1648.021173
-2539.007039
-2211.384462
-1406.697724
-1969.317075
-1928.816454
-1965.660412
-1944.260791
-2317.406611
-2605.749792
-1445.843738
-1500.199323
-2153.651871
-1616.535023
-1307.491174
-1323.706263
-2275.595011
-2126.187504
-1883.510967
-1813.927265
-1804.190536
-1823.572760
-1865.087470
-1581.363261
-1598.069581
-1683.387779
-1612.627976
-1760.615286
-1904.046923
-1373.040689
-1905.114479
-1912.995470
-1625.490278
-1227.643654
-1694.450890
-1255.105413
-1525.439340
-2152.522606
-1970.542070
-1802.789350
-2011.270277
-1495.676367
-1505.406869
-1455.239059
-1467.089270
-1687.775311
-2404.929386
-1354.843397
-1589.148252
-1441.760990
-1853.935432
-1590.918962
-1812.003569
-2282.404881
-1535.904914
-1550.339124
-1556.381949
-2492.262465
-2188.251761
-2309.394914
-1564.342881
-2274.681448
-1496.866740
-2405.652403
-1468.809739
-1128.435094
-1317.383294
-1425.047649
-2638.974068
-1333.211125
-1301.810893
-1389.898884
-1478.147529
-2038.772129
-1969.422250
-1971.666060
-1687.764120
-1262.655866
-1559.489015
-1747.854424
-1265.002594
-1414.877655
-2218.062988
-1578.887833
-1637.745806
-1962.605635
-2576.301173
-1981.657647
-1953.854636
-2007.805753
-2180.884888
-2179.829492
-1314.602459
-1402.092951
-2026.703437
-1800.668356
-2041.755946
-2122.152440
-1807.305611
-2409.433153
-1958.071798
-2043.753573
-2507.253737
-1561.659089
-1979.550763
-1273.217862
-1306.642994
-1845.865473
-2271.390567
-1951.537359
-2451.689190
-2223.335145
-2270.522206
-2118.239062
-1802.040594
-1851.551603
-2133.231711
-2223.782104
-2008.246607
-1993.584955
-2274.997613
-2573.707546
-2351.828481
-1755.289805
-1901.882343
-1724.207195
-1852.558455
-2123.873187
-2920.170765
-2649.828177
-2122.920209
-2378.405380
-1966.644515
-2432.943083
-2284.098984
-1620.082968
-2330.667409
-1459.542482
-1619.199289
-2198.317061
-1619.199289
-1201.162413
-1574.019774
-1778.832914
-1471.350055
-2632.054384
-2404.992361
-1203.316281
-1701.803278
-1964.924410
-2202.494112
-2937.299653
-2348.785975
-2286.624159
-1667.238207
-2353.194238
-1909.400505
-1365.958006
-1119.794423
-1205.062201
-1124.492350
-1137.874714
-1195.578019
-807.916129
-1330.756904
-1247.243630
-1771.331032
-1173.524415
-1553.299257
-1704.459114
-1230.327764
-1159.109584
-1148.294066
-1062.706938
-2469.264698
-1179.775828
-1179.775827
-1360.649974
-2275.046934
-1181.646120
-1244.663411
-1914.782066
-1970.474326
-1553.360150
-1911.856672
-1779.127827
-1915.147552
-2117.648960
-2034.164959
-1935.167714
-2028.278065
-1914.355788
-2281.552692
-1849.810834
-1656.106118
-2392.336790
-1576.251794
-2055.152446
-2630.924462
-1561.307018
-1060.739974
-1326.534791
-1288.952895
-1311.175105
-1074.313457
-1205.300719
-1122.745785
-2016.552022
-1324.286065
-1323.307084
-2242.247207
-1252.668038
-1267.513431
-1609.522933
-2014.590811
-2322.117035
-2635.311700
-1914.233989
-1817.895109
-1931.528957
-2599.546105
-2091.148513
-2224.073461
-681.253097
-1919.306827
-1755.621513
-1976.837355
-1555.613657
-2382.803999
-1888.474253
-1568.088020
-1834.850620
-1494.249776
-1654.788842
-2760.878612
-1951.537359
-1692.955337
-1870.003713
-2273.036007
-1949.504885
-1326.673965
-1495.054288
-2027.237382
-2440.478958
-2266.749561
-2351.689930
-1682.575256
-1617.684852
-1612.809102
-1608.959899
-1750.726917
-1452.019749
-1515.193605
-1440.862283
-1469.998026
-1778.505970
-1518.805580
-1494.525168
-1547.465426
-1615.657196
-1816.060054
-2205.254867
-1912.102330
-2629.063037
-1622.496902
-1792.575102
-1546.390293
-1592.127945
-1540.895725
-1591.696642
-1638.956297
-1568.715690
-1583.941265
-1646.770384
-1941.339349
-2388.127389
-1566.261161
-1508.648125
-1891.457808
-1694.196006
-1819.810943
-1954.798293
-1840.994244
-1628.665033
-1606.425063
-1912.174137
-1626.609359
-1642.415684
-1724.553449
-1806.984139
-2131.021931
-2207.940841
-1138.033454
-2177.457878
-1619.199045
-1602.602732
-1638.164002
-2596.235852
-1583.938225
-1736.666642
-2560.561280
-1911.142854
-2251.305030
-2148.558521
-1582.665120
-1645.808905
-2510.101842
-1949.816828
-2019.638639
-2146.156413
-1675.625916
-2040.306038
-2270.834457
-1887.902068
-1635.835565
-1576.173825
-1988.656857
-1789.878556
-1906.706418
-1515.693437
-2037.879230
-1629.284693
-1757.401854
-1902.587099
-2163.744249
-1937.891534
-1530.596432
-1677.593891
-1702.925644
-1566.485573
-2094.246635
-1624.694613
-2264.678692
-2409.965580
-2601.804799
-1766.897106
-861.883327
-1887.939991
-1635.181012
-993.368517
-1392.783555
-1590.745514
-1590.074224
-1483.667832
-1472.419520
-1693.078077
-1695.383008
-1300.495072
-2038.887337
-1591.935633
-1755.201574
-1560.873881
-2019.500970
-1486.052822
-1607.777213
-1669.681673
-2275.624727
-2109.697499
-2217.511559
-1985.495940
-2766.128411
-1269.658198
-1789.780595
-1305.321411
-1400.005514
-1759.496687
-2506.868266
-1955.729438
-1395.273560
-1471.952586
-1557.948982
-2406.727226
-2112.951286
-2855.671051
-1909.720527
-2099.270620
-1941.536448
-2098.847416
-1664.414951
-2147.901201
-2080.252544
-2217.161642
-2146.255760
-1646.095438
-1722.090484
-1268.194646
-1504.597450
-1010.942805
-1127.942481
-1043.761391
-1062.867552
-1728.349431
-977.140882
-1655.365564
-1572.655247
-981.273027
-1758.364090
-1591.088240
-967.411082
-1506.534212
-1439.143379
-1965.240334
-1314.646885
-3333.056275
-1876.092183
-1619.689282
-1845.587031
-1678.586995
-2080.494355
-2439.076876
-1592.591017
-2024.408789
-1957.985502
-1670.866137
-1854.792176
-1670.129034
-1670.152099
-1670.112191
-1278.117199
-1440.865660
-1524.444454
-1075.492676
-1530.514497
-1714.709994
-1876.310107
-1861.941360
-1841.985776
-1962.827088
-1764.456341
-1806.957951
-2567.621651
-1813.878682
-1871.970267
-2043.631238
-1909.713509
-2005.965355
-1547.269842
-1483.728348
-1960.717411
-2038.772127
-1952.751619
-2144.656791
-2381.374820
-1914.325342
-1919.306786
-1607.523264
-2086.132666
-2294.911771
-2462.692646
-1908.826865
-2164.467269
-2146.075427
-1834.551217
-2062.320755
-2202.983107
-1838.301001
-1802.640616
-2161.176206
-2090.510873
-2357.161451
-2048.077185
-1410.709648
-1416.485773
-1359.261409
-1797.497495
-2012.185754
-1972.094627
-1891.624644
-1956.231127
-2165.365267
-2214.680100
-2338.133138
-1785.242377
-2403.158226
-1321.108562
-1377.552871
-1367.312236
-1286.152720
-1269.453112
-1130.600035
-1354.489717
-1180.946286
-1216.513818
-1123.551687
-2795.037858
-1784.897118
-1682.575261
-1753.191136
-1784.897110
-1854.281475
-1121.897307
-1132.743176
-1135.346399
-1682.575450
-1293.692891
-1774.150999
-2439.102266
-2636.678593
-1684.788251
-1682.576035
-1786.481174
-1917.151494
-1675.569493
-1919.307109
-2180.154030
-1966.716561
-1420.365432
-1686.412749
-1875.173522
-2038.772107
-1419.438705
-1430.183719
-1784.897117
-1881.359268
-1612.762544
-2018.981769
-1919.306788
-2081.161808
-2307.405207
-1949.939891
-1981.124032
-1865.649585
-1682.588043
-2259.568091
-1921.455501
-1806.559961
-1919.306788
-1692.170603
-1429.433087
-1778.462397
-1958.110290
-1807.022041
-1799.246002
-2130.911504
-2453.309121
-1362.065490
-658.813721
-909.618069
-616.537170
-625.818794
-575.599257
-579.358102
-549.171645
-558.166237
-546.200579
-540.642081
-545.347459
-1106.069938
-537.098281
-1242.452464
-2344.860982
-2201.483176
-1920.347891
-1951.986390
-1805.617708
-2604.534285
-1743.547236
-2752.792693
-2051.777388
-2461.394386
-1399.492404
-1187.737079
-1135.099898
-1049.126937
-1233.412452
-1174.447168
-1480.075286
-2276.325983
-1281.460469
-2261.366105
-1292.036411
-1914.416681
-2636.407956
-1553.177469
-1805.240765
-1599.479882
-1042.443036
-2636.529743
-1343.030961
-1421.554515
-1543.728138
-2274.681448
-1525.213132
-1682.846090
-1844.539514
-2122.311308
-1789.860450
-1565.243784
-1532.976513
-1180.136243
-1349.858313
-1501.942134
-2336.040135
-2479.387002
-2275.229626
-2387.754116
-2195.211459
-1397.775077
-1687.583568
-1914.599374
-1914.294894
-1921.737286
-2387.558363
-2235.295003
-1872.835821
-1988.657287
-2742.065716
-1195.428809
-2237.598504
-1553.786429
-2220.994566
-1206.918529
-1185.768643
-1185.647574
-1185.330689
-1019.079749
-1185.430840
-1026.005560
-1302.931142
-1553.969122
-1598.058860
-2151.018471
-1597.961762
-1376.961615
-1355.501093
-2233.821402
-1904.552673
-1715.547233
-2095.757140
-2026.558207
-2273.314367
-1912.357348
-1789.878560
-1734.112910
-2275.503645
-1785.012196
-1936.637323
-1853.655329
-1998.864578
-1732.763412
-2314.298738
-2118.539900
-1718.737560
-2012.404363
-2512.072348
-1715.547235
-1459.865317
-1784.897083
-1471.094655
-1507.467818
-1115.255180
-1696.065956
-1278.773542
-1304.357663
-1160.669248
-1909.344856
-2647.878168
-1769.448215
-1505.090516
-1612.367910
-1546.221406
-1789.878615
-1708.572621
-1761.680846
-1957.964876
-2100.025102
-1728.751051
-1914.326469
-2670.890502
-1677.697490
-1295.946921
-2151.056799
-961.493670
-1567.079648
-1750.604071
-1799.061441
-2044.087720
-1674.613124
-1689.298959
-1609.811099
-1684.043708
-2192.586014
-1993.078458
-1683.313739
-1309.467962
-2199.094617
-1737.512857
-1344.667258
-1875.173602
-2050.970806
-1748.496659
-2031.295063
-1910.755643
-1585.349643
-1595.778377
-1586.678666
-1659.199395
-2010.166522
-1704.920302
-1914.327221
-1241.349994
-941.696708
-1141.335744
-1862.865499
-979.292097
-939.445408
-914.884518
-2442.830340
-1967.877969
-1915.890279
-1880.618385
-2191.700758
-1904.573143
-1840.420189
-2153.190907
-2255.471642
-1672.741919
-2281.259635
-1838.357499
-1799.010257
-1982.476924
-1715.548156
-1778.434393
-2445.613341
-2283.914999
-1942.164093
-2689.796249
-2228.579801
-2269.781421
-3333.056275
-2140.826312
-2510.223943
-927.958140
-1807.362427
-1767.917269
-1719.664889
-2557.061976
-1507.710426
-1870.647078
-931.183368
-850.393415
-859.224018
-858.432180
-952.815180
-847.547027
-847.745497
-1844.039584
-2314.614000
-2044.090433
-1664.657051
-1711.724538
-1660.538347
-1660.818860
-1552.426869
-1672.612365
-1638.441982
-1988.322481
-1682.575273
-2796.312183
-2588.968278
-1329.015954
-1867.645363
-2146.683840
-1973.681323
-1683.000986
-1676.824728
-836.260586
-1044.284149
-1819.529847
-833.433909
-838.554304
-2077.920000
-1570.870967
-2165.104386
-838.325134
-884.360450
-853.666876
-1025.746584
-944.308827
-1861.634134
-840.296128
-915.308600
-2275.503635
-915.666241
-832.320699
-832.551706
-829.524786
-853.609920
-903.245947
-847.825941
-2430.730364
-1986.841705
-864.589818
-858.027071
-859.239582
-829.206247
-842.653797
-853.793222
-829.197525
-2619.390435
-829.197525
-903.193612
-2077.632494
-829.233178
-842.421781
-829.194452
-847.825941
-842.022001
-1825.208803
-2317.517113
-1671.954188
-903.335093
-841.781025
-829.416481
-1742.465486
-841.848324
-960.225437
-903.310091
-843.734452
-832.288678
-2273.036007
-1727.382649
-1753.155966
-1590.427030
-829.183658
-1652.716299
-829.173788
-1806.613968
-2270.155999
-1881.353364
-1695.202679
-902.962130
-914.992526
-1052.574807
-1817.383327
-1677.388379
-1630.837383
-1651.933379
-2056.478314
-1321.433001
-2624.081565
-1368.739994
-2641.660461
-3170.335586
-2062.631191
-1948.357228
-2437.121342
-2021.628643
-2507.131299
-1749.326260
-1099.341002
-1221.074042
-1221.268014
-1664.669372
-2017.234035
-1207.547497
-1212.346872
-1221.533374
-829.173788
-829.416481
-1856.791521
-2301.007740
-832.547245
-860.887835
-2007.805753
-2102.177463
-2346.680085
-1935.095340
-966.812436
-1301.556546
-1508.175898
-1152.538769
-1192.914267
-1206.958404
-2159.510803
-1374.088713
-834.056514
-829.194804
-1286.934690
-1238.059092
-1288.988621
-1158.999348
-1190.810766
-1103.796036
-1065.733764
-1222.402502
-1207.471567
-1080.075713
-1003.815690
-1097.111703
-1164.623199
-1746.332120
-1760.645423
-690.543915
-1020.159952
-1005.937797
-1008.680435
-1051.618754
-1010.691245
-979.424032
-653.799916
-927.239802
-968.863378
-1697.629898
-995.318971
-857.162735
-650.168952
-841.284411
-1769.474378
-836.248547
-792.321565
-2010.499075
-792.324803
-918.654874
-887.007266
-1248.688043
-1069.496536
-792.442201
-792.331420
-1806.587304
-2296.366405
-793.213120
-791.959139
-2210.870734
-2252.976318
-2506.280725
-829.194984
-650.079942
-792.800928
-790.476338
-896.486950
-1114.910604
-963.406358
-2308.403449
-2091.558440
-965.381415
-1007.823715
-832.260312
-1161.712923
-941.056407
-1746.909431
-1675.045111
-1598.664818
-953.993775
-1688.780716
-1988.442377
-1715.547240
-2322.260959
-811.934094
-2651.875569
-1571.646510
-2062.967148
-2017.056861
-1689.037380
-2033.243917
-1753.232025
-2093.433114
-1872.104205
-2418.408222
-1869.613634
-1562.871195
-1199.665251
-1746.747812
-1124.334269
-1785.355567
-1410.892739
-1023.557567
-883.578971
-1036.809959
-914.690645
-727.224846
-780.001487
-1914.416681
-1560.549979
-1830.895547
-2275.412319
-2275.534106
-1553.360150
-416.427786
-1805.519936
-1914.477575
-2634.215343
-1914.294894
-2399.367415
-1914.355788
-1350.513919
-1332.064311
-1364.221663
-1316.785536
-1321.400194
-1514.248269
-1936.637323
-1915.147552
-2253.191677
-1560.971893
-1508.838753
-2151.240254
-1931.450841
-2624.071445
-1790.189612
-2273.036007
-1560.765962
-1890.452212
-1867.604164
-2631.699406
-1323.369888
-1299.757763
-1361.522466
-1329.015877
-1350.778233
-1807.048685
-2589.910269
-1713.689246
-1805.617539
-1617.954487
-1660.568513
-1683.865373
-2036.130294
-1939.829460
-2215.971966
-1496.537824
-1892.529074
-2151.442095
-2066.918729
-1358.311941
-1382.531342
-1244.242288
-1248.100127
-1248.008432
-1256.917053
-2038.790232
-1273.710217
-1789.957554
-1691.876271
-1789.925186
-2380.689597
-1789.879532
-1814.776808
-1554.151814
-1760.761281
-1595.383901
-1468.812382
-1450.647471
-1192.205389
-1359.914215
-2038.373136
-2115.271555
-1969.821032
-1902.656782
-1306.544770
-1871.533716
-1223.153934
-2031.156330
-1718.127673
-1947.297492
-1690.228928
-1815.196508
-2387.788404
-1819.188187
-2146.069406
-2308.232435
-1703.827769
-2634.215343
-2025.786687
-1735.876918
-1172.261130
-1505.778349
-1543.991715
-1795.049231
-1635.817982
-1660.332540
-1929.627157
-1781.738705
-1826.457776
-2047.639067
-1796.037218
-1731.052702
-1727.692707
-1713.914428
-1672.612363
-1679.178979
-2118.163301
-2237.977450
-1744.215659
-1650.999368
-1316.431036
-1326.170476
-1600.256259
-1558.128491
-1523.575412
-1548.165578
-2172.151149
-2274.681448
-2063.201146
-1725.866319
-2895.444690
-2896.136109
-2173.181792
-2387.783561
-2208.012162
-2280.683052
-1684.039345
-1686.165630
-1782.193119
-1069.073428
-2075.146485
-1795.023900
-1135.882729
-1721.223293
-2061.263503
-1807.069109
-1953.477409
-2050.278051
-2040.334967
-1847.651203
-2861.140273
-1759.354161
-305.630073
-142.415333
-1521.626354
-1548.165610
-1548.329215
-1548.315810
-1586.191130
-1548.176994
-1806.697697
-1937.650578
-1151.859636
-1398.627419
-1140.608056
-1147.109295
-629.713510
-1492.085729
-1502.887317
-1548.189037
-1535.400067
-1400.744721
-2053.215887
-1741.462263
-2749.733852
-1550.391517
-2218.720877
-2102.975311
-1548.165579
-1506.036824
-1877.547334
-2742.072907
-1992.881771
-1914.599374
-2279.476210
-1437.470412
-2560.269830
-1654.459754
-1134.835079
-1384.129432
-1138.063870
-1138.433065
-1141.198516
-1255.740059
-1009.516827
-1182.808941
-1069.968295
-1669.794286
-1169.812697
-1185.419300
-1352.222082
-956.451152
-1238.305632
-2147.462357
-1211.157761
-1833.882389
-1334.482910
-2220.349310
-2145.345806
-2280.692507
-1979.999753
-1422.187352
-1519.965161
-1850.568478
-1131.389356
-1717.713397
-2226.354280
-1219.308778
-981.671163
-2143.756508
-1060.332845
-2077.916982
-1458.408607
-1473.676252
-155.120444
-1738.122443
-1866.797320
-308.840157
-1124.687468
-1205.599537
-1087.280656
-951.657149
-1045.005206
-1064.863154
-1135.413668
-937.814211
-921.052355
-945.712630
-856.094864
-2353.235343
-1988.656666
-2146.075400
-2153.815929
-2021.628643
-1966.064088
-2320.580259
-2193.515199
-1891.663806
-1085.671384
-1914.325371
-2087.530189
-1475.706389
-1682.295370
-1799.558718
-1650.048453
-1800.600769
-1687.175299
-2004.064650
-1677.593810
-1151.019880
-1972.166671
-1202.243637
-1135.481103
-1682.575290
-1183.683135
-1690.023673
-1008.728411
-1756.385439
-163.779202
-1326.711089
-1920.542967
-1746.930709
-988.937913
-1450.113559
-1171.814999
-1305.623455
-2003.348809
-1807.022697
-2557.201270
-2151.671064
-1869.589903
-1908.538799
-902.108733
-1849.951277
-1868.601395
-1797.579432
-1824.477412
-1988.807847
-1798.963103
-1915.872610
-2157.629186
-1902.302698
-2295.108243
-1938.988398
-1961.334295
-1911.707090
-2038.655831
-1074.430839
-905.632161
-1501.673769
-892.544385
-2377.825494
-2336.006745
-1919.306788
-1016.384704
-977.175011
-2031.695613
-1738.139742
-893.507294
-893.105133
-896.884112
-908.542859
-893.819093
-1936.964634
-893.230375
-893.058863
-890.632850
-2151.511774
-904.915885
-904.812565
-2283.508296
-906.446282
-2236.292976
-901.312846
-904.737042
-901.205221
-892.048722
-2210.521641
-2098.684880
-2390.518429
-1822.027547
-901.047921
-976.127271
-2038.772126
-1801.737149
-889.344976
-1663.219107
-889.060669
-904.125264
-1117.271489
-1844.847585
-1704.555201
-901.678679
-1304.789957
-1402.636880
-1617.889471
-923.045998
-1017.447563
-1629.560907
-1734.179330
-2136.349815
-1322.228546
-1256.421328
-1380.823366
-1762.594534
-2164.195398
-2228.529789
-2409.467349
-1602.485270
-951.888052
-1305.497101
-1500.775946
-1308.129403
-1348.122738
-1148.183353
-2101.844040
-1077.011255
-1227.193117
-1069.714134
-1082.290583
-1226.887163
-1302.810190
-1092.642605
-1144.672631
-1372.125157
-1568.809927
-985.903149
-1040.051848
-1074.386787
-973.725116
-2175.010970
-1677.593810
-1961.243408
-2275.503643
-2304.790996
-2677.942871
-2361.284111
-1531.910235
-1666.025035
-3082.086587
-1871.398641
-1596.421720
-2789.547386
-2291.242362
-1974.736589
-1756.643420
-1526.505138
-1781.173899
-1717.712609
-1830.924546
-1746.345299
-1910.149325
-1931.190050
-1630.055728
-1819.348961
-1675.667797
-2152.291718
-1843.500895
-1542.870775
-1505.873170
-1754.908374
-1924.555859
-1823.346821
-1895.520465
-2279.420846
-2584.646068
-2624.063700
-1750.703846
-1916.792993
-2155.617903
-1892.026708
-1936.637323
-1801.367684
-2314.117706
-2075.393998
-2997.647168
-2430.929702
-1256.608018
-1234.810455
-1298.344041
-2374.526153
-2275.412319
-1586.764319
-1211.907029
-1481.228355
-2268.091714
-2206.666206
-2268.091714
-1790.006919
-1539.307007
-1202.056185
-1246.182290
-1584.061190
-1115.496908
-1082.885653
-1150.008830
-1791.014749
-1737.106039
-1583.806065
-1709.993206
-1085.188911
-1056.164686
-1715.549250
-1725.408287
-1768.281213
-1654.415983
-1587.333023
-1353.687117
-1732.986175
-1914.416681
-2025.650397
-2487.031939
-2060.357287
-1840.078399
-2151.135872
-2434.207487
-2399.915884
-1667.182649
-2822.757956
-2692.977333
-2032.015973
-1641.616017
-1434.726779
-1735.344433
-1160.170824
-1669.857911
-2626.673742
-2038.752391
-1914.355788
-1781.238069
-2638.126329
-2401.104379
-1914.334209
-1884.349961
-1843.756704
-961.866718
-963.583017
-1516.047515
-2619.390435
-1970.246548
-912.855810
-1975.075961
-954.301304
-2449.828255
-1760.001356
-1488.348463
-1902.871475
-1758.136381
-1776.952443
-1717.070625
-1957.543271
-2090.037075
-2031.701954
-2689.050770
-1709.221398
-2427.872532
-1889.961108
-1654.651914
-1725.754887
-1765.801738
-1840.738652
-2064.972947
-1891.845382
-1900.680975
-2026.826557
-2375.522110
-2200.091675
-1728.751051
-2050.447915
-1686.007673
-2314.367129
-1805.627746
-2100.925273
-1806.834777
-1301.641333
-1902.663930
-1366.851521
-1134.620368
-923.601469
-1684.496595
-1477.117275
-917.705043
-1223.106018
-924.952017
-2560.126679
-897.772064
-911.336948
-766.920036
-2013.124748
-2009.228500
-1584.236113
-2263.323515
-2057.838021
-2211.733872
-1914.326022
-2561.689800
-2145.442762
-2424.671440
-2406.940950
-1750.726729
-1357.097605
-1386.385262
-1565.414138
-1329.643687
-2273.036007
-1460.419316
-1365.088263
-1657.836920
-2409.751834
-2202.348738
-1706.491416
-1792.493698
-1415.342604
-1619.916709
-2176.450972
-1426.998186
-2118.997416
-1684.159443
-1517.869107
-1674.242911
-2010.600366
-2231.492293
-2707.363272
-2362.771671
-2151.056650
-2091.144132
-1987.909483
-1679.509606
-1678.201298
-2111.085595
-2299.797053
-993.170145
-1826.324013
-1982.388735
-1642.506218
-1449.740401
-1677.593810
-1617.411138
-1642.685502
-1927.586965
-1833.919605
-977.993478
-2278.746494
-2468.100269
-2110.913655
-976.294174
-1805.977775
-1909.821726
-1841.318538
-1337.130896
-1893.780730
-1845.816595
-1758.912156
-1877.061669
-1579.649009
-1910.113181
-2349.056870
-1673.052358
-1778.561449
-2250.203470
-2156.114179
-2179.533173
-2302.834161
-985.474089
-832.684071
-959.581024
-985.313896
-1786.180460
-1113.688427
-2091.281592
-902.093069
-2015.884465
-1668.080236
-1620.887498
-1313.693346
-1199.938901
-1765.696354
-1280.848046
-1908.167863
-1199.275662
-1181.295486
-1188.955356
-1167.548891
-1830.822520
-1214.086876
-1169.904036
-1628.554167
-1603.696646
-1627.111322
-2014.308534
-1952.223766
-1793.607592
-1858.360974
-1840.797262
-1878.041559
-2164.740183
-1967.048222
-2289.527402
-2275.502531
-1841.232727
-2448.336290
-1677.596308
-1673.572827
-1933.153236
-2119.221723
-2048.735044
-2764.598829
-1683.589364
-1896.628053
-1914.325342
-2387.788429
-2338.330119
-1300.588625
-1477.652443
-1512.656108
-1154.560850
-1535.777173
-1763.216306
-1265.872500
-1548.480810
-1221.929567
-1980.512644
-1746.102123
-1262.733705
-1074.473716
-989.226090
-771.784811
-1596.679332
-712.010102
-745.912922
-820.422913
-1002.867344
-966.649244
-1771.097182
-559.235810
-1045.356693
-943.610817
-557.789512
-951.069043
-738.036993
-810.746784
-993.523439
-1320.195153
-527.483327
-805.626843
-516.987171
-533.907986
-639.181322
-517.386780
-1965.471288
-1230.530172
-517.494472
-518.735328
-805.596168
-514.042941
-1807.604666
-806.123766
-513.546913
-513.401908
-782.994641
-1267.253915
-1312.161702
-1106.863678
-1133.784591
-1796.304368
-513.356059
-1864.063604
-513.324070
-1421.425777
-513.723634
-513.311570
-1945.289907
-1396.896613
-1196.122577
-1501.643053
-513.322204
-1997.938112
-1290.999537
-1305.880869
-1669.011974
-513.321025
-1288.460610
-513.282581
-1802.040720
-513.299130
-2047.259913
-1695.397805
-2399.947965
-1310.096307
-2158.728829
-513.292859
-2382.806959
-1830.365548
-513.321918
-1984.623089
-513.284490
-1881.059066
-2139.675351
-513.297208
-513.296756
-514.165084
-513.295829
-638.479363
-513.307052
-1880.851630
-514.531689
-1655.468888
-1667.167750
-2253.375227
-513.304056
-513.414143
-514.531689
-636.479952
-2257.819988
-1911.551092
-513.284207
-513.285233
-2040.216319
-579.031871
-2158.488598
-1867.364146
-2237.550235
-2179.415069
-2385.319211
-1126.325191
-1410.993459
-1914.325342
-1831.612215
-2485.244529
-1856.930343
-1799.403103
-2336.971647
-1607.599097
-1434.617316
-2216.070096
-2408.923135
-1708.882700
-2602.670840
-849.299739
-2720.351764
-2442.112604
-2015.753880
-1279.632816
-1819.663554
-1958.907452
-858.492169
-928.064711
-726.836405
-1060.307189
-1439.539746
-1340.467145
-662.318568
-1100.856430
-963.434186
-981.389297
-659.445700
-2275.473212
-1175.858987
-2151.038768
-1209.418785
-2291.830784
-1569.155836
-2636.590637
-1091.502007
-1914.416681
-928.658680
-1575.382859
-2614.446141
-1936.637323
-1858.781752
-877.777104
-2038.771883
-1244.039170
-2275.473212
-1893.093217
-1553.238363
-879.546521
-1776.714006
-2125.322658
-1416.846479
-1193.338869
-891.563231
-1214.207098
-2273.036007
-2629.279021
-2038.798459
-2077.566735
-1881.921761
-2173.181594
-895.661183
-910.234869
-2295.670740
-1909.343495
-896.700744
-1480.014576
-1480.052255
-1473.119759
-1548.166196
-2265.050361
-2275.513807
-2146.055322
-2062.116958
-2085.480628
-1522.326816
-1902.581451
-2001.605027
-1991.016076
-1280.679343
-1983.034436
-1231.326616
-1759.750780
-3254.097913
-1004.760996
-2275.473212
-1083.393463
-927.589055
-990.140945
-1914.376085
-927.674491
-882.272875
-872.702221
-896.839506
-1123.913446
-988.418220
-854.333606
-1914.416681
-2618.777836
-2115.701276
-1982.846426
-1481.958567
-1758.018139
-2696.488257
-849.457641
-848.018890
-2608.179178
-851.844751
-2293.824910
-2116.306160
-2045.469378
-2201.594504
-2135.217966
-1911.897633
-1335.585738
-1353.676470
-1199.587646
-1927.580270
-1393.934606
-2486.839019
-1548.865657
-1560.517396
-2135.642697
-2209.182303
-2304.704130
-1725.363358
-2362.992255
-2437.903790
-1707.963236
-1714.761860
-1642.299192
-1599.155497
-1625.352471
-1645.479318
-1666.238101
-1674.721524
-1498.262433
-1912.181322
-1661.854228
-2077.390508
-1501.209770
-1442.677218
-2080.409785
-1778.824074
-2039.261053
-1238.739473
-1778.226400
-2466.895896
-981.313342
-1753.571510
-2280.822255
-986.703343
-979.638105
-1353.653701
-1156.691916
-1936.820926
-2113.439367
-2270.514811
-1717.713397
-1651.655706
-2306.837127
-1540.965167
-1636.870735
-1600.955785
-2255.825757
-1800.853295
-1968.190804
-1850.926025
-2194.856585
-2344.853381
-2005.506765
-2139.458926
-2432.639511
-2188.415539
-1589.976366
-1775.714332
-1753.868786
-1536.573919
-1535.791402
-1542.740276
-1607.543831
-1674.284455
-1373.956906
-1466.718726
-1503.273473
-1512.115029
-1223.932552
-1327.099840
-1165.644117
-1225.983480
-1106.232659
-1180.064424
-1214.528595
-2195.325149
-1351.106734
-1440.082681
-1242.843816
-1125.537361
-1466.252237
-893.011381
-1132.383133
-1110.423078
-1112.418383
-1544.138021
-1976.339927
-976.510223
-1818.468089
-1054.038072
-1914.325342
-1914.325430
-961.099775
-919.896671
-2546.592219
-2217.149089
-1046.913390
-1387.402595
-1771.683112
-2266.863662
-2100.565375
-2077.923947
-2270.079008
-1799.455072
-1220.284818
-2157.913128
-1158.012372
-1943.871864
-2089.602510
-1324.529305
-904.378211
-2056.576574
-1784.325022
-905.897698
-2433.980617
-900.830531
-1819.064395
-2203.637252
-706.853584
-1883.754370
-2140.548929
-1906.886901
-2038.360923
-519.356080
-2476.279390
-2831.713644
-2170.595398
-642.651977
-1505.377829
-2636.681928
-1229.048142
-1878.710860
-1807.384228
-1784.897111
-1159.327205
-1983.063652
-1946.493912
-904.077615
-1161.482637
-2223.596531
-1914.319577
-1204.569092
-517.607989
-1204.172527
-544.786419
-891.873616
-2161.550935
-1058.505232
-2073.552856
-903.092568
-463.026038
-2077.923953
-894.696668
-642.651977
-1611.307694
-1053.827207
-1194.931010
-918.760168
-1592.460257
-1450.855676
-1506.844716
-1445.066675
-1374.856438
-1626.507167
-958.960614
-771.055191
-972.667341
-752.267652
-1876.084795
-2982.357433
-1402.080675
-1517.884272
-1362.333408
-1159.484175
-1908.869249
-1844.156202
-2479.387002
-2493.639444
-1627.215174
-706.513725
-1614.630003
-2231.639387
-899.227488
-457.141840
-551.342095
-1200.694664
-706.853584
-661.099656
-1569.142245
-1564.642634
-1646.988729
-457.056162
-1501.367421
-1847.866445
-1561.308514
-1558.436158
-1570.332365
-1920.945786
-1208.772898
-1673.207340
-1670.839387
-1737.506819
-1715.784727
-893.832679
-456.934907
-809.809101
-551.823841
-1479.107589
-597.237909
-804.244324
-1738.132725
-1086.106480
-1789.883310
-507.241058
-1553.153159
-514.367542
-2024.839511
-2461.674940
-2791.101090
-1618.916943
-1714.173656
-1469.614664
-1466.078433
-1443.826395
-1472.304646
-1445.828025
-1530.092972
-1615.865924
-2069.320236
-1234.196339
-460.390757
-891.687292
-913.698371
-1617.359349
-2016.439791
-2057.703288
-461.168756
-2063.362297
-1104.872048
-2038.772128
-2519.840657
-996.438899
-706.853584
-891.449309
-1083.046853
-1513.287655
-1532.736925
-2035.255245
-1083.012151
-1192.174872
-1424.591471
-1416.258312
-1421.845560
-1494.991072
-2772.718492
-1599.042749
-1604.997446
-1417.012765
-1672.745000
-1479.864813
-1853.635490
-1655.470007
-2008.693175
-1559.743998
-1117.412399
-981.241831
-1192.174868
-2636.681973
-1535.734690
-1716.745637
-889.867198
-1717.156108
-1536.541447
-1539.452888
-2467.965270
-528.800380
-901.435990
-1798.048792
-891.806012
-468.858453
-1529.616884
-1083.010019
-1117.320212
-1085.106181
-1534.963946
-1683.832204
-1818.941056
-900.813182
