-35.021228
-20.474695
-22.542529
-18.051208
-55.855905
-50.575784
-6.662037
-39.925751
-94.470005
-33.314027
-18.780714
-5.554565
-4.651813
-4.864405
-4.629561
-4.892359
-3.415625
-1.929534
-1.028684
-0.682717
-0.562440
-0.754753
-0.878950
-0.272237
-0.233202
-0.111168
-0.024834
-0.128674
-0.077087
-0.199112
-0.098020
-0.066933
-0.037492
-0.175710
-0.238301
-0.407328
-0.261646
-0.224113
-0.306448
-0.020584
-0.437971
-0.401362
-0.795949
-0.187092
-0.285939
-0.258138
-0.180449
-0.073155
-0.823045
-1.011543
-0.354696
-0.282487
-0.401989
-0.569730
-0.753969
-1.806406
-0.105775
-0.390546
-0.386467
-0.061260
-2.109852
-0.051186
-2.065553
-0.067639
-0.065022
-0.006822
-0.069673
-11.084549
-0.340082
-0.026462
-124.966979
-0.029512
-0.059273
-0.049864
-0.007149
-0.007688
-0.015688
-0.504666
-0.008869
-0.472489
-0.090615
-0.002833
-0.887963
-0.003457
-0.010464
-0.003994
-0.011641
-114.142492
-0.000398
-0.001082
-0.003816
-0.004261
-0.001033
-0.004516
-0.000473
-0.000744
-0.000469
-0.001017
-0.000382
-0.004892
-0.000755
-0.000935
-0.000565
-0.000927
-93.278464
-0.004913
-0.000742
-0.000806
-0.001121
-0.003315
-0.000859
-0.001307
-0.000753
-0.004752
-0.001197
-117.116293
-0.000973
-0.000639
-0.000796
-0.000613
-0.001199
-0.001094
-0.002382
-0.000385
-0.000430
-0.001666
-0.000859
-0.000677
-0.000609
-0.000579
-0.000639
-0.000604
-0.000560
-0.000920
-100.179198
-0.000497
-0.000711
-0.001111
-0.001022
-0.001504
-1.178408
-0.000362
-0.000915
-0.000567
-0.000453
-0.000544
-86.008230
-0.000678
-0.000502
-0.001355
-0.000963
-0.000678
-0.000784
-0.000920
-0.000555
-0.001098
-0.000899
-0.000899
-0.000812
-112.482853
-0.000700
-0.000490
-0.000919
-0.000616
-0.000746
-0.000873
-0.000650
-0.000502
-0.000753
-0.000995
-0.000538
-0.000565
-0.000628
-0.000620
-0.000926
-0.000753
-0.000455
-0.000830
-0.000447
-117.116293
-0.000732
-0.000766
-0.000548
-0.000541
-0.000495
-0.000398
-0.000950
-0.001076
-0.000591
-0.000744
-0.000665
-0.000913
-0.000773
-0.001149
-100.530068
-0.518214
-0.000929
-0.000374
-0.000790
-0.316247
-0.000520
-0.670629
-0.000537
-0.003324
-0.000620
-0.000674
-0.000602
-0.000379
-0.000474
-0.000737
-0.000460
-0.000983
-1.082152
-0.000557
-0.000443
-0.001149
-0.000515
-80.246914
-0.000747
-0.000386
-0.000717
-0.000512
-0.001054
-0.000732
-0.000553
-0.000549
-0.000518
-0.000520
-0.000684
-104.649999
-0.000590
-0.000849
-0.000296
-0.000506
-0.000331
-0.000901
-0.000637
-0.000620
-0.000472
-0.000369
-0.000532
-0.000471
-0.000479
-0.000483
-0.000471
-100.801030
-0.335315
-0.001025
-0.000565
-0.000512
-0.000761
-0.000377
-1.915777
-0.000397
-0.000448
-0.000761
-0.000603
-0.000617
-0.000619
-0.000583
-0.000258
-0.000819
-0.000732
-0.000298
-0.000508
-0.000702
-0.001011
-119.524463
-0.000672
-0.000892
-0.000316
-0.000473
-0.000527
-0.000290
-0.000454
-0.000908
-0.000384
-0.000480
-0.000376
-0.000493
-0.000905
-115.912209
-0.000499
-0.000462
-0.000641
-0.000418
-0.000568
-0.000441
-0.000480
-0.067740
-0.000509
-0.000516
-0.005740
-0.000435
-0.000920
-0.000281
-0.000477
-0.000382
-0.000409
-0.000292
-0.000386
-0.000446
-0.000601
-112.482853
-0.000651
-0.000202
-0.000662
-0.000949
-0.000303
-0.000418
-0.000460
-0.000468
-0.000491
-0.000488
-0.000332
-0.000460
-0.000314
-0.000715
-0.000930
-0.000525
-0.000497
-0.000348
-0.000455
-0.000190
-0.000690
-0.000335
-124.748666
-0.000399
-0.001033
-0.000230
-0.582567
-0.000254
-0.000565
-0.000460
-0.000451
-0.000554
-0.000525
-0.000440
-0.000912
-0.000347
-0.000615
-0.000376
-0.000227
-0.000614
-0.000203
-0.000425
-0.000416
-0.000555
-0.000423
-0.001391
-0.000177
-0.000301
-0.000587
-0.000424
-0.433538
-119.524463
-0.000167
-0.000550
-0.000626
-0.548697
-0.000349
-0.000328
-0.000426
-0.000548
-0.000429
-0.000796
-0.000570
-0.000555
-0.000501
-0.000420
-0.000190
-0.000676
-0.000590
-0.061154
-0.000418
-2.369219
-0.000213
-0.000204
-0.000928
-0.000420
-0.000144
-0.000128
-0.000719
-0.000834
-0.000511
-0.000543
-0.000315
-0.000532
-1.783265
-0.000230
-0.000476
-0.000270
-0.000348
-0.000240
-0.000481
-0.000479
-0.000484
-0.001103
-0.000298
-0.000408
-28.775335
-62.242879
-21.253021
-29.105545
-56.297792
-41.880246
-44.462852
-52.672359
-60.355630
-20.372142
-24.411386
-20.757562
-22.767518
-16.161320
-13.463327
-12.405349
-11.118328
-8.829213
-6.284428
-4.940614
-3.922763
-3.029081
-2.322888
-2.715977
-1.713115
-1.167991
-0.766382
-0.380008
-0.436811
-0.344975
-0.167971
-0.116765
-0.074212
-0.042409
-0.016799
-0.027467
-0.094795
-0.056808
-0.063789
-0.007786
-0.240750
-0.296364
-0.619472
-0.510590
-0.289995
-0.356826
-0.382253
-0.569600
-0.811632
-0.474493
-0.411523
-0.369380
-0.544725
-0.635010
-0.446405
-0.315244
-0.386314
-0.405502
-0.290308
-0.239048
-0.308173
-0.312497
-0.229523
-0.064314
-0.057013
-0.071101
-0.160094
-0.064625
-0.832430
-0.280827
-0.084673
-0.092977
-0.056622
-3.530171
-0.065001
-0.029986
-0.041564
-0.002361
-0.053200
-0.070145
-0.309912
-1.759009
-0.010684
-0.012103
-0.010680
-4.234671
-0.010837
-0.009051
-0.006130
-124.995766
-0.557164
-0.071102
-0.002788
-0.002563
-0.004245
-0.000365
-0.005248
-0.000959
-0.000368
-0.000801
-0.000776
-0.001292
-0.009971
-0.000696
-0.000753
-0.001321
-102.699046
-0.002101
-0.001639
-0.001251
-0.003471
-0.000778
-0.000836
-0.001227
-0.000755
-0.002725
-0.000397
-0.002850
-0.000613
-0.000606
-77.955784
-0.000880
-0.005283
-0.000720
-0.000587
-0.000689
-0.000542
-0.000761
-0.000635
-0.000899
-0.000917
-0.001022
-0.001365
-0.000916
-0.000694
-0.000925
-0.001010
-0.000933
-0.000722
-0.000628
-0.001066
-0.000722
-0.000694
-124.987299
-0.001358
-0.777321
-0.001599
-0.000985
-0.000666
-0.000517
-0.000612
-0.000726
-0.000847
-0.000881
-0.000893
-0.000849
-0.000941
-0.000376
-3.292181
-0.000597
-109.053498
-0.000836
-0.000774
-0.000717
-0.000686
-0.000506
-0.000417
-0.000941
-0.000808
-0.000605
-0.001160
-0.000427
-0.000836
-0.000885
-0.000616
-0.000525
-2.360751
-0.000602
-0.000971
-73.083371
-0.000753
-0.000599
-0.000629
-0.000877
-0.000641
-0.000606
-0.000856
-0.000502
-0.000957
-112.482853
-0.001354
-0.000804
-0.000774
-0.000881
-0.000610
-0.000697
-0.000388
-0.000723
-0.000539
-0.000638
-0.000866
-0.000739
-0.000395
-0.000957
-0.001192
-0.000650
-0.000490
-102.663534
-0.000815
-0.000765
-0.000690
-0.001052
-0.000648
-0.000583
-0.000441
-0.000560
-0.000926
-0.000580
-0.000316
-0.000577
-0.000435
-0.000644
-0.000634
-0.000598
-0.000651
-0.000360
-0.000740
-123.565175
-0.052499
-0.000440
-0.000852
-0.000692
-0.000972
-0.000792
-0.000570
-0.000404
-0.000745
-0.000597
-0.001241
-0.000537
-0.000451
-0.000650
-109.053498
-0.000542
-0.000670
-0.000654
-0.001142
-0.000712
-0.000272
-0.000352
-0.000433
-0.000307
-0.000585
-0.000595
-0.000733
-0.000352
-0.005499
-0.000629
-0.000181
-0.000722
-0.000356
-0.000826
-0.000610
-0.000844
-61.728395
-0.000260
-0.364104
-0.000711
-0.000404
-0.000397
-0.000414
-0.000586
-0.000389
-0.000510
-0.000669
-0.000472
-0.000274
-0.000293
-0.000401
-0.000829
-0.000532
-0.000660
-0.000841
-0.000565
-0.000304
-0.000579
-0.000446
-0.000376
-0.000661
-0.000881
-0.000182
-0.000444
-1.290266
-0.001045
-1.280293
-0.000490
-124.246906
-0.000785
-0.000708
-0.000215
-0.000492
-0.890409
-0.000812
-0.000332
-0.000354
-0.000604
-0.000794
-0.000497
-0.000460
-0.000155
-0.001425
-0.000352
-0.000354
-0.000635
-0.958526
-124.520502
-0.000444
-0.000451
-0.000565
-0.000634
-0.000321
-0.000650
-0.000392
-0.000590
-0.000158
-0.000526
-0.000216
-0.000272
-0.000323
-0.000648
-0.000557
-0.000280
-0.000586
-0.000422
-0.000376
-0.000596
-0.000600
-0.000566
-0.000584
-0.000369
-0.001001
-0.000426
-0.000443
-0.000857
-0.000235
-0.000171
-0.000433
-0.000481
-0.000704
-2.404782
-0.000760
-0.000774
-0.000085
-0.000523
-0.000350
-0.000788
-98.765432
-0.000711
-0.000153
-0.716354
-0.000170
-0.001064
-0.000156
-0.000131
-0.000721
-0.000532
-0.000259
-0.000642
-0.000189
-0.000236
-0.000670
-0.000730
-0.000614
-0.000862
-0.000144
-0.000753
-0.000572
-0.000068
-0.000576
-0.000397
-0.000127
-0.000094
-0.000170
-28.037355
-0.001155
-0.000788
-0.000961
-124.520502
-0.000564
-0.000349
-0.000999
-0.000920
-0.000083
-0.000051
-0.000127
-0.000585
-0.000190
-0.000112
-0.000944
-0.000462
-38.142660
-28.719209
-71.421481
-77.654776
-73.440979
-51.158145
-55.758229
-55.118877
-52.793844
-71.711040
-24.292496
-23.179826
-22.274651
-21.743498
-20.821690
-17.872351
-12.965650
-9.832730
-7.211280
-6.697541
-6.231171
-6.372030
-5.802558
-4.725394
-3.451559
-2.115710
-1.548913
-1.374188
-1.365825
-1.286053
-0.782669
-0.505941
-0.410597
-0.344290
-0.201235
-0.061018
-0.105432
-0.129782
-0.051837
-0.033038
-0.043111
-0.017196
-0.013283
-0.009599
-0.240102
-0.280558
-0.298521
-0.167787
-0.318139
-0.384728
-0.323920
-0.374919
-0.364502
-0.444080
-0.447274
-0.260938
-0.752212
-0.547671
-0.525548
-0.303514
-0.498560
-0.233265
-0.351739
-0.168350
-0.311794
-0.328155
-0.588203
-0.065287
-0.049097
-0.131468
-0.200433
-0.076027
-1.502142
-0.024916
-1.228317
-0.048146
-0.917882
-1.407306
-0.043022
-0.048807
-0.274348
-0.076208
-0.088062
-1.798506
-0.070155
-1.500449
-0.003846
-0.016124
-0.007928
-0.024231
-0.071650
-0.016584
-0.008774
-0.002576
-0.003421
-1.798506
-0.005598
-0.003952
-0.004135
-0.000287
-2.591068
-2.277769
-2.423411
-0.000151
-0.004545
-0.005933
-0.000600
-0.000884
-1.935681
-1.832147
-1.718913
-0.002823
-0.000481
-0.002308
-0.001039
-0.002446
-0.000696
-100.183396
-0.002488
-0.000618
-0.000655
-3.764670
-2.088096
-0.001516
-0.001099
-0.000399
-0.004140
-0.000555
-0.000645
-0.000494
-0.000856
-124.966979
-0.000436
-0.000654
-0.001218
-0.001064
-0.001030
-0.000538
-0.000911
-0.000851
-0.000753
-0.000678
-0.000729
-2.194787
-0.000900
-1.813748
-0.005269
-0.000657
-0.000749
-124.966979
-0.000915
-0.000957
-0.000734
-0.001068
-0.001389
-0.000616
-0.000685
-0.000795
-0.001302
-0.000850
-0.000532
-0.000697
-0.001714
-0.000777
-0.000502
-124.931425
-0.004697
-0.001065
-0.000690
-0.000749
-0.000360
-0.000666
-0.000648
-0.000943
-0.000591
-0.000825
-0.000871
-0.000704
-0.000832
-0.000778
-0.000696
-0.000874
-0.000628
-100.530068
-0.000473
-0.000635
-0.000536
-0.000688
-0.000741
-0.000673
-0.000591
-0.000548
-0.000815
-0.000753
-0.000586
-0.000814
-6.325255
-0.249606
-0.000758
-0.000671
-124.885714
-0.000866
-0.000925
-0.000757
-0.000661
-0.000965
-0.000743
-0.000552
-0.000706
-0.000743
-0.000661
-0.000461
-0.000567
-0.000690
-0.000789
-0.000600
-0.000737
-0.000699
-0.000615
-0.000821
-6.035665
-96.128639
-0.000648
-0.000753
-0.000478
-0.000577
-0.000825
-0.000628
-0.000390
-0.000710
-0.000835
-0.000887
-90.123457
-0.000635
-0.000877
-0.000733
-0.426764
-0.000716
-0.000506
-0.000695
-0.000548
-0.000794
-0.000439
-0.000659
-0.001343
-0.000513
-0.000695
-0.000597
-0.000739
-0.000437
-0.000521
-0.000648
-0.000725
-0.000359
-0.000557
-0.000337
-0.000718
-0.000777
-0.000437
-0.000757
-124.840031
-0.000585
-0.000609
-0.000606
-0.000292
-0.000704
-0.000602
-0.000397
-0.004667
-0.000525
-0.807804
-0.000606
-1.806388
-0.000783
-0.001250
-0.000407
-0.000537
-0.000326
-0.000264
-0.000473
-5.624143
-0.000957
-0.000387
-0.000446
-0.000743
-0.000658
-0.000811
-0.000376
-0.000451
-0.000776
-0.000576
-0.000326
-0.000695
-105.331166
-0.000301
-0.000460
-0.000241
-0.000589
-0.000327
-0.000726
-0.000642
-0.000525
-0.000395
-0.000460
-0.000423
-0.000453
-0.000511
-0.000608
-0.000397
-0.000610
-0.000340
-0.000990
-0.000423
-0.000568
-0.000267
-0.000413
-105.624143
-0.000527
-0.000669
-0.000414
-0.000804
-0.000337
-0.000459
-0.000574
-0.000594
-0.000667
-0.003094
-0.000384
-0.000146
-0.000407
-5.410761
-0.001068
-0.000416
-0.000537
-81.481481
-0.000794
-0.000171
-0.000481
-0.000346
-0.000631
-0.000711
-0.000213
-0.000149
-0.000423
-0.000521
-0.000217
-0.000300
-0.000657
-0.000524
-0.000603
-0.000376
-0.000507
-0.000711
-0.000263
-0.000601
-0.000376
-0.000436
-64.197531
-3.322664
-0.000158
-0.001174
-0.000676
-0.000846
-115.912209
-0.655388
-0.000515
-0.001045
-0.000202
-0.000233
-0.000604
-0.000418
-0.000211
-0.000241
-0.000742
-0.000293
-0.000583
-0.000537
-0.000465
-0.000488
-0.000544
-0.000386
-0.000171
-0.000213
-0.000155
-0.000537
-0.000640
-0.000397
-0.000439
-0.000505
-0.000489
-0.000396
-0.000367
-0.000245
-0.000753
-0.000709
-0.000248
-0.000241
-0.000418
-0.000231
-0.000585
-59.165160
-31.531660
-25.308471
-14.419892
-16.061042
-55.038480
-19.566246
-36.883763
-43.746249
-28.477927
-75.551392
-12.129069
-7.960280
-5.583324
-5.106282
-4.152630
-3.290931
-3.853581
-2.384648
-1.845042
-2.001087
-1.175470
-0.895143
-0.608681
-0.405594
-0.127013
-0.344117
-0.223382
-0.134458
-0.085589
-0.126416
-0.027448
-0.062967
-0.229616
-0.125612
-0.034695
-0.310207
-0.225340
-0.182018
-0.441750
-0.240834
-0.363591
-0.396569
-0.437678
-1.082160
-0.380394
-0.956781
-0.522918
-0.792750
-0.176940
-0.494268
-0.050716
-0.824739
-1.554641
-0.567325
-0.377464
-0.454806
-0.306342
-2.211722
-0.077723
-0.060416
-0.104621
-0.436268
-0.107878
-0.065206
-0.110259
-0.019166
-0.107328
-0.074322
-0.396281
-0.017123
-0.006110
-115.029489
-0.011330
-0.063412
-0.017119
-0.047912
-0.046068
-0.006732
-0.020594
-0.002629
-0.006031
-0.003562
-0.006313
-2.256506
-0.744203
-0.002811
-0.002084
-119.524463
-0.000472
-0.003564
-0.008013
-0.009453
-0.000696
-0.000864
-0.003529
-0.000165
-0.002774
-0.000736
-0.000766
-0.005833
-0.000709
-0.000885
-3.891683
-0.000810
-102.768464
-0.002651
-0.000747
-0.000930
-0.000514
-0.000371
-0.000806
-0.000627
-0.001830
-0.000846
-0.001247
-0.001057
-0.001006
-0.001404
-0.000435
-0.000679
-0.000444
-0.000933
-124.916188
-0.000964
-0.000698
-0.000771
-0.000982
-0.005845
-0.001129
-0.000756
-0.000518
-0.000797
-0.000912
-0.000806
-0.000486
-0.000852
-0.000683
-0.000853
-0.000759
-0.000701
-0.003091
-9.601800
-124.246906
-0.000939
-0.000683
-0.000502
-0.000786
-0.000632
-0.000795
-0.000978
-0.001055
-0.000582
-0.731596
-2.456340
-0.001068
-0.000580
-0.000502
-0.000683
-0.000752
-0.000737
-123.973310
-0.001675
-0.000933
-0.000565
-0.000586
-0.000540
-0.007845
-0.000600
-0.000753
-0.000612
-0.000762
-0.000857
-0.000618
-0.000577
-0.000571
-0.000537
-0.000579
-0.000965
-102.194787
-0.000492
-0.000635
-0.001193
-0.000777
-0.001195
-0.000604
-0.000941
-0.000544
-0.000518
-0.000443
-0.000690
-0.000561
-98.765432
-0.000714
-0.000547
-0.000306
-0.000849
-0.000936
-0.000511
-0.000671
-0.000575
-0.000815
-0.001085
-0.000575
-0.000570
-0.000612
-0.000526
-0.000553
-0.000448
-0.000469
-96.021948
-0.228624
-0.000583
-0.000803
-0.000729
-0.000473
-0.000735
-0.000665
-0.560551
-0.000815
-0.000543
-0.000374
-0.000581
-0.000583
-112.482853
-0.054192
-0.000498
-0.000590
-0.000490
-0.000590
-0.000739
-0.000678
-0.000678
-0.000768
-0.000548
-0.000439
-0.000381
-0.000547
-0.000307
-0.005719
-0.000616
-0.000855
-0.000788
-0.000380
-0.000275
-0.000460
-0.000525
-0.000376
-0.000359
-96.921201
-0.281499
-0.000401
-0.000331
-0.000606
-0.000755
-0.000691
-0.000594
-0.000525
-0.000763
-0.000657
-2.741268
-0.002138
-0.000484
-2.973801
-0.000373
-0.000332
-118.320378
-0.000284
-0.000450
-0.000709
-0.000506
-0.000460
-0.000583
-0.000339
-0.001185
-0.000801
-0.000399
-0.000680
-0.000288
-0.000245
-0.000599
-0.000417
-0.000320
-0.000718
-0.000637
-0.000797
-0.000249
-0.000738
-0.000553
-0.000302
-0.000634
-0.000272
-0.000282
-0.655388
-0.000396
-0.000479
-0.000339
-0.000381
-0.000944
-0.000324
-0.000539
-0.000345
-0.000703
-0.000600
-0.000670
-0.000579
-0.000724
-0.000506
-0.000315
-124.246906
-0.000703
-0.000332
-0.000337
-0.000276
-0.000332
-0.000669
-0.000346
-0.000790
-0.000296
-0.000319
-0.000441
-0.000452
-0.000330
-0.000677
-0.000397
-0.000601
-0.000935
-0.000775
-0.000487
-0.655388
-0.000258
-0.000532
-0.000511
-0.000648
-0.000267
-5.349794
-0.000389
-0.000947
-0.000420
-0.000451
-0.000344
-0.000517
-0.000303
-0.000242
-0.000290
-0.000763
-0.000751
-0.000632
-0.000652
-26.191430
-0.000892
-0.000920
-0.000302
-0.000253
-0.000256
-0.000591
-0.000606
-0.000181
-0.000698
-0.000255
-0.000292
-0.000268
-0.000333
-0.000666
-0.000312
-0.000747
-49.806093
-124.990686
-0.000303
-0.000218
-0.000371
-0.000526
-0.001144
-0.000585
-0.000215
-0.782401
-0.000808
-0.000328
-0.000819
-0.000310
-0.000421
-0.000397
-0.001194
-0.000300
-0.000176
-0.000639
-0.000228
-0.000376
-0.000674
-0.000732
-0.084675
-0.000204
-96.128639
-0.000693
-0.000515
-0.000283
-0.000288
-0.000910
-0.000376
-0.000720
-30.913385
-33.962463
-62.800040
-27.962665
-21.292519
-43.161214
-9.222334
-36.794073
-50.943057
-63.806880
-42.254234
-9.480806
-9.691289
-10.533547
-6.434230
-4.961991
-5.282593
-3.802604
-2.529160
-2.399974
-1.711225
-1.192987
-1.133319
-0.730198
-0.471924
-0.258699
-0.133522
-0.079158
-0.048482
-0.120871
-0.020654
-0.137424
-0.020887
-0.444594
-0.138368
-0.184101
-0.140537
-0.145245
-0.122352
-0.133819
-0.396616
-0.427315
-0.922021
-0.191037
-0.342277
-0.036923
-0.372810
-0.640851
-0.400051
-0.325552
-0.158252
-0.194001
-0.252730
-1.342574
-0.393626
-0.467408
-1.917407
-1.339582
-2.050839
-0.511477
-0.347476
-0.242987
-0.066764
-0.045390
-0.320073
-0.046228
-0.051692
-0.042635
-0.378595
-0.010540
-0.652377
-0.022225
-11.775547
-3.946026
-0.561763
-0.038781
-0.040352
-0.003589
-124.702983
-0.017051
-0.035919
-0.009968
-0.533455
-0.002313
-0.011736
-0.010673
-0.001492
-0.077901
-0.004396
-0.004044
-0.002182
-0.001187
-0.467408
-0.001847
-0.000750
-0.003704
-0.005201
-102.729520
-0.000661
-0.001254
-0.000744
-0.000950
-0.001189
-0.006568
-0.001094
-0.003819
-0.001798
-0.003952
-0.000474
-124.794348
-0.001155
-0.000597
-0.000494
-0.426764
-0.000512
-0.002421
-0.000767
-0.000563
-0.000861
-0.001530
-0.000526
-0.001315
-0.000629
-0.000936
-0.000750
-0.000661
-117.116293
-0.000523
-0.001250
-0.001234
-0.000744
-0.000520
-0.000482
-0.000457
-0.001375
-0.031236
-0.001137
-0.000748
-0.000701
-0.000748
-0.000456
-115.912209
-0.001225
-0.001008
-0.000726
-0.000783
-0.000928
-0.000501
-0.000930
-0.000666
-0.000589
-0.000771
-0.000901
-0.000581
-0.000548
-0.000427
-0.000815
-0.000855
-2.375993
-0.001029
-122.340768
-0.000640
-0.001261
-0.000732
-0.000724
-0.002927
-0.000476
-0.000964
-0.000621
-0.000815
-0.000777
-0.000637
-0.000996
-0.000420
-0.001278
-0.000602
-0.000537
-0.000590
-0.000357
-0.000853
-98.015208
-0.792562
-0.000554
-0.000582
-0.000845
-0.000751
-0.000751
-0.000776
-0.000425
-0.000870
-0.000924
-0.000796
-0.000593
-0.000872
-0.000503
-0.655388
-61.728395
-0.000502
-0.000810
-0.000528
-0.000559
-0.000473
-0.000539
-0.000820
-0.000512
-0.000632
-0.000941
-0.000813
-0.000481
-0.000303
-0.000822
-0.000598
-0.000434
-0.000787
-0.000647
-0.000513
-105.556402
-0.000313
-0.000694
-0.000446
-0.000688
-0.000634
-0.000918
-0.000354
-0.001132
-0.000537
-0.000817
-0.000942
-0.000531
-0.000532
-0.007088
-0.000364
-0.000510
-124.840031
-0.000539
-0.000458
-0.000510
-0.000561
-0.000420
-0.000592
-0.000626
-0.000600
-0.000916
-0.000398
-0.000842
-0.000773
-0.000524
-0.000550
-0.000235
-0.587648
-1.144812
-1.642704
-0.000481
-0.000680
-124.110108
-0.000864
-0.000485
-0.000502
-0.000590
-0.000646
-0.000503
-0.000940
-0.000833
-0.000278
-0.000685
-0.000465
-0.000307
-0.000489
-0.000507
-0.000509
-0.000869
-0.000384
-0.000899
-0.000569
-71.604938
-0.000437
-0.000454
-0.000229
-0.000752
-0.000922
-0.000243
-0.001061
-0.000486
-0.000339
-0.099917
-0.000335
-0.000446
-0.000230
-0.000460
-0.000206
-119.524463
-0.001046
-0.001038
-0.000397
-0.000449
-0.000366
-0.000502
-0.000513
-0.000639
-0.000226
-0.001083
-0.000216
-0.000393
-0.000603
-0.001097
-0.000399
-0.000807
-0.000370
-0.000281
-0.000616
-0.000317
-0.000524
-0.000370
-0.000167
-0.000452
-0.000788
-0.000815
-0.000640
-0.000249
-0.000397
-81.481481
-0.000478
-0.000256
-0.000511
-0.000493
-0.000268
-0.000537
-0.000466
-0.000613
-0.000407
-0.000684
-0.000271
-0.000307
-0.000874
-0.000344
-0.000355
-0.000568
-0.000428
-0.000465
-0.003416
-0.000430
-0.000652
-0.000490
-117.116293
-0.000366
-0.000462
-0.000447
-0.000202
-0.000218
-0.000624
-0.000283
-0.000289
-0.000508
-0.000433
-0.000525
-0.000341
-2.789209
-0.000229
-0.000391
-0.000532
-0.000957
-0.000646
-0.000190
-0.000503
-0.000250
-0.000544
-0.001078
-0.000253
-0.000235
-0.000463
-0.000161
-0.000648
-67.352538
-0.000601
-0.000866
-0.001073
-1.581737
-0.000452
-0.000348
-0.000238
-0.000202
-0.000664
-0.000950
-0.000662
-0.000260
-0.000509
-0.000753
-0.000309
-0.000495
-62.962963
-0.000227
-1.569883
-0.001136
-0.001026
-0.000102
-0.000100
-0.000567
-0.000137
-0.000139
-0.000165
-58.408755
-19.223356
-45.044712
-27.101696
-14.648709
-25.549133
-48.572342
-38.381881
-42.327780
-46.580411
-41.352830
-9.190672
-7.482198
-7.081159
-6.353882
-6.025688
-4.541268
-3.091409
-2.945392
-2.214975
-1.498755
-1.144815
-0.675460
-0.504745
-0.326986
-0.264020
-0.160053
-0.038550
-0.128136
-0.047852
-0.094498
-0.053440
-0.027654
-0.036409
-0.239021
-0.156916
-0.153157
-0.249022
-0.151368
-0.036285
-0.650296
-0.533497
-0.494630
-0.820418
-0.438100
-0.483179
-0.857286
-0.451428
-0.317411
-0.200670
-0.394776
-0.254885
-0.326847
-0.285289
-0.563938
-0.067176
-0.147535
-0.393668
-0.056132
-0.282779
-0.310665
-0.071504
-0.379674
-2.331962
-0.082187
-0.066486
-0.070939
-0.270083
-0.456223
-0.019026
-0.051596
-0.002572
-1.524158
-100.800623
-0.039955
-0.056542
-0.007621
-0.500380
-0.011283
-0.015628
-0.005757
-0.004807
-0.056152
-0.003185
-0.008093
-0.003930
-0.004496
-102.480802
-0.001268
-0.000496
-0.004645
-0.000401
-0.001662
-0.002272
-0.000421
-0.002584
-0.004425
-0.000995
-0.000793
-0.001201
-0.397598
-0.008091
-0.000443
-0.000450
-0.000648
-0.001637
-54.627283
-0.049112
-0.000690
-0.003011
-0.001018
-0.001262
-101.071991
-0.000439
-0.000926
-0.002525
-0.000632
-0.000623
-0.000876
-0.001234
-0.000888
-0.000393
-0.005051
-0.000998
-0.000857
-0.000880
-0.001054
-0.000467
-0.000399
-0.001230
-0.001220
-0.000408
-0.000732
-0.001211
-117.116293
-0.000609
-0.000341
-0.001199
-0.001024
-0.000604
-0.001178
-0.000690
-0.000358
-0.001583
-0.533455
-0.000720
-0.000492
-0.000944
-0.000376
-0.000708
-0.000560
-0.001009
-0.000781
-124.748666
-0.001019
-0.000601
-0.000499
-0.001122
-0.000669
-0.000727
-0.001051
-0.000370
-0.000989
-0.000583
-0.000546
-0.000416
-0.000927
-0.001639
-0.000700
-0.000862
-0.000725
-0.000764
-0.000919
-0.000331
-0.000265
-1.783265
-0.000757
-2.316720
-0.000941
-109.053498
-0.000412
-0.000774
-0.000583
-0.000965
-0.000718
-0.000864
-0.000792
-0.000761
-0.000419
-0.000756
-0.000442
-0.000757
-0.000271
-0.000766
-0.000599
-0.000430
-0.000693
-0.000479
-0.000956
-124.794348
-0.000908
-0.000866
-0.000946
-0.801970
-1.017627
-0.000699
-0.000532
-0.000396
-0.000749
-0.000668
-0.000634
-0.000565
-0.000392
-0.342089
-0.000788
-0.000443
-0.000470
-0.000725
-0.000445
-0.001045
-0.000849
-0.000711
-0.000270
-0.000987
-0.000331
-1.661332
-0.000816
-0.000923
-0.007617
-0.000585
-0.000638
-0.000537
-124.383704
-0.000509
-0.000497
-0.000774
-0.000753
-0.000404
-0.001459
-0.000252
-0.000528
-0.000565
-0.000321
-0.001209
-0.000209
-0.000853
-0.000473
-0.001065
-0.000316
-0.000896
-0.000645
-123.157039
-0.000577
-0.000472
-0.000276
-0.000233
-0.000711
-0.000601
-0.810438
-0.000979
-0.000478
-0.000395
-0.000342
-0.000578
-0.000864
-0.001129
-0.000374
-0.000334
-0.000397
-0.000339
-0.000388
-0.000826
-0.000416
-0.000285
-0.000926
-0.000369
-0.000669
-0.000460
-0.000562
-0.000422
-122.340768
-0.000571
-0.000330
-0.000368
-0.000265
-0.000300
-0.000765
-0.000263
-0.000839
-0.000729
-0.000204
-0.000481
-0.000788
-0.000423
-0.000720
-0.000590
-0.000554
-0.000633
-0.000839
-0.000336
-0.000438
-0.004140
-0.000423
-0.000478
-0.000410
-0.001138
-0.000381
-0.000992
-0.000183
-0.000211
-0.685871
-0.000526
-0.640146
-2.439552
-0.000881
-0.000477
-0.000911
-0.000546
-112.482853
-0.000309
-0.000173
-0.000606
-0.001034
-0.000435
-0.000460
-0.001835
-0.000151
-0.000147
-0.000115
-0.000711
-0.000320
-0.000182
-0.000307
-0.000162
-0.000936
-0.000873
-0.000252
-0.001111
-0.000151
-0.000434
-0.000318
-2.118579
-0.000446
-0.000204
-122.748903
-0.000630
-0.000304
-0.000732
-0.000241
-0.001061
-0.000538
-0.000343
-0.000953
-0.000343
-0.000101
-0.000416
-0.000239
-0.000815
-41.975309
-0.000774
-0.000193
-0.000275
-0.001179
-0.000330
-0.000794
-0.000137
-0.000789
-0.000517
-0.000356
-0.000299
-0.000140
-0.000502
-0.000118
-0.000376
-0.000357
-0.000186
-0.000937
-0.000824
-2.606310
-0.769606
-0.000327
-0.000227
-0.000106
-0.005887
-0.000336
-124.110108
-0.000155
-0.000757
-0.000644
-0.000541
-0.000310
-0.000398
-0.000455
-0.000183
-0.000274
-0.000755
-0.000162
-0.000397
-0.000312
-0.000748
-43.719918
-32.776326
-58.801045
-52.535802
-40.486126
-48.521238
-49.951905
-59.958213
-68.174965
-59.492380
-46.652067
-32.121576
-33.221726
-29.866714
-30.421063
-27.468301
-29.378108
-20.668278
-14.846990
-11.092993
-8.128916
-7.178482
-7.196078
-6.852439
-6.486273
-5.438361
-3.608941
-2.257788
-2.195461
-2.238687
-1.908024
-1.951758
-2.386425
-0.841333
-0.616751
-0.448448
-0.325112
-0.386909
-0.132063
-0.128317
-0.099933
-0.114946
-0.069481
-0.016026
-0.123460
-0.050724
-0.059675
-0.028179
-0.158323
-0.134498
-0.084660
-0.183366
-0.200217
-0.073213
-0.130745
-0.314784
-0.115457
-0.337201
-0.298434
-0.328097
-0.236794
-0.311032
-0.423419
-0.336632
-0.364562
-0.560569
-0.318913
-0.071813
-0.665925
-0.445957
-0.059244
-0.013934
-0.414910
-0.560551
-0.368448
-0.055038
-0.036944
-0.676609
-0.053440
-0.039912
-0.051119
-0.048017
-0.675187
-0.006615
-0.006293
-1.096978
-0.005906
-0.007339
-1.754475
-0.006349
-0.004124
-0.005603
-0.006962
-0.004076
-0.619827
-1.812535
-0.003273
-0.006035
-0.000149
-0.000032
-0.004000
-0.000880
-1.510150
-0.007082
-0.000515
-0.000110
-0.006563
-0.699043
-0.001309
-0.000241
-0.000101
-0.000593
-0.000883
-0.001437
-0.000953
-0.000725
-4.862064
-2.652035
-1.186188
-1.649478
-0.000750
-0.001677
-0.005396
-0.000580
-0.000837
-1.453887
-124.900951
-0.000478
-0.000977
-0.001288
-0.001031
-0.000849
-0.000963
-0.001193
-0.000924
-0.000400
-0.000790
-0.001409
-0.000761
-0.001041
-0.000703
-0.001347
-0.000600
-124.246906
-0.000650
-0.000470
-0.000954
-0.001069
-0.000849
-0.001380
-0.000909
-0.000843
-0.001276
-0.850141
-0.000690
-0.000395
-0.000822
-0.000729
-0.000736
-0.000384
-0.000751
-0.000571
-0.000875
-0.001568
-90.123457
-0.000733
-0.000514
-0.001022
-0.000715
-0.000481
-0.000975
-0.000626
-0.000590
-0.001243
-0.000541
-0.000711
-0.000397
-3.142422
-124.383704
-0.000864
-0.001106
-0.001220
-0.000525
-0.000892
-0.000747
-0.007927
-0.000466
-0.000559
-0.000817
-0.000646
-0.000411
-0.000650
-0.000473
-0.000600
-0.000802
-0.000836
-0.000478
-0.000856
-0.000784
-71.132449
-0.569019
-0.000812
-0.000490
-0.000548
-0.000669
-0.000481
-0.000421
-1.417467
-0.000806
-0.000966
-0.001071
-0.000311
-0.000780
-0.000711
-0.001047
-0.000525
-0.000575
-80.246914
-0.000682
-0.000535
-0.000671
-0.000694
-0.000615
-0.000501
-0.000931
-0.000757
-0.000307
-0.000493
-0.000675
-0.000647
-0.000650
-0.000424
-0.000351
-0.000373
-123.565175
-0.000727
-0.001162
-0.000516
-0.000357
-0.000992
-0.000627
-0.000599
-0.000648
-0.001013
-0.000840
-0.000757
-0.000445
-0.000338
-0.000563
-0.000620
-0.000376
-0.000285
-0.000917
-0.000771
-1.639128
-102.194787
-0.000987
-0.000565
-0.000284
-0.000631
-0.000323
-0.000798
-0.000676
-0.001108
-0.000453
-0.000389
-0.000569
-0.000455
-0.000441
-0.000452
-0.968687
-0.000385
-105.331166
-0.000551
-0.000570
-0.000729
-0.001118
-0.000670
-0.000375
-0.000625
-0.000479
-0.000527
-0.003296
-0.000932
-0.000575
-0.000272
-0.000443
-0.000817
-0.000904
-0.001178
-0.000573
-0.000276
-0.000458
-0.000396
-0.000263
-0.000305
-0.000198
-0.000272
-0.000864
-0.000619
-0.000655
-0.000373
-0.000393
-98.094803
-0.000515
-0.001204
-0.000700
-0.000316
-0.000306
-0.000587
-0.000420
-0.000219
-0.000286
-0.001250
-0.000748
-0.000691
-0.000357
-0.000203
-0.958526
-0.000439
-0.000299
-0.000519
-0.000439
-1.388677
-0.004813
-0.000689
-1.508916
-0.008068
-0.000346
-0.000249
-0.000312
-0.000554
-0.000368
-0.000790
-0.000962
-0.000460
-0.000293
-0.000247
-0.000258
-0.000993
-0.000702
-0.000505
-0.000376
-0.000360
-0.000264
-0.000398
-0.000560
-0.000209
-0.000176
-0.000257
-0.000255
-0.000303
-0.000523
-106.917607
-0.000675
-0.000455
-0.000254
-0.000785
-0.000550
-0.000785
-0.000606
-0.000497
-0.000299
-0.000948
-0.000433
-0.000249
-0.000693
-0.643533
-0.000570
-0.000190
-0.000216
-0.000669
-0.000643
-0.000480
-0.000288
-0.000447
-0.000222
-0.000879
-1.740007
-2.852433
-0.000337
-0.000313
-0.000258
-0.000383
-0.000425
-0.000254
-0.000251
-0.000416
-0.001019
-0.000458
-0.000202
-0.000127
-0.000753
-0.000491
-0.000699
-0.000753
-0.000815
-0.000218
-0.000283
-0.000304
-38.139436
-49.307264
-32.706967
-39.155994
-28.022728
-31.620384
-66.414694
-58.250914
-25.192062
-55.640463
-50.966090
-28.035457
-23.889138
-25.542805
-19.644827
-15.230409
-12.189597
-10.284072
-8.527135
-6.781008
-6.568999
-5.238704
-4.033665
-3.312106
-3.586001
-2.521844
-1.924862
-2.240877
-1.340778
-0.836782
-1.032065
-0.594059
-0.583810
-0.293409
-0.220437
-0.072678
-0.133170
-0.065545
-0.034019
-0.077752
-0.059545
-0.074361
-0.003461
-0.250618
-0.301130
-0.387140
-0.541345
-0.421428
-0.266342
-0.310018
-0.391389
-0.189278
-0.370492
-0.727122
-0.335315
-0.484663
-0.397975
-0.332838
-0.093227
-0.266403
-0.218086
-0.156798
-0.070698
-0.104282
-0.179512
-0.463989
-0.439102
-0.072381
-1.023256
-0.447723
-0.798291
-0.370434
-0.038213
-0.248109
-0.022706
-0.055656
-0.027723
-0.050703
-0.061614
-0.577486
-2.281156
-0.015242
-0.023066
-0.029822
-0.048979
-0.005853
-0.013190
-0.025189
-0.001788
-0.006146
-0.007692
-0.005570
-0.002902
-0.003640
-0.001428
-0.006575
-0.001367
-0.001471
-0.000888
-2.169661
-78.083503
-0.000620
-0.685557
-0.000728
-0.001261
-0.001136
-0.002130
-0.001047
-0.002182
-0.002088
-0.003108
-115.912209
-0.000691
-0.001881
-0.003289
-0.000486
-0.000379
-0.001045
-0.000684
-0.000926
-0.801030
-0.000349
-0.000895
-0.000616
-0.002080
-0.008086
-0.000786
-0.000711
-109.053498
-0.000714
-0.000692
-0.000964
-0.001110
-0.000773
-0.000585
-0.000509
-0.000681
-0.000600
-0.001088
-0.641840
-0.000630
-0.000679
-0.000850
-0.000915
-0.502972
-117.116293
-0.000722
-0.000669
-0.000712
-0.000899
-0.000649
-0.000753
-0.001154
-0.000611
-0.000903
-0.000753
-2.621552
-0.001888
-0.000683
-0.000705
-0.000418
-0.000634
-0.000775
-0.000983
-2.880658
-0.001084
-0.000614
-0.001262
-100.121933
-0.000630
-0.000698
-0.000609
-0.000479
-0.000983
-0.000498
-0.000681
-0.000702
-0.001106
-0.000643
-0.472489
-0.000392
-0.472489
-0.000853
-90.123457
-0.000339
-0.000806
-0.000574
-0.000898
-0.000753
-0.000785
-0.000627
-0.000669
-0.002216
-0.000612
-0.000591
-0.000773
-0.000571
-0.000865
-0.000568
-102.070409
-0.000518
-0.001121
-0.000714
-0.000575
-0.002634
-0.000650
-0.000590
-0.000731
-0.000687
-0.000402
-0.000744
-1.236261
-0.540229
-0.000702
-0.000514
-0.000804
-1.875655
-0.000612
-0.000579
-0.000522
-0.000544
-0.000783
-0.000564
-0.000441
-124.657300
-0.000396
-0.000924
-0.000665
-0.000885
-0.000663
-0.000272
-0.000604
-0.000740
-0.000427
-0.001169
-0.000805
-0.000442
-0.000254
-0.001144
-0.000463
-0.000531
-0.000706
-0.001245
-0.000260
-0.000243
-0.000732
-92.866941
-0.000584
-0.000611
-0.000449
-0.000786
-0.000609
-0.000626
-0.000290
-0.000628
-0.000571
-0.000404
-0.000289
-0.000864
-0.000460
-0.000317
-0.000678
-0.000303
-0.000253
-0.000679
-99.875245
-0.000768
-0.000585
-0.000614
-0.000878
-0.000558
-0.000657
-0.000469
-0.000765
-0.000597
-0.001219
-0.000293
-0.000553
-0.000565
-0.000279
-0.000518
-0.000907
-0.000222
-101.888262
-0.000615
-0.000311
-0.000278
-0.000730
-0.000764
-0.000394
-0.000260
-0.000544
-0.000554
-0.000556
-0.000871
-0.000445
-0.000881
-0.000278
-0.000397
-2.013582
-0.000211
-2.834934
-0.000565
-0.000248
-0.000890
-0.000353
-0.000827
-0.000430
-0.000692
-0.000781
-0.000895
-0.000495
-0.000630
-0.000596
-1.661332
-0.000397
-0.000331
-0.000155
-0.000247
-0.002070
-0.000681
-0.000855
-0.000223
-0.000488
-0.000101
-0.000327
-0.000816
-0.000542
-0.000889
-0.000512
-1.310776
-0.000312
-0.000158
-0.001033
-0.000397
-0.000557
-0.000320
-0.000109
-4.587715
-0.000068
-81.481481
-0.000513
-0.000830
-0.000806
-0.000630
-0.000761
-0.001146
-0.000272
-0.000794
-0.000136
-0.000720
-0.000684
-0.000223
-0.000067
-0.000084
-0.000405
-0.000093
-0.000241
-0.000545
-0.000813
-0.000188
-0.000757
-0.000523
-0.000390
-0.000860
-0.000666
-0.000071
-0.000285
-0.000622
-0.000574
-0.000821
-0.000473
-0.000722
-49.397958
-0.000297
-0.000055
-0.000188
-0.001045
-0.000093
-0.000619
-0.002823
-0.000785
-0.000060
-0.000497
-0.000629
-0.000104
-0.000153
-0.000490
-3.078799
-0.000532
-0.000386
-0.000708
-0.555471
-0.000621
-0.274348
-0.000173
-0.007318
-0.000449
-0.001092
-0.002271
-53.818358
-15.843390
-23.697712
-30.437694
-42.032197
-43.097751
-30.115456
-39.992160
-46.179579
-36.807559
-22.907020
-14.605781
-13.229044
-12.108915
-13.619950
-9.270921
-8.431135
-6.245075
-4.205358
-4.003857
-3.727194
-2.722846
-2.154264
-1.486907
-1.037096
-0.916230
-1.231134
-0.468161
-0.489654
-0.320556
-0.427224
-0.453578
-0.097065
-0.210818
-0.152935
-0.073406
-0.047878
-0.121002
-0.209197
-0.227118
-0.045546
-0.135739
-0.020118
-0.389100
-0.383402
-0.361805
-0.325480
-0.236635
-0.257179
-0.058379
-0.207309
-0.355207
-0.212337
-0.331300
-0.343270
-1.491233
-0.565820
-0.238647
-0.807771
-2.477603
-0.369185
-0.354768
-0.198077
-0.043983
-0.480956
-0.052027
-1.564392
-0.269148
-0.152396
-0.079114
-0.152045
-0.054777
-0.078153
-0.005101
-0.589341
-0.031363
-124.748666
-0.023741
-0.059912
-0.024276
-0.070344
-0.023085
-0.004855
-0.006132
-0.014763
-0.007218
-0.008382
-0.004078
-0.004109
-0.002322
-0.002104
-0.003005
-0.005681
-124.931425
-0.000817
-0.000024
-0.000076
-0.000691
-0.003013
-0.001197
-0.001666
-0.005713
-0.000902
-0.000910
-0.001092
-0.003659
-0.000637
-0.001116
-0.001100
-124.988992
-0.000643
-0.000918
-0.000776
-0.001548
-0.807804
-0.000786
-0.000986
-0.000782
-0.000836
-0.001122
-0.000665
-0.000671
-0.004600
-0.000709
-1.030406
-0.000711
-0.001424
-0.000774
-99.436062
-0.000816
-0.000891
-0.000750
-0.001714
-0.000633
-0.002634
-0.000844
-0.000616
-0.000810
-0.000630
-0.001042
-1.783265
-0.000704
-0.000359
-0.000596
-0.000900
-96.921201
-0.000718
-0.001002
-0.001830
-0.032177
-0.000466
-0.000522
-0.000815
-0.000507
-0.000957
-0.000699
-0.000361
-0.000857
-2.118579
-0.000315
-0.000727
-0.000474
-102.025060
-0.000648
-0.000737
-0.000774
-0.000649
-0.000348
-0.000353
-0.001462
-0.000588
-0.000803
-0.001182
-0.000654
-0.000585
-0.370941
-90.123457
-0.001385
-0.000517
-0.000648
-0.000358
-0.000946
-0.000647
-0.001479
-0.000375
-0.000671
-0.001454
-0.000438
-101.617301
-0.000878
-0.000681
-0.000658
-0.000343
-0.000415
-0.000721
-0.000403
-0.000690
-0.000347
-0.000648
-0.000649
-0.000740
-0.000499
-0.001253
-1.783265
-0.000671
-0.000688
-0.000684
-0.000469
-95.305594
-0.000520
-0.000374
-0.000616
-0.000861
-0.000488
-0.000804
-0.000394
-0.001020
-0.001674
-0.000397
-0.000530
-0.000815
-0.001416
-0.000370
-0.000664
-0.000455
-0.000780
-72.839506
-0.000347
-0.000973
-0.000397
-0.000544
-0.000749
-0.000748
-0.000423
-0.001038
-0.000335
-0.001017
-0.000472
-0.000434
-0.000478
-0.000300
-0.152416
-0.000968
-0.000334
-0.000350
-0.000756
-0.000665
-3.740961
-1.844231
-124.994073
-0.000602
-0.000796
-0.000394
-0.001124
-0.000899
-0.000584
-0.000999
-0.000335
-0.000713
-0.000283
-0.001115
-0.000363
-0.000293
-0.000571
-0.000460
-0.000186
-0.000527
-0.000389
-0.001147
-0.000627
-0.000538
-0.000282
-0.000305
-81.481481
-0.000591
-0.000606
-0.000941
-0.643533
-0.823045
-0.001461
-0.000510
-0.000461
-0.000284
-0.685871
-0.000581
-0.000692
-0.000326
-0.000699
-0.000594
-0.000544
-0.000258
-0.000701
-0.000483
-0.000246
-0.001202
-0.001506
-0.000620
-0.000257
-0.000920
-0.000677
-0.000431
-0.000423
-0.000263
-0.000255
-0.000587
-0.000377
-0.006502
-0.000330
-0.000641
-0.000546
-0.000152
-0.000158
-0.000567
-0.000286
-0.000285
-0.000432
-0.000193
-0.000869
-0.000245
-0.000228
-0.000613
-0.001271
-124.794348
-0.000836
-0.000627
-0.000330
-0.001205
-0.000323
-0.000253
-0.000399
-0.000553
-0.000127
-0.000899
-0.000405
-0.000231
-0.000551
-0.000277
-0.000346
-0.000157
-0.000533
-0.000400
-0.000648
-0.213382
-0.000529
-0.000825
-0.000669
-0.000560
-0.000481
-0.000217
-0.000533
-0.000554
-0.000978
-0.000248
-0.000270
-0.000755
-0.000291
-0.000397
-0.000199
-0.000153
-0.001133
-0.000379
-0.000246
-0.000733
-0.000303
-0.000510
-0.000987
-0.000345
-0.000265
-0.000941
-0.000508
-0.001475
-0.000272
-0.000272
-0.000124
-0.000502
-0.000231
-0.000305
-1.844231
-25.824441
-0.000794
-0.000542
-0.000899
-124.110108
-0.865383
-0.000082
-0.000269
-0.000344
-0.001865
-0.000199
-0.000295
-0.000208
-0.000293
-0.000639
-0.000720
-0.000627
-0.000140
-0.000814
-0.000690
-0.000521
-0.000623
-32.878703
-41.636922
-28.840628
-54.213241
-59.136646
-37.340085
-53.098117
-21.911744
-16.253893
-30.861527
-21.923022
-14.870545
-12.839882
-10.720933
-10.897875
-8.216238
-6.090882
-6.671591
-6.674632
-4.569344
-3.987366
-4.073840
-2.666059
-1.669463
-1.305809
-1.979260
-0.827441
-0.815100
-0.380047
-0.299189
-0.151746
-0.093077
-0.035908
-0.060948
-0.049864
-0.117908
-0.010670
-0.410052
-0.278594
-0.228624
-0.089275
-0.304413
-0.091339
-0.552084
-0.389725
-0.274797
-0.185876
-0.317413
-0.390030
-0.349460
-0.311062
-0.349992
-0.472489
-0.306852
-0.548697
-0.407069
-0.220752
-0.632573
-0.312707
-0.098512
-0.060754
-0.450476
-0.268433
-0.262560
-0.072065
-0.071044
-0.502972
-0.243677
-1.723323
-0.042777
-0.413404
-0.048048
-0.009816
-0.054351
-0.043288
-0.051923
-0.052482
-124.794348
-0.094125
-0.004082
-0.015906
-0.045411
-0.010956
-0.004818
-0.004861
-0.003683
-0.005138
-0.008348
-0.007150
-0.006354
-0.472489
-0.009448
-0.000170
-0.000044
-0.000507
-0.008279
-124.885714
-0.001116
-0.001782
-0.000803
-0.001431
-0.000494
-0.000836
-0.000810
-0.001944
-0.000788
-1.585124
-0.000900
-0.057551
-0.001359
-0.001282
-124.966979
-0.001599
-0.000828
-0.000324
-0.000775
-0.000525
-0.001420
-0.000850
-0.000508
-0.000729
-0.001296
-0.000891
-0.000664
-0.001475
-0.000629
-0.001087
-0.000601
-3.292181
-0.000869
-97.789971
-0.000521
-0.000627
-0.001065
-0.001453
-0.000521
-0.001328
-0.000578
-0.000946
-0.001368
-0.000794
-0.000726
-0.001195
-0.000660
-99.825569
-0.000777
-0.000578
-0.001474
-0.000627
-0.001631
-0.000990
-0.000582
-0.000922
-0.000748
-0.000630
-0.000617
-0.000947
-112.482853
-0.001081
-0.000893
-0.001028
-0.000625
-0.000937
-0.000943
-0.000554
-0.000524
-0.000711
-0.001095
-0.000834
-0.000606
-0.000397
-0.000544
-0.000566
-0.353943
-0.000583
-0.000956
-0.000641
-0.000439
-0.000753
-0.000590
-0.001472
-0.000806
-0.000611
-120.728547
-0.000538
-0.000555
-0.000655
-0.004413
-0.000935
-0.000569
-0.000452
-0.001244
-0.000616
-0.000865
-0.000486
-0.000853
-0.000475
-0.000708
-0.000626
-2.890819
-102.025437
-0.000401
-0.000549
-0.000354
-0.000920
-0.000319
-0.000978
-0.000585
-0.000979
-0.000643
-0.000478
-0.000753
-0.000648
-0.000713
-0.001121
-0.000827
-0.000639
-0.000521
-0.000497
-2.530102
-0.000962
-0.563938
-0.000257
-0.000354
-0.000492
-0.000462
-0.000595
-0.000423
-0.000784
-0.000320
-0.001141
-0.000517
-1.371742
-0.000460
-0.000919
-0.000552
-0.000748
-120.728547
-0.000518
-0.000476
-0.000973
-0.000790
-0.001071
-0.001195
-0.000395
-0.000439
-0.000609
-0.000482
-0.000879
-0.000439
-0.000590
-0.000620
-0.000451
-0.000524
-0.000248
-0.000879
-0.000195
-0.000338
-1.447950
-0.000237
-124.702983
-0.000597
-0.000958
-0.277735
-0.001438
-0.000259
-0.000855
-0.000542
-0.000397
-0.000219
-0.001175
-0.000530
-0.003952
-0.000410
-0.000536
-0.000376
-0.000424
-0.000673
-0.000215
-0.000174
-0.000747
-0.000899
-0.000415
-0.000625
-0.000814
-0.000256
-0.000488
-0.000409
-0.000210
-0.000425
-0.000627
-0.000924
-0.000641
-0.000355
-0.000230
-0.000970
-0.000567
-0.000517
-0.000423
-0.000215
-0.000444
-0.000341
-0.000936
-0.000815
-0.000553
-0.000714
-0.000173
-118.320378
-0.000326
-0.000263
-0.000577
-0.000937
-0.000503
-0.000731
-0.000239
-0.000689
-0.000133
-0.000321
-0.000555
-0.000225
-0.000565
-0.001011
-0.000734
-0.000185
-0.000170
-0.000499
-0.000602
-0.000272
-0.000516
-0.000351
-0.000929
-0.000272
-0.000236
-0.000545
-2.027318
-0.001122
-0.000638
-0.000205
-0.000305
-102.526485
-0.465715
-0.000355
-0.000627
-0.000544
-0.000490
-0.000485
-0.000271
-0.001252
-0.000583
-0.000637
-0.000551
-0.000322
-0.000170
-90.123457
-0.005227
-0.001714
-0.000470
-0.000711
-0.000207
-0.000638
-0.000150
-0.000276
-0.000205
-0.000161
-0.000309
-0.000904
-0.000648
-0.000209
-0.000871
-0.000571
-0.000332
-0.000241
-0.000167
-0.000604
-0.000873
-0.000539
-0.000603
-0.000404
-0.000363
-0.000251
-0.000107
-0.000121
-0.000307
-0.000575
-0.000319
-0.000212
-0.000142
-0.001103
-0.000376
-0.000243
-0.000897
-0.000211
-0.000711
-1.752782
-0.000196
-0.000167
-0.000230
-0.000189
-0.000585
-0.000207
