21.882301
-87.925511
-119.312198
52.407536
-3.969092
44.688704
-48.980839
39.274619
4.232750
64.034849
118.772408
115.900341
123.593692
123.443856
126.174727
123.431822
146.887684
151.591666
151.453150
150.948396
143.586724
153.582970
138.629182
138.295620
144.249808
144.256308
139.229943
154.592661
156.276090
156.431047
156.436012
144.742032
156.433964
148.904553
156.449031
149.676813
150.407000
149.707897
149.197977
150.521748
139.882960
156.447196
150.882027
150.734481
150.863970
150.240369
150.818816
150.627186
-435.716945
156.449034
152.968268
154.425032
150.906370
154.069131
155.375683
150.843427
150.203783
150.853360
156.438279
155.295758
150.893542
150.907600
156.446234
150.907372
156.132975
156.406094
156.444551
154.979843
153.181108
150.907687
156.383095
156.312504
150.742319
156.449052
156.160755
150.893600
156.383565
150.461783
156.447999
120.534217
156.448389
156.447289
156.186883
156.448184
156.449135
-499.947997
156.449052
156.449051
-599.956605
156.448017
156.448301
156.173184
156.691427
156.446609
156.310535
156.181839
156.447688
156.449050
-574.937554
156.448948
139.384680
156.425374
156.445937
156.448014
156.447997
156.447517
156.447854
156.447466
156.448142
156.448010
156.448329
156.448328
122.683280
-405.395162
156.453463
156.721052
156.354161
156.448337
156.449034
156.463278
156.463287
156.449034
156.333939
151.182339
156.314303
156.448892
156.448494
156.449053
156.463270
156.463246
156.463221
156.449046
149.027168
156.707789
156.709366
156.457259
156.447684
156.709389
147.997050
156.709389
156.449142
156.448364
156.445786
156.448965
156.709389
150.171643
156.449132
156.449051
156.710036
156.708562
156.463239
156.463363
156.449133
149.603609
156.448555
147.142941
156.710040
156.449020
156.448584
156.706345
156.463433
156.673192
150.869821
150.546295
156.463368
156.448391
-549.956887
156.724249
131.645328
156.448730
156.448728
156.315389
156.709869
156.709866
156.463221
156.449132
-466.175987
156.448409
156.463069
156.454141
156.186982
156.186850
156.448969
156.449132
156.713881
156.449097
126.394604
156.723908
155.205996
156.444777
150.863426
154.862824
150.893091
156.725047
156.449116
156.463235
156.463232
156.449092
156.449122
156.725183
156.449080
156.463241
156.463175
150.893531
-420.804668
156.449167
156.449133
-416.153535
156.030289
156.723929
150.893499
156.710994
156.449208
156.460459
156.463286
156.448891
-460.784397
156.449216
156.449050
155.324501
156.463237
156.461928
156.449215
156.449213
156.448969
156.196424
156.448889
156.449045
145.405652
156.463319
156.449060
156.710995
156.723147
156.449212
156.725183
156.449168
156.449051
156.710994
156.709966
156.463330
156.449169
156.461740
156.331621
156.447692
156.449166
156.725180
156.463013
156.463213
156.449179
156.449213
156.449105
156.463250
156.449119
156.449144
156.449051
156.725184
156.449197
156.449214
156.463300
150.893492
-574.927817
156.449135
156.201031
150.903991
156.449131
151.076785
156.449208
156.723557
156.463242
156.449223
156.449087
156.710276
156.449222
156.710280
156.449049
156.449213
150.893473
-402.440909
156.449221
156.448738
150.907240
156.449200
156.187194
156.449222
156.463331
150.907319
156.187198
150.893473
156.463045
156.448987
150.893557
156.187199
150.893493
156.463063
-434.384899
150.893475
150.893488
156.463251
156.187022
147.223539
135.560203
150.819747
150.893478
150.893553
150.893493
156.463250
156.463251
150.892986
156.426239
156.442613
156.178864
150.893514
156.462880
156.463316
150.893579
150.893493
156.403561
156.463225
-494.469342
144.429927
156.462782
156.724331
156.449208
156.463043
156.463253
156.463253
156.723606
156.463163
156.449213
156.463239
150.893577
156.114701
156.463248
156.463254
156.351395
156.463255
156.463235
156.459137
156.441560
156.719551
156.396435
156.463249
156.463255
156.463205
156.463268
156.196602
150.893650
150.893605
150.891667
156.449157
156.463249
156.603844
156.463249
156.463196
156.463197
156.463254
150.893667
156.463257
156.419914
156.449145
156.463250
150.893577
156.463249
156.463192
156.712095
156.463005
150.893665
156.463255
156.463127
146.811311
156.449115
156.463255
156.463253
156.719734
156.463256
156.463250
156.463267
156.721667
150.893343
156.463256
156.463279
156.463255
156.463256
150.893660
156.723691
156.463250
156.199164
156.449047
156.463256
156.463239
-483.474496
150.893667
156.396902
156.723259
156.723581
145.631341
120.534217
156.458327
156.463038
156.463104
57.510157
6.478412
-174.008711
68.998535
-20.532502
12.581756
-76.045273
-106.736465
123.010433
80.996445
68.858863
78.920431
93.476118
76.435173
71.397135
69.508255
123.785445
135.386654
145.442321
134.477530
146.485782
155.244517
159.927940
155.198672
163.447741
143.561879
163.399698
165.318248
166.030623
166.332911
166.789506
167.297048
167.510833
167.498908
156.561824
167.526499
156.516146
167.526370
156.312085
167.529393
167.523968
156.427561
167.542506
167.557042
167.542683
167.542882
167.543022
167.542801
155.597501
167.542869
167.543044
155.283188
167.540254
167.541720
167.542332
156.376777
167.541731
156.698672
167.542790
167.540795
167.486626
156.581400
167.541537
167.533472
167.541726
167.542161
134.575522
-549.947432
-402.440067
147.065996
156.402560
155.165839
167.539891
167.542735
167.283123
167.542845
156.284386
155.924519
156.448293
129.019966
166.294874
167.542822
167.542524
167.542747
167.539753
167.542580
167.542388
141.448063
-372.436427
167.513953
167.541569
167.541320
-549.956887
155.684233
-381.191703
167.542421
156.394582
167.523770
167.542655
156.335025
129.019966
167.534560
156.017339
167.542638
167.542520
156.076642
156.076642
167.366582
167.542815
156.438328
156.011887
167.542856
167.542413
167.542878
167.533817
167.542289
167.397840
167.542923
167.542232
166.301951
167.480259
167.528329
167.528367
166.492853
167.542815
167.531303
167.528721
167.517585
167.524363
167.487792
167.528560
167.523881
-574.947009
167.288139
167.538670
167.541928
166.905081
-570.717736
167.542881
167.542785
167.542161
-432.734268
167.542884
156.401771
167.505368
167.266575
167.542950
167.542948
167.532869
167.542899
167.542965
156.403198
-524.976221
167.556431
-412.781860
167.556705
167.556705
167.542948
-427.291358
167.542949
167.542808
167.556436
167.542953
167.556729
167.542736
167.542919
167.542985
167.021583
167.542930
167.541746
167.556994
167.557025
167.542713
167.557037
156.461180
167.556883
-549.813097
167.542716
156.112962
167.542974
156.168618
167.542038
167.542986
154.972766
156.114701
167.542950
156.449038
167.542949
167.553475
167.014507
167.543008
167.557102
167.543011
167.557101
167.542928
162.691907
167.542109
156.398534
167.543003
167.542959
167.556905
167.557023
167.539891
-453.031560
167.542886
156.382677
167.557134
167.556843
139.614971
-385.790002
155.766683
167.542955
156.450275
-549.899031
167.557058
167.557049
167.543001
167.557156
156.183485
167.542999
167.556666
167.543001
167.542129
156.462795
156.261415
167.557158
167.542653
167.556914
167.557076
167.542994
167.542860
138.795725
167.557092
167.542952
167.542653
167.557170
167.284572
167.556957
167.557223
167.542961
167.542965
152.951086
150.579697
167.543050
134.481862
167.557233
167.542905
132.630010
167.557123
167.557225
167.542719
167.542835
167.542719
88.142769
167.280030
167.264653
167.252645
167.294820
167.265553
167.278355
167.280358
-277.287206
167.280136
156.461568
167.294989
166.828206
156.462709
156.442250
167.266246
167.549451
-599.985441
156.400158
167.266672
156.418126
167.295125
167.266543
167.266199
156.200404
167.266672
156.201070
167.557045
156.449119
167.266594
156.456337
167.280442
167.275140
167.280512
156.199721
153.850099
156.199483
155.937231
167.265880
167.266256
167.280367
156.109445
155.765046
167.279691
167.280321
167.295030
167.265253
167.295052
167.266314
167.266216
167.266453
167.295150
167.280685
-221.635554
167.266194
167.280257
129.019966
156.122973
167.458690
167.528747
167.528720
167.103061
156.278610
167.528627
156.430378
167.457492
131.950160
167.528760
155.650443
167.528759
167.528591
167.528813
167.528358
167.528759
167.156377
167.528595
167.408550
156.463338
167.528818
-445.383650
167.528280
167.528552
167.528638
167.528352
156.455661
167.527395
167.528537
167.528725
167.528764
153.207741
156.349064
155.378161
167.416734
156.680970
166.714179
167.542861
167.542867
156.462820
166.714179
167.542721
167.557243
167.542789
167.557226
147.065996
167.528186
167.528122
167.527547
167.528534
167.528500
167.527695
167.477091
167.528329
167.524991
167.528626
167.514171
167.103061
167.528343
167.528284
167.525354
167.527032
167.528647
167.528686
167.528643
-599.606985
167.528643
144.135802
167.294723
137.059523
-220.424475
167.280293
167.294977
167.557264
156.461761
167.294674
167.557251
-157.163550
167.279468
144.135802
167.032165
156.463065
167.294871
167.295128
156.456383
156.200640
167.294588
167.279942
167.280326
8.257006
30.850631
-29.226677
30.419147
38.089148
-24.963850
85.266826
-40.055836
51.142511
115.614850
78.825173
110.621844
115.547753
112.908097
126.908541
121.180922
119.620661
134.025606
129.820563
137.327500
138.372704
138.932743
139.877247
139.661289
140.143399
140.367971
141.293194
143.863020
145.199684
143.979417
146.832782
152.992930
160.169084
132.687966
164.814265
155.691080
176.762333
171.632599
160.802469
161.079497
179.558673
178.744817
178.372519
163.957570
164.355546
169.093727
180.814348
169.937177
181.074867
180.787639
122.683280
179.662989
-548.064165
162.292044
181.197069
181.382299
-599.927393
181.420481
181.399032
181.428261
181.430056
181.401799
181.430376
181.429994
181.426823
181.417353
181.416287
181.429234
181.428186
181.423178
164.146501
181.399984
169.713835
138.268847
181.148045
163.621818
181.169116
-549.937695
181.428805
181.427493
170.190714
181.688880
181.428097
181.689020
181.420366
181.431103
181.687784
163.121036
181.680520
164.204746
169.177374
181.427773
181.428496
181.164516
110.702920
180.880296
181.430622
181.399642
181.393105
181.168918
-599.946868
178.551999
-549.870668
181.167584
181.420706
181.430490
181.692143
181.399984
180.909235
181.691640
181.097733
181.431494
181.431136
181.422408
181.164863
181.150012
148.311995
-599.811403
181.428573
181.427371
181.431468
146.908507
-402.441191
181.428935
181.431418
181.430779
181.430366
181.422200
180.980664
180.682791
164.028615
181.421715
181.431222
181.420841
181.421839
181.421086
181.431084
-405.880743
181.430812
181.430682
181.693545
181.431076
181.691900
181.693003
170.104892
170.215255
181.168900
-398.095790
181.428732
181.168896
181.693530
181.421715
181.428714
181.693406
170.579915
163.732663
181.431596
170.467055
181.430508
180.957870
181.168959
178.230442
169.513126
181.428449
180.916311
170.129127
181.167839
181.389825
181.431629
169.184450
181.167746
181.169190
181.167913
181.428594
181.421429
181.431493
181.421564
181.168495
-496.171065
181.169524
181.431562
181.431314
181.428410
181.167809
181.431440
181.431441
181.150689
181.108204
164.735805
181.430871
181.428501
170.529780
181.421987
181.428386
181.165614
-424.204806
181.168469
181.403011
181.431303
181.430517
170.288219
181.045281
181.428501
169.513126
181.430812
181.422488
164.975207
181.428635
-435.625962
181.431218
181.431225
181.431514
164.717344
163.957570
170.284877
181.428051
-524.871092
181.163531
170.465969
181.430438
144.059689
181.420340
181.168926
170.337446
181.420340
181.431518
181.428110
181.431270
181.428395
180.909235
181.029279
181.416305
181.417386
181.322245
181.417147
181.431421
181.431436
181.430641
170.337918
181.331518
170.327245
181.417073
-574.947009
181.430723
181.431472
181.275224
181.396705
181.431575
181.391023
181.384835
181.427909
169.835955
181.169152
181.167807
181.421624
170.334940
181.431575
164.623720
181.416860
164.893244
181.430931
-571.480827
-524.786004
181.431285
181.320817
181.431644
181.431652
181.431244
180.923388
180.587677
181.431301
-574.966483
181.431860
181.036355
181.169409
181.169715
180.976704
181.417107
181.431714
181.428501
181.430654
163.732663
164.717344
181.428434
181.167684
181.693760
181.424170
170.334502
181.428434
181.431365
181.165684
164.623720
181.060537
164.611417
170.335926
170.312439
181.304327
181.431815
181.430531
181.431401
181.431289
181.693424
-599.937130
181.416259
170.595745
181.431305
181.377813
181.431550
160.802469
170.322245
181.431582
181.417212
181.428520
177.506722
181.416259
160.943684
164.576035
181.422424
180.923388
170.585358
181.400344
181.431733
181.428692
164.591988
181.430997
181.431874
181.048448
181.417344
181.431482
180.916311
164.737365
181.431494
164.464875
164.624620
180.984888
181.416254
181.422223
181.329666
165.037771
181.422593
181.417253
181.430751
165.038496
181.431398
163.886780
181.431323
181.431406
180.916311
181.431507
181.429583
181.417416
181.402876
181.422424
164.953913
170.337203
165.035100
169.448544
181.430972
181.430669
180.601830
164.612681
181.304358
180.923388
164.895347
181.431879
181.421789
165.024264
180.916311
181.430998
180.916311
181.422626
164.995397
164.993961
181.431508
181.045281
180.601830
-574.979090
181.251042
170.859089
181.417156
-248.794522
181.431861
181.431874
181.431392
181.417217
181.431875
181.431873
181.278392
181.430788
181.431880
165.056010
181.399984
181.347512
181.431492
181.401070
181.391023
181.153335
181.431874
181.431442
181.401427
-35.611758
33.067687
4.457911
80.642548
75.944592
91.700746
70.970200
85.241722
27.593273
81.251240
-144.775449
95.997816
89.678428
117.720003
124.691969
128.458250
138.815017
138.024339
141.366723
143.423751
143.912789
145.270849
148.459811
150.056392
150.178288
151.785119
153.203100
158.367823
151.640046
165.969207
156.005857
169.619049
166.737137
177.627795
177.069331
178.775395
177.722189
180.153554
179.135097
181.198924
181.416986
181.388741
180.225499
181.396654
164.344979
181.396098
181.406164
181.431639
162.697061
181.431594
181.430790
181.410563
161.163566
163.273477
181.430723
181.430052
181.431620
181.430249
181.420410
-574.947009
181.430084
181.430174
181.429941
181.430851
181.430060
181.431759
181.429954
164.663527
181.430031
181.428686
181.430251
-530.309633
181.429236
181.431699
181.430256
181.430018
181.430257
181.427214
181.402876
181.431054
181.431687
181.431753
181.430180
181.430158
164.774084
181.400774
181.430511
181.419690
181.325607
181.197726
181.428759
181.427437
181.430006
-573.315340
181.319619
181.431416
181.430398
181.422609
181.430763
181.431470
181.430356
181.431455
181.421432
181.431705
181.430809
181.430836
165.052701
181.430823
181.400700
181.416861
181.411839
181.405917
181.416681
181.416886
181.401205
181.675529
181.413599
181.675629
-524.786004
164.762062
181.676506
181.674492
181.677097
181.676426
181.677307
181.676633
180.520538
181.691723
-446.008463
181.431569
181.430854
181.431798
181.431077
181.430830
181.431431
181.431746
181.431847
181.431158
-197.264090
181.431603
181.431608
181.430864
181.430943
181.431463
181.428916
181.430795
-479.048278
165.024686
181.431633
163.505316
181.431521
181.431849
181.430783
181.422510
181.431630
181.431764
181.431926
181.430627
181.431925
181.431936
181.431343
181.431452
181.430997
181.431483
-574.956464
165.056180
181.432013
181.431694
181.430977
181.431762
181.431675
181.431925
181.431762
181.431805
181.431694
181.431001
181.431584
181.431599
181.431322
181.431882
181.431656
181.431525
181.431702
181.430995
181.431931
181.431694
181.432004
181.431262
181.430803
181.431677
181.431282
181.431994
181.431579
181.431628
181.432013
181.431500
181.428867
181.430955
165.040715
181.431931
181.431890
181.428732
181.430941
181.430699
181.430839
181.431262
181.431650
181.430923
181.430949
181.431693
181.431470
181.430989
181.430995
181.431968
181.431882
181.430942
181.430803
181.432004
181.431574
181.431967
181.431218
181.430798
181.428692
181.430888
181.430946
181.431203
181.431491
181.431700
181.431468
181.431968
-404.229303
181.422512
181.432003
181.431683
181.431000
181.431258
181.428554
181.430957
181.431685
181.428732
181.431579
165.044256
181.430834
181.432021
181.431674
181.428875
181.431705
181.431464
181.431219
181.428531
181.430710
181.428736
181.431802
-599.927393
181.432013
-549.842306
181.431355
181.431384
181.431618
181.431311
181.428682
165.044237
181.431870
181.431851
181.431688
181.422590
-549.956887
181.431717
165.044289
181.430923
181.431572
181.430943
181.431910
181.431607
181.431670
181.430807
181.431418
181.430982
181.431679
181.431392
181.431803
181.431650
-549.784734
181.431527
181.430705
181.431943
181.431801
181.430852
181.431723
181.431516
181.431679
181.431631
181.431622
181.430675
181.430989
181.430973
181.430757
181.430953
181.430829
-549.439397
181.431619
181.432008
181.431651
181.431923
181.430950
181.428916
181.428916
181.431634
181.430953
181.431682
181.431934
-452.326040
181.431684
181.431639
181.431395
181.431631
181.431483
181.431933
181.431919
-546.515121
181.431691
181.431380
181.431737
181.421789
180.608907
181.431604
181.430807
181.431441
181.431718
173.123169
181.678635
181.677726
180.553746
-452.462878
181.417335
181.417619
181.417619
181.417343
181.417622
125.023880
181.677939
181.676425
181.678634
181.677160
-549.947432
181.676824
181.678564
181.677890
181.678490
181.678495
181.678359
181.678832
180.555732
180.554481
181.677723
180.557850
181.678581
181.677821
181.678753
181.678002
181.678750
181.678220
181.678276
180.555561
181.678148
181.678318
181.678516
181.677726
-79.926687
181.678247
181.678364
-549.947432
181.678567
181.678053
-574.988734
181.678222
180.557364
-599.978949
-471.188213
181.678807
181.678599
181.678528
181.678793
181.678799
87.790543
181.679508
181.679460
181.679316
181.679299
181.679460
181.679522
180.557221
181.678162
180.557201
181.678809
-82.594247
177.506722
181.692636
-242.001487
181.692670
49.705426
-3.324951
80.460511
-20.536451
-9.042974
-37.001940
83.008991
53.147546
24.245545
110.638991
-80.264053
79.623157
110.131987
88.683271
88.431418
109.256035
114.747651
115.405405
87.970584
121.893343
110.460839
108.978827
127.734563
127.948849
127.867018
127.835112
128.125313
128.408975
108.312345
128.449977
111.927458
128.614516
111.803806
130.305057
132.182992
148.922652
155.718036
158.386620
143.480545
142.905187
160.014624
162.606219
149.405237
147.324495
166.961927
134.354237
166.063482
167.312069
148.616533
167.236714
167.187356
139.243679
167.531761
150.676039
150.229750
167.483458
167.530858
-599.946585
148.916429
167.524245
-549.947150
167.518415
167.541678
167.556939
167.541889
167.539753
167.542115
150.763459
167.557025
167.539168
167.526284
167.556665
108.641975
167.556966
167.540251
163.770249
-549.841459
167.521486
167.542868
167.557000
167.556800
167.542665
167.513953
147.065996
167.527989
167.156377
167.528796
-599.782194
167.527316
167.517585
167.522795
167.454324
150.825492
149.917956
167.483427
167.528658
150.620014
167.528730
150.557808
167.517582
167.528724
167.528615
167.528474
167.527650
-429.322277
167.528591
135.854572
167.528700
167.528618
167.522435
167.457492
167.527235
106.016613
167.488878
167.524241
-549.937977
167.524079
167.528792
150.563101
167.523881
167.528729
167.528813
167.525717
-598.566514
167.397099
167.523878
167.525717
167.527826
167.513091
167.528655
150.870670
167.527313
129.338534
167.556672
150.639859
167.528787
167.528723
167.528792
165.882646
167.275517
167.158539
167.263015
167.242142
156.044274
165.889722
-473.671727
167.528088
167.513088
167.525354
150.902032
167.528595
167.556728
167.522795
167.523878
167.528518
167.528585
167.290427
144.135802
167.281069
167.293427
166.835282
167.289942
167.292672
167.283167
-410.717368
150.898541
139.592415
167.291327
167.291823
167.294256
167.265633
167.293955
167.292455
-549.928240
150.487317
150.889979
167.293179
150.915878
167.292278
167.292304
-574.610795
150.657601
167.556738
152.166609
167.293357
167.293812
167.556819
167.556752
167.289643
150.470542
167.293593
167.556704
167.294012
167.288365
167.290383
167.293233
138.233720
167.556865
167.294600
127.686940
167.289169
-426.162325
167.556830
167.556838
-402.431454
167.293403
167.293814
167.293293
166.707102
167.292184
150.907326
150.639117
150.645713
167.294763
167.029564
167.557001
156.494323
156.551076
150.907218
150.155436
150.907601
167.031055
167.280365
-574.841036
167.294425
167.295005
167.294715
150.905206
150.644246
167.294624
167.294755
167.264685
167.294952
167.294935
-435.655171
167.294742
167.295029
167.294052
167.293926
167.280277
167.556845
150.640074
156.333747
150.641589
167.291443
149.165494
150.639333
167.556879
167.293625
167.032232
167.032515
155.654168
167.294798
-574.898607
150.659394
150.901948
167.293360
167.294949
167.294946
150.643909
150.907443
156.419562
150.659599
150.980871
167.018045
167.556936
167.280594
167.280657
167.556655
167.280615
167.280612
167.279468
166.711704
167.280284
-574.783464
167.557056
167.341081
167.196084
167.557032
150.905822
167.279753
167.328988
167.295025
167.294976
150.907411
156.681378
167.294989
167.280728
166.723797
167.295096
167.557036
167.280822
167.294505
167.294727
156.486451
156.709989
167.280807
167.557044
-448.963099
156.400818
167.557078
150.645394
167.557143
167.279169
156.702928
167.294988
167.556495
156.723113
150.762682
167.280763
167.557054
167.147323
167.294896
167.295010
167.294948
167.557168
167.557112
167.279725
167.557168
167.280494
-574.610795
167.294824
156.711111
167.295066
167.291942
150.658295
166.872781
167.294876
167.255589
167.295022
167.295016
167.557061
156.709661
167.280876
167.544856
150.659180
167.557106
156.708809
150.905372
167.536237
167.557091
156.710117
167.279445
167.295012
167.295121
167.149063
167.295114
150.594600
167.280466
156.721139
167.556483
156.710848
167.017560
167.537976
167.280839
156.710274
167.280913
167.557159
156.721944
167.281002
155.604203
167.557220
167.557135
167.136970
156.724623
150.659980
156.724972
166.805743
167.557215
167.280531
156.401030
167.557123
156.724731
167.280350
167.295009
163.104136
167.018425
167.291526
167.557216
166.893615
167.557004
167.295008
167.276975
153.656924
167.294654
167.293708
167.280902
156.710624
167.294684
167.280985
156.690507
167.557025
156.704239
167.553817
167.294514
167.290380
156.724899
156.724213
-273.074856
167.280904
88.272795
88.907304
-60.099805
-30.755164
41.902360
114.187205
86.665981
70.238619
80.107444
-44.923868
18.209956
122.047500
152.699905
137.377299
153.658111
153.972033
156.076679
151.522112
169.388673
173.739980
175.666743
174.353684
177.060021
178.839650
180.774903
173.123169
181.216728
170.712596
170.111634
170.531480
181.546892
170.552304
181.534356
181.361678
170.856771
170.853216
181.678828
-549.870668
170.860570
181.664674
170.861488
181.670641
181.673950
181.678955
170.861109
170.857398
181.678992
181.656266
170.859698
170.849948
181.679027
181.641032
180.697461
181.678418
181.679223
170.751956
164.412512
181.415206
-599.956605
170.857430
163.322437
164.286496
170.757768
170.859849
181.414829
181.427357
170.861623
181.415498
170.861717
181.352964
170.757768
170.861772
170.860784
159.142125
181.426607
179.677142
170.590994
181.424265
181.421807
181.154137
181.430406
181.428840
168.245609
181.425575
181.431832
181.430673
181.416917
181.431058
-549.841459
181.427892
170.759210
170.850231
181.427852
181.431507
170.861742
170.582303
170.599886
-374.741492
181.427953
170.861430
181.427105
181.431039
181.151173
170.861150
139.349947
-293.655542
170.579843
170.861872
170.861815
161.524095
181.427228
181.316451
164.717344
181.417288
170.850470
170.861691
146.332519
181.691829
-290.417615
181.417269
181.693280
170.827507
181.414239
170.827387
-451.932097
181.278392
181.416982
148.311995
181.693349
170.584726
181.416505
181.416656
170.599522
-599.898184
170.335505
181.417472
181.693458
181.417482
170.594996
170.597389
181.692143
170.598186
181.405200
181.417613
179.264914
170.337954
181.424170
181.693378
181.693395
179.257837
181.417395
181.693410
181.155335
181.417160
170.598679
181.416210
170.594993
164.982284
181.693392
181.692146
170.336397
181.116766
164.623684
170.337123
181.692995
181.691502
181.417447
181.693626
181.692803
170.335131
174.562792
170.337294
181.416331
181.415739
-499.787275
181.417537
148.426374
179.264914
-548.319150
170.337940
170.337287
170.599953
181.691915
181.405560
170.337958
170.599972
181.378896
181.480654
170.337763
181.693071
181.417245
181.417668
170.177789
181.692496
181.318398
181.693522
181.311860
-549.937695
170.600039
181.693320
170.598494
170.337942
170.337940
181.417636
181.417542
181.417138
181.415684
181.693374
170.599287
-427.413244
181.691423
170.599731
181.692862
170.337938
168.676592
170.337820
181.693811
181.417388
181.599379
181.693685
170.192975
181.693101
170.337940
170.599865
-574.975938
170.337940
170.337210
181.693356
181.693649
181.691420
181.692502
181.693662
181.669819
170.338033
-574.937272
170.594650
181.691780
181.671671
181.463333
170.599890
181.692862
170.337207
181.116766
170.319523
170.599863
181.693732
170.337774
181.662939
181.693794
170.599835
181.693730
170.562918
181.661200
170.585528
177.506722
170.599827
170.332330
170.599896
181.606456
170.599954
161.372241
181.116766
181.693780
147.857053
181.431247
181.670473
181.693810
181.693866
170.599937
139.349947
181.693865
169.719078
181.682804
-470.693739
170.337842
170.320489
170.336157
181.662939
174.562792
173.896679
181.693930
181.693945
181.693774
181.693941
181.666107
181.690337
170.599920
181.424170
181.109689
181.116766
170.599910
181.693765
181.690337
-195.319387
181.693816
181.606456
181.693759
170.337813
181.693816
170.338049
181.692143
181.431247
181.693927
181.693815
181.677352
170.215615
181.691420
181.691417
181.496656
181.693382
170.322443
170.599949
181.693000
181.533970
169.843488
181.691420
181.693664
181.693949
169.840321
181.693198
181.689251
181.694007
170.320008
170.337918
181.693954
167.342706
181.672986
170.291522
181.693706
181.424170
181.694016
170.335873
170.116201
170.338104
163.732663
181.428074
181.428641
181.690337
169.775562
181.180405
181.691420
181.689611
181.399984
180.977811
170.599803
181.381206
170.337239
170.075276
170.243794
181.693802
181.431706
170.291203
170.327829
170.262466
170.599998
181.544214
-421.049323
181.339483
179.991623
181.602547
180.965718
179.677142
170.599890
181.319619
170.197065
170.556592
170.336009
161.312545
181.431609
181.420346
181.401070
181.431517
181.431451
170.336484
180.916311
173.123169
181.391365
181.693887
181.385572
181.431576
181.402150
180.909235
181.431655
169.887436
170.071194
181.431647
181.334032
181.431486
170.337923
181.693782
181.431438
181.259968
169.972114
170.171251
170.337867
181.431500
170.338022
181.419257
170.337431
174.562792
66.956351
-16.515708
75.959324
-47.927674
85.153249
-102.373317
63.556016
118.038912
97.934074
97.761880
-80.730435
117.953593
118.646935
118.565509
120.607817
123.303877
124.371386
133.845786
142.496633
146.950034
148.156030
150.079458
155.322712
159.237554
157.973020
162.431542
163.393234
163.879165
164.730994
166.337253
167.353478
166.914590
167.416967
167.279955
167.372033
167.526169
167.542849
167.542820
167.540605
167.541972
167.541833
167.541806
167.540044
167.541473
167.541717
167.542099
167.542166
167.540902
167.539758
167.540668
167.541563
167.219562
120.581062
167.542075
-569.168692
167.541588
167.542698
167.542161
167.541965
167.541937
167.542789
167.542707
167.541508
167.541977
167.542889
167.542707
167.542505
-599.937130
167.542557
167.542528
167.542313
167.542764
141.521407
167.542686
167.542879
167.542804
167.541785
167.542170
167.542892
167.542781
167.542210
167.542370
167.542696
167.542664
167.542460
167.542716
167.430142
-466.160858
167.542029
167.542033
167.542828
167.542256
167.542342
167.542431
167.542616
156.418504
167.542654
167.542321
167.522572
167.542799
167.542880
167.540836
167.238732
167.542875
167.542725
167.542714
167.542696
167.268970
167.540570
-548.581756
167.542884
167.542975
167.542913
167.542072
167.533229
167.226639
167.540611
167.542865
-448.444713
167.542887
-549.956887
-402.432860
167.542476
167.542840
167.542679
167.268970
167.495551
167.542730
150.769577
150.155060
167.542890
156.383608
167.542876
167.542476
167.541772
154.286083
167.528540
167.528378
167.528469
156.576415
167.523878
167.528762
167.528387
-401.715074
167.556120
167.528652
167.522795
149.992288
167.528744
167.528639
148.139465
167.528669
167.523878
-574.982430
167.527034
167.525716
150.391798
167.528623
167.527637
167.449773
167.523158
167.528499
167.557197
156.491961
156.367361
167.528658
167.454324
167.528585
167.523716
167.525558
167.522795
167.527261
167.527736
167.528518
167.528567
167.528653
167.528490
167.527244
167.487792
156.439122
167.528482
167.526993
167.528517
153.606233
167.528550
165.882646
167.243123
-303.884580
167.543002
167.542947
156.682793
115.834376
167.543040
167.503084
167.226639
166.294874
-569.168692
167.542995
167.423065
167.542224
156.709687
156.708919
156.708955
167.541364
167.542951
155.963101
167.528488
167.310472
156.711078
156.711073
156.710447
167.528527
-482.908886
156.710768
167.483427
167.163453
167.540788
156.707024
167.542007
-504.326803
167.543029
167.540113
167.543026
167.543020
167.543044
167.542296
167.533817
167.542292
167.542270
156.711073
167.542793
167.276046
156.711018
156.711023
167.528284
167.528794
167.253989
167.528758
162.279679
167.543011
166.301951
167.533817
167.483458
166.287798
156.710296
153.619969
167.525852
167.543007
166.520801
155.378161
167.555989
167.557255
167.278738
167.294817
167.021583
167.557222
167.557188
156.711073
167.557342
167.279986
166.714179
159.494092
156.710399
156.710384
156.711065
167.557141
167.251877
-452.449989
167.557249
-587.179612
156.710446
167.557281
167.556857
-311.821323
164.862327
167.294562
167.556947
167.557049
167.556997
156.351885
167.468202
167.557200
167.007430
167.343141
156.711158
167.557187
167.279221
167.291845
167.557139
167.557005
167.557185
167.557167
167.557137
167.557140
167.280175
167.557191
167.556906
163.770249
156.711013
167.557113
166.714179
167.557124
167.557028
167.294935
167.557196
156.711078
87.911183
167.557160
167.266131
-549.699670
167.555989
-399.927578
167.452941
156.439521
167.294765
167.557182
120.125116
167.557147
167.557140
-402.413667
167.556843
167.555038
167.542707
167.555263
167.021583
167.548023
-301.229142
167.416734
167.557219
-95.860172
167.549451
-72.120174
167.557217
167.557219
167.557123
167.557125
167.557025
167.557238
167.557236
167.557218
167.557236
167.557147
167.404641
167.557307
167.542936
167.557270
167.557166
167.542989
167.542230
167.557314
167.557255
167.542932
167.557166
156.711037
167.557138
167.557147
167.557161
167.557305
167.557102
167.533611
167.557312
167.557244
167.543013
167.542935
167.557219
167.028660
163.104136
167.542959
167.542087
167.557108
167.542962
167.557171
167.557161
167.556942
149.996190
167.542994
167.501003
167.543018
167.540208
167.543010
167.540434
166.513725
167.542938
167.542295
167.542880
167.542936
167.542992
167.542937
167.542994
167.542224
167.542942
167.542109
167.542939
167.543015
167.178197
167.542940
167.540113
167.542944
167.542070
167.542888
70.526708
-80.848274
-39.139196
-49.655628
30.354830
-57.915183
-39.096631
37.295183
93.069090
101.835416
-1.543553
99.333757
103.712552
106.511482
108.668218
112.841545
119.432739
130.353502
121.784314
132.615152
133.515479
136.963860
150.131544
157.103245
163.367390
165.035144
164.155502
166.484011
132.389118
165.515871
167.328988
146.044461
166.864040
167.446695
137.599641
-574.937554
167.551820
167.519657
167.547681
167.547516
149.102730
167.539385
167.540490
167.547681
167.557136
167.557175
167.557140
138.236496
167.557224
167.343141
167.542837
167.542928
167.542817
-574.975938
167.556884
156.620623
146.958710
159.747978
109.353726
139.589518
167.556317
167.555817
167.556526
-574.087916
167.539753
167.538670
149.121276
167.556443
-243.560386
167.543964
167.370491
138.242010
167.542931
166.700026
167.542962
167.542965
167.028660
167.542874
167.557067
134.575522
167.542822
167.279955
147.065996
150.516652
167.484625
167.110137
167.152468
-623.817689
167.528600
167.528600
167.528651
167.528488
148.409278
167.509964
150.655892
167.557150
-452.411697
167.533817
167.557002
155.471821
167.266420
150.582379
156.536387
167.293454
-452.422558
167.556953
167.328988
166.711704
166.714179
167.555401
167.279520
167.557082
167.280800
144.440634
167.542343
167.542497
156.668152
147.065996
144.135802
167.557140
108.641975
167.396457
167.000353
-402.055124
167.292697
154.736125
167.171862
163.104136
167.294272
149.916290
167.557273
150.102408
167.285050
167.282398
83.246214
167.292493
167.554903
167.556621
167.294339
167.294761
167.294984
167.557220
155.776653
167.557093
167.556640
-512.492368
167.294072
167.294950
147.065996
156.409471
-549.843153
167.293610
167.294816
167.294917
163.104136
-534.975662
167.289428
167.292152
167.285770
122.748408
167.557221
167.292103
167.556957
167.294577
156.421102
148.792850
167.284932
167.556345
167.294727
167.556139
167.294782
150.579949
167.292688
167.254733
167.557048
-549.937977
167.293643
167.556120
167.556843
150.029708
150.865957
156.461752
167.555401
167.004534
167.554903
167.294630
167.556480
167.200108
166.513725
166.707102
155.691366
166.960343
167.255931
163.770249
167.294560
167.557223
167.554897
167.004299
167.546596
166.790451
167.294806
167.293367
167.548023
156.445974
156.462088
167.294555
156.443652
-101.196420
167.004781
156.718700
167.295030
167.294969
167.294682
167.290245
167.294946
167.284906
167.294947
167.294721
167.294797
167.292448
167.294038
167.555401
167.295112
167.557173
167.202621
156.334925
167.279237
156.461195
167.293247
167.295022
167.285245
167.294119
167.294584
161.664512
167.557222
165.896441
156.550163
167.004663
167.295032
167.294283
167.556843
167.557066
167.279338
167.557132
167.294553
156.460271
167.557180
156.459988
167.557209
167.556865
166.981368
167.279258
167.111469
167.295125
167.557224
167.285818
167.557224
167.557037
167.396457
167.293858
167.557176
167.557180
167.294907
167.557140
167.294948
166.987653
166.520801
-549.871515
167.285545
167.555260
167.004797
167.196084
167.294815
167.294792
156.722886
167.254503
167.295047
167.294663
167.255931
167.264547
167.294896
167.556979
167.293888
167.263122
167.295094
167.292125
167.557225
167.004761
167.295218
167.002944
167.557239
167.291554
166.989330
167.004629
167.285567
167.294069
167.291530
167.294998
167.270489
166.764515
167.533611
167.194344
167.556139
167.004731
167.291731
167.294961
167.555979
167.283982
167.554903
167.263464
167.175030
147.370828
167.280992
167.003645
167.281022
167.280918
167.557203
167.294801
167.280766
167.279622
-599.946585
167.294968
167.557244
167.280972
167.279873
167.280676
167.285269
167.557280
167.277321
167.277317
167.461125
167.557180
167.557265
167.557041
167.557252
-549.784734
167.279871
167.279877
167.557248
167.557163
167.281007
167.542572
167.294749
167.557176
167.557158
167.268815
167.280631
167.294945
167.557171
167.003920
167.557262
167.004737
-423.957824
167.557253
167.270874
167.291845
167.152231
167.557230
167.269196
167.275683
167.004757
167.280821
167.280336
167.557140
167.281003
167.279377
167.270651
167.279928
167.280448
167.557270
167.277752
167.557180
167.279854
167.279666
165.176808
167.277299
165.787015
144.138107
167.280930
167.268833
-277.398583
167.277523
156.211636
167.557259
166.673980
167.294802
167.541918
167.473218
-332.600708
167.279077
-598.558894
167.557278
167.557274
167.004628
167.557281
167.277159
167.557003
167.556944
144.135802
167.294090
82.377487
-47.739560
72.623698
-21.953483
112.816892
136.488830
73.425923
-50.808890
103.204453
25.335884
45.345832
110.390090
115.767645
139.373208
117.966105
123.315332
126.270936
134.674572
137.851879
133.100874
149.183501
147.386017
154.509546
155.943787
158.463296
163.638668
165.416288
163.962138
166.972288
166.557907
167.097540
166.564434
167.514636
167.504557
167.500702
167.527614
167.539844
167.535113
167.535263
167.542954
167.543001
167.542954
167.542959
167.541260
167.535263
167.540775
167.542962
167.542976
167.505027
167.540871
167.519746
167.542867
167.507450
167.542410
147.650520
167.541280
167.542929
167.543111
167.541383
167.542945
167.542982
167.542818
167.542847
-548.581756
167.542973
167.542928
167.541421
167.501860
-549.957169
167.542802
167.543112
167.542292
167.542374
167.543130
167.543129
167.539030
167.542905
167.490991
167.542319
167.542971
167.542919
167.542921
166.905081
131.870236
167.543046
167.542989
167.542988
167.542824
167.542998
167.543040
167.543050
167.543031
167.542997
-599.966060
167.542995
141.908669
167.540955
167.542996
167.543050
167.542916
167.539756
167.542942
167.542985
167.543033
115.520425
167.542956
166.301951
167.528709
167.506194
167.513814
123.431696
167.528635
167.528523
167.528560
167.527354
144.135802
167.291418
167.012035
166.751240
-357.537642
167.275306
167.294880
167.003362
167.295191
167.550843
167.555176
167.556762
167.294243
167.280351
167.279886
167.556943
166.989108
166.980603
167.018562
167.279434
167.278067
167.279440
167.280713
167.017003
166.821409
167.556926
167.031269
167.556962
-456.982198
167.556937
167.541918
167.270014
167.293128
167.280535
167.280478
167.557034
167.557058
167.557034
167.293560
-548.064165
167.280609
167.018961
-420.154573
167.556843
167.280816
167.295067
167.030896
167.557084
167.556483
167.031766
167.553817
-549.937695
167.004259
167.557066
167.542572
167.291704
167.004691
167.294809
166.978327
167.294681
167.557187
167.268703
167.018923
167.018880
167.280304
167.279349
167.557159
167.557184
167.557183
167.280291
167.557186
167.557179
167.279633
167.294935
167.280538
167.164297
167.279900
167.294561
167.536466
167.557174
167.279888
167.005703
167.293679
167.328988
167.557071
167.557110
167.280770
167.280707
167.295114
150.146098
167.557128
167.280831
167.557098
167.280913
167.557100
167.280784
167.280779
167.018975
167.557123
167.295228
167.279961
-624.810133
167.279942
167.263820
167.556981
167.295138
167.555278
167.295204
167.275172
-435.712742
167.557159
167.557160
167.295205
166.312274
167.557126
167.031541
167.279433
167.557182
167.279440
167.556981
167.557123
167.018934
167.033170
167.557123
164.862327
167.280680
167.557149
167.019072
167.280736
167.016454
167.268541
-458.557907
167.269400
167.295081
167.277141
167.277000
167.281068
167.017503
167.281079
167.279785
167.557164
167.295202
167.280959
167.295163
167.556345
167.295092
167.279451
167.295163
167.277008
167.557179
167.281071
166.954198
167.555539
167.264186
166.954198
167.280866
167.295221
167.280810
167.557166
167.280950
167.276954
167.557164
167.533611
167.557179
167.294903
167.280903
156.550163
167.017510
167.280229
167.280811
167.019031
167.279142
167.280935
167.248318
166.065018
167.280769
144.440634
166.711704
167.018834
167.556843
167.557179
167.270831
167.280866
167.280996
167.280637
167.294986
166.954198
167.019042
167.280775
167.280993
167.295125
167.279480
150.327539
167.279455
167.249761
167.018690
167.280898
167.270489
147.465337
166.931209
167.237671
166.973856
167.279743
167.281002
167.280994
167.280911
167.017507
167.279485
167.294948
167.280974
167.280994
162.330626
167.242379
167.295068
167.017504
166.754904
167.018975
167.018940
167.280905
167.295003
167.018995
167.295085
124.898621
167.542962
167.532731
167.010267
167.003888
167.542960
167.004002
167.542958
78.024619
167.280810
167.542879
167.557274
167.280898
167.277526
-574.613336
167.480290
167.557179
-572.266780
167.280522
-294.436669
167.542907
167.268673
-474.258589
165.472534
167.547369
167.542993
167.543050
166.404299
166.919116
167.280633
160.160206
-524.786004
-281.295438
165.176808
156.082448
167.542894
167.280602
167.263958
167.280904
167.280900
167.532728
-221.562802
167.557253
166.723797
167.280493
167.279556
167.279055
167.262445
167.279688
167.280925
155.560124
156.044939
167.280908
155.388613
167.542837
167.017542
167.152231
167.279645
167.294668
167.279467
156.655586
166.616432
167.280827
-8.147865
-78.725757
-72.297385
47.980376
28.718149
87.719872
-1.640513
-18.726229
-53.817154
7.314175
-22.367629
87.244308
89.708636
103.670683
116.733851
117.435965
118.308525
125.935195
131.304864
134.217858
134.813061
124.890560
137.995375
145.646587
150.065228
149.638514
151.151241
141.570064
140.840400
150.919865
151.707118
141.291022
141.327832
139.863149
153.118724
153.391036
141.584551
153.276024
153.390500
153.367650
153.357386
153.395574
153.405397
153.406224
-599.946585
142.330314
153.405966
153.406062
153.406087
153.406034
153.406157
153.405738
130.255476
153.405521
153.405893
153.406040
153.406114
153.406031
153.402648
153.405852
153.405950
153.405050
153.405726
141.366553
153.377738
153.365192
153.406039
142.557297
153.391719
151.074908
153.391504
153.234085
153.404861
153.404768
142.538027
153.354129
153.401953
129.159963
153.406317
139.769364
151.899364
153.406257
153.406339
-400.972841
153.391986
153.390516
153.390671
153.382884
153.390678
153.406286
153.297646
153.406228
153.404716
153.373598
153.404192
153.390542
-549.976079
138.637053
153.391906
146.025241
153.406186
153.406232
136.939566
142.540844
153.392020
151.487136
153.404558
141.085115
142.581731
-413.727037
142.585950
153.420259
153.419826
153.420351
151.801617
142.574082
153.376211
153.406077
153.404699
152.404748
153.406210
142.573644
152.411824
153.419828
153.392054
142.586329
142.552544
-524.528271
152.521250
142.586591
142.573966
142.570686
153.392051
142.308721
153.392030
153.391942
153.392011
153.406093
142.586886
153.392027
112.353300
-549.784734
142.307861
146.011505
142.586438
153.392018
153.391963
153.406083
142.270818
153.406089
85.763886
142.242529
-445.390440
142.266321
153.405099
153.405152
153.391766
-426.456278
153.391850
142.311292
-351.980340
142.309175
153.391017
153.367250
153.404032
153.405273
142.310884
153.391818
142.308740
153.405720
153.406024
153.143550
153.405619
141.875917
142.308946
142.310478
153.374784
153.405718
153.391446
142.310612
153.398383
153.391963
153.405847
153.391493
153.391948
153.391902
142.309992
-549.937695
142.209309
153.377294
153.391873
-447.427928
153.391905
142.150191
136.939566
-464.720909
153.387499
152.090267
153.392020
142.554200
153.391973
153.391904
152.693397
141.488436
153.391637
136.792278
153.103971
153.392022
113.757000
-410.765487
153.391879
153.388813
142.306373
153.392044
153.014955
131.353244
153.391916
130.399329
153.133572
153.101168
153.115723
153.111610
153.129718
153.156747
153.128346
142.310350
153.101168
142.260904
140.563346
153.129233
152.597632
153.129774
153.123686
153.147641
153.129475
153.121825
153.142843
153.106581
151.377352
153.155727
153.127853
153.111798
153.148527
142.572896
153.128232
153.154592
-282.660251
153.142990
150.767145
152.815754
153.128566
153.143005
142.573433
153.158092
153.091798
151.903966
153.129603
153.144014
142.312308
153.116287
153.148527
153.115682
152.849912
153.154834
153.143941
142.312240
142.311974
153.115856
150.972201
153.158104
153.129799
142.290878
141.114608
153.129594
-223.758988
124.843774
153.420452
153.420462
150.459741
153.157951
142.571703
142.462196
153.158081
130.399329
153.386053
153.158205
142.415198
153.406263
153.406274
153.158441
153.420457
142.311517
153.312902
153.148752
153.129992
153.158378
153.129116
102.519235
153.129719
-436.061662
153.142982
153.358631
-523.075596
153.391081
153.144025
152.789787
153.143875
142.572969
153.391905
142.300828
153.391666
142.574296
153.063246
142.177783
153.142378
153.129852
153.391962
153.420575
153.158168
153.158185
142.297163
153.391909
153.406129
152.989217
153.406302
153.405522
153.158338
153.158015
153.391081
153.388612
153.144088
153.391017
-194.465022
153.142853
153.045701
153.420463
141.374066
153.116041
153.129543
153.144059
-459.526866
153.143929
142.477695
142.312420
153.034969
153.406299
153.390540
153.157464
153.111071
153.391508
152.786619
142.574157
153.406213
142.312310
153.144015
142.312373
142.047920
153.004474
153.157441
147.877093
153.405504
142.312203
153.158219
153.140855
142.312331
-168.902289
153.391557
153.158216
142.587812
153.144005
142.043091
153.391017
142.264898
152.623598
142.047917
153.140710
142.588081
152.774526
153.392096
153.098414
153.144073
153.388612
153.388813
153.087115
142.324211
153.143607
153.144231
153.139017
142.263638
152.848529
153.143181
153.144156
142.574296
153.138965
142.312238
152.316194
153.391977
153.143109
153.391031
153.142944
