13.745000
13.194000
13.926000
16.097000
16.507000
17.294000
17.975000
18.631000
18.544000
19.300000
21.223000
24.372000
22.213000
23.703000
28.526000
24.839000
25.225000
28.818000
28.265000
28.204000
30.316000
30.228000
32.472000
34.855000
34.096000
34.556000
36.493000
46.023000
37.095000
39.346000
38.195000
49.533000
38.583000
40.965000
41.361000
42.060000
46.935000
43.022000
45.125000
46.106000
45.322000
48.365000
49.694000
49.038000
50.084000
51.678000
54.437000
52.588000
53.630000
55.072000
55.030000
60.810000
56.445000
57.994000
59.270000
64.292000
62.676000
63.638000
62.876000
72.578000
64.683000
68.035000
77.453000
68.535000
72.219000
80.423000
71.814000
71.497000
72.627000
78.639000
74.219000
76.059000
81.619000
76.775000
79.592000
84.860000
80.410000
85.696000
88.270000
84.778000
87.035000
89.566000
89.272000
93.411000
90.068000
90.398000
97.451000
94.334000
98.817000
97.217000
99.821000
103.995000
98.898000
105.896000
101.377000
104.124000
108.746000
105.743000
111.032000
118.748000
108.000000
117.689000
120.432000
114.501000
112.286000
123.336000
118.142000
122.787000
120.265000
120.541000
120.824000
123.524000
122.909000
125.908000
125.837000
130.756000
128.144000
129.679000
130.330000
132.107000
131.294000
137.470000
148.119000
148.118000
137.757000
140.139000
140.172000
143.322000
145.269000
153.030000
147.269000
150.021000
150.099000
149.328000
150.330000
155.476000
154.426000
155.460000
153.648000
157.873000
157.735000
162.182000
161.376000
164.932000
163.746000
168.630000
164.636000
171.236000
169.967000
172.232000
169.705000
175.551000
174.025000
180.204000
179.049000
180.116000
179.497000
184.002000
183.910000
189.360000
186.778000
191.565000
188.167000
192.181000
191.959000
195.358000
192.597000
197.845000
197.613000
204.271000
202.763000
203.598000
205.301000
206.216000
212.782000
214.368000
211.438000
216.608000
219.621000
239.378000
215.230000
216.139000
216.744000
224.289000
222.710000
225.307000
223.658000
223.840000
224.801000
224.363000
225.914000
228.368000
231.420000
233.075000
233.550000
236.615000
238.067000
240.552000
236.649000
242.167000
243.668000
258.042000
245.797000
249.966000
250.231000
254.479000
251.203000
255.963000
256.241000
259.159000
258.181000
263.633000
264.379000
266.128000
262.960000
267.663000
268.480000
272.403000
272.839000
275.906000
280.452000
279.865000
277.982000
282.948000
284.070000
286.825000
285.538000
291.729000
288.635000
295.016000
294.948000
294.256000
294.803000
301.158000
302.270000
303.085000
301.798000
306.638000
303.022000
310.106000
313.665000
320.103000
314.139000
321.704000
313.458000
315.816000
320.490000
327.827000
323.926000
327.404000
331.656000
334.784000
327.681000
336.184000
331.242000
338.391000
339.490000
345.222000
340.823000
346.714000
340.236000
348.096000
350.888000
356.856000
358.559000
358.192000
357.183000
365.864000
355.457000
363.221000
362.467000
371.683000
371.263000
373.498000
370.456000
377.989000
374.877000
376.816000
377.056000
383.698000
387.225000
393.987000
383.551000
392.697000
388.019000
396.269000
388.975000
398.126000
401.036000
397.998000
398.987000
403.702000
399.503000
408.961000
401.406000
414.808000
409.142000
416.704000
413.016000
418.874000
418.085000
423.163000
418.793000
426.382000
422.349000
435.581000
431.824000
437.810000
435.593000
440.808000
439.645000
444.764000
447.144000
450.970000
452.164000
454.793000
456.775000
457.184000
451.447000
465.900000
462.449000
466.665000
462.412000
477.285000
476.078000
473.518000
467.912000
481.261000
475.607000
484.124000
476.029000
491.485000
487.313000
499.720000
483.707000
496.716000
490.029000
501.751000
497.662000
506.699000
499.933000
507.384000
501.003000
515.234000
508.299000
523.799000
512.701000
534.303000
520.329000
532.329000
525.049000
532.976000
526.174000
536.822000
533.675000
538.333000
533.213000
537.575000
535.812000
547.819000
547.675000
547.824000
550.555000
554.343000
550.567000
553.278000
555.713000
560.170000
555.490000
571.190000
567.882000
574.098000
566.980000
573.408000
574.259000
579.695000
584.580000
585.347000
586.833000
598.663000
590.533000
595.464000
588.789000
601.800000
594.664000
609.228000
602.179000
606.789000
607.383000
613.238000
13.832000
12.980000
14.579000
15.060000
14.900000
16.768000
17.325000
17.309000
18.111000
19.434000
20.006000
22.002000
21.816000
22.843000
24.005000
23.996000
24.136000
25.541000
25.778000
28.824000
30.652000
30.246000
30.707000
30.557000
30.819000
32.715000
33.202000
34.419000
34.974000
35.513000
36.046000
36.845000
39.022000
39.418000
39.987000
41.760000
41.955000
44.118000
43.677000
44.468000
44.910000
46.166000
47.210000
48.922000
48.690000
49.710000
49.788000
52.318000
51.800000
53.032000
52.530000
55.083000
56.943000
57.174000
56.618000
61.035000
60.884000
61.358000
61.126000
65.299000
63.701000
64.263000
64.920000
68.021000
67.389000
68.516000
67.949000
71.323000
72.226000
73.348000
75.645000
77.579000
76.236000
79.083000
76.963000
80.428000
80.171000
82.016000
81.952000
84.254000
84.961000
86.991000
87.702000
88.725000
89.627000
90.694000
91.410000
92.947000
93.199000
93.873000
95.859000
96.668000
96.862000
101.340000
100.463000
103.643000
105.503000
103.276000
104.516000
106.894000
107.082000
109.420000
116.212000
116.415000
114.554000
113.823000
112.668000
115.216000
114.150000
117.190000
119.641000
119.148000
121.406000
123.318000
121.518000
125.444000
124.143000
127.177000
129.201000
134.714000
133.964000
137.325000
135.185000
137.558000
132.603000
138.342000
136.654000
142.743000
138.965000
143.209000
142.919000
145.357000
143.704000
147.243000
149.935000
151.267000
150.068000
155.084000
153.593000
159.360000
157.392000
161.337000
156.911000
162.808000
158.381000
164.302000
165.255000
169.176000
166.608000
169.084000
169.582000
173.008000
173.741000
176.341000
173.591000
180.676000
174.256000
182.306000
184.949000
188.688000
184.592000
189.398000
187.880000
190.924000
188.055000
192.321000
188.833000
193.827000
193.891000
201.060000
199.134000
200.846000
199.366000
202.867000
203.490000
205.181000
204.414000
208.418000
209.754000
214.787000
211.283000
212.543000
214.388000
220.978000
220.301000
223.200000
221.032000
229.922000
227.357000
223.222000
222.834000
230.954000
232.007000
234.183000
231.917000
237.398000
235.551000
236.621000
236.160000
243.032000
242.026000
247.019000
245.718000
247.657000
249.070000
255.611000
250.392000
254.755000
255.904000
260.626000
258.240000
260.323000
262.668000
263.564000
263.182000
268.021000
272.227000
271.109000
269.101000
277.822000
277.505000
278.164000
275.311000
284.433000
282.402000
283.444000
288.166000
291.792000
287.960000
288.820000
292.170000
295.013000
292.778000
298.762000
301.660000
303.674000
302.337000
306.353000
302.471000
307.763000
310.818000
313.603000
311.274000
320.357000
314.859000
316.117000
335.213000
331.888000
320.702000
327.928000
326.096000
332.239000
329.850000
333.863000
335.412000
339.651000
338.890000
343.240000
341.609000
348.040000
341.519000
350.671000
347.269000
349.166000
355.152000
369.430000
372.143000
370.985000
365.348000
364.268000
371.744000
379.292000
372.767000
375.124000
373.404000
377.357000
372.595000
376.626000
375.582000
380.705000
383.262000
389.271000
382.375000
390.323000
385.045000
392.183000
391.270000
397.834000
396.073000
406.435000
409.666000
412.632000
400.000000
408.090000
401.787000
412.933000
419.224000
417.888000
414.040000
417.731000
417.854000
423.589000
421.169000
429.951000
423.609000
437.861000
426.390000
438.942000
430.198000
439.827000
441.934000
443.716000
444.889000
449.286000
449.862000
455.110000
450.642000
453.349000
456.711000
463.820000
458.947000
466.769000
464.985000
482.536000
466.158000
474.906000
468.138000
479.724000
474.190000
486.608000
476.234000
491.194000
480.116000
492.695000
483.027000
496.389000
493.690000
502.114000
494.744000
507.888000
497.104000
506.427000
502.073000
525.613000
510.052000
519.467000
508.316000
522.219000
514.355000
529.586000
520.483000
531.411000
523.422000
533.797000
537.255000
540.035000
535.938000
548.774000
535.289000
544.259000
552.714000
558.487000
549.422000
554.288000
547.850000
559.038000
551.464000
563.134000
559.397000
570.388000
558.725000
572.589000
565.886000
571.027000
571.172000
580.661000
584.578000
584.279000
584.942000
594.956000
591.370000
610.558000
594.755000
603.969000
594.351000
608.384000
601.784000
616.968000
613.626000
615.838000
12.631000
13.441000
13.580000
15.131000
15.925000
16.495000
16.608000
18.058000
17.830000
19.195000
20.402000
21.546000
21.242000
22.775000
23.079000
24.395000
24.612000
25.219000
28.446000
28.387000
28.067000
29.890000
29.886000
30.459000
31.518000
32.795000
31.823000
34.631000
35.671000
37.358000
36.688000
37.141000
37.787000
39.667000
40.277000
43.168000
42.281000
43.033000
43.727000
44.541000
46.033000
45.621000
46.004000
49.003000
48.703000
50.025000
50.217000
51.296000
52.829000
53.635000
53.612000
56.371000
55.761000
57.287000
58.371000
59.672000
59.805000
61.989000
61.076000
64.651000
63.977000
64.442000
66.347000
69.612000
67.285000
67.766000
68.130000
72.333000
71.058000
74.815000
74.437000
75.197000
75.299000
78.674000
77.166000
78.860000
79.775000
81.459000
81.384000
85.590000
83.683000
90.998000
87.356000
87.936000
90.975000
90.479000
88.407000
94.797000
91.370000
93.911000
94.235000
97.074000
95.110000
101.896000
99.347000
101.163000
102.775000
102.557000
104.391000
107.006000
105.233000
107.989000
109.041000
111.489000
110.057000
112.545000
113.485000
116.487000
115.142000
116.856000
118.546000
120.311000
121.524000
122.883000
122.456000
123.314000
125.321000
125.297000
127.527000
131.856000
130.566000
133.400000
130.495000
135.268000
133.896000
137.472000
136.465000
141.354000
139.722000
143.790000
141.852000
148.947000
143.453000
148.209000
150.322000
154.108000
151.782000
156.340000
154.552000
160.611000
154.640000
158.565000
157.557000
161.319000
162.481000
165.754000
163.105000
169.916000
164.769000
167.674000
168.884000
171.909000
172.523000
174.761000
174.340000
177.219000
174.606000
179.529000
181.302000
185.931000
185.238000
187.945000
184.294000
191.582000
189.063000
192.839000
189.568000
193.542000
194.159000
198.966000
195.703000
200.526000
197.519000
203.258000
204.060000
206.330000
205.188000
209.067000
209.508000
214.430000
211.719000
215.183000
213.467000
218.147000
217.305000
219.673000
219.689000
226.486000
224.389000
225.641000
223.677000
232.808000
231.012000
234.899000
231.748000
237.348000
235.985000
238.816000
236.534000
242.673000
242.046000
246.036000
242.929000
250.577000
254.868000
255.963000
261.799000
266.391000
265.616000
274.626000
268.208000
270.669000
289.195000
264.777000
275.123000
274.393000
276.498000
273.388000
281.975000
291.643000
287.525000
294.058000
287.997000
290.351000
283.009000
286.895000
285.686000
290.938000
286.939000
293.222000
292.370000
293.925000
294.054000
302.239000
297.901000
301.185000
301.595000
307.739000
303.063000
311.609000
312.188000
312.431000
311.668000
318.696000
314.366000
319.966000
320.937000
324.970000
324.133000
330.414000
327.326000
332.089000
331.682000
333.559000
333.565000
343.871000
337.541000
343.239000
340.386000
346.382000
347.952000
348.367000
343.855000
355.315000
354.938000
355.408000
360.888000
366.750000
356.301000
367.132000
370.762000
384.648000
368.844000
371.312000
370.722000
381.054000
373.380000
377.234000
376.376000
382.987000
381.787000
386.076000
383.474000
394.150000
384.508000
394.581000
388.422000
400.117000
395.642000
398.929000
405.283000
406.395000
402.437000
406.861000
405.005000
424.489000
408.015000
416.558000
414.804000
417.707000
428.416000
423.940000
420.922000
427.124000
428.010000
433.079000
431.191000
440.210000
437.046000
442.532000
435.065000
453.118000
444.368000
453.739000
448.743000
454.291000
458.107000
457.211000
457.872000
463.665000
460.307000
464.134000
463.539000
474.010000
466.463000
471.058000
468.975000
482.298000
472.585000
484.825000
481.672000
489.654000
485.199000
489.946000
483.854000
500.231000
491.035000
500.674000
500.186000
507.660000
495.087000
505.903000
502.108000
514.431000
510.896000
523.361000
517.124000
522.960000
517.289000
524.002000
518.505000
529.146000
528.227000
532.210000
532.510000
535.950000
534.420000
539.620000
551.067000
546.231000
540.623000
550.222000
547.508000
561.047000
549.388000
556.382000
554.050000
568.992000
563.999000
580.384000
571.196000
571.839000
568.214000
575.682000
574.419000
581.192000
582.751000
594.444000
584.767000
588.997000
585.686000
595.677000
588.987000
598.406000
600.371000
610.685000
598.200000
609.588000
601.946000
610.061000
12.553000
12.736000
13.981000
14.431000
15.666000
16.188000
17.447000
17.514000
17.656000
19.861000
19.510000
22.067000
21.345000
22.729000
23.162000
24.139000
24.321000
25.263000
26.238000
27.903000
28.353000
29.024000
30.997000
31.644000
32.782000
32.015000
32.585000
34.705000
34.586000
35.797000
37.206000
36.789000
37.399000
39.153000
40.445000
40.769000
40.932000
41.910000
44.617000
45.905000
44.747000
45.570000
46.792000
48.403000
49.232000
50.632000
49.594000
51.143000
54.051000
53.439000
54.198000
56.704000
56.546000
60.257000
59.262000
58.742000
60.754000
63.194000
62.527000
63.910000
64.245000
67.988000
65.326000
67.087000
69.615000
69.846000
71.672000
73.111000
71.595000
72.773000
74.544000
76.282000
76.976000
77.549000
77.302000
78.540000
80.464000
81.185000
84.026000
84.788000
82.024000
85.625000
90.339000
89.089000
89.922000
89.644000
88.724000
93.901000
93.072000
95.277000
98.166000
96.556000
96.336000
101.241000
98.834000
102.067000
101.311000
101.715000
104.745000
106.561000
105.487000
107.375000
107.940000
111.614000
111.351000
112.011000
112.778000
119.051000
117.382000
117.662000
116.806000
118.915000
118.299000
123.534000
120.418000
123.610000
124.776000
127.970000
127.746000
129.422000
128.111000
133.268000
130.130000
135.083000
134.861000
139.409000
135.885000
139.832000
140.990000
141.464000
140.481000
145.864000
144.685000
148.435000
146.668000
156.338000
149.838000
153.421000
154.227000
155.432000
154.177000
159.995000
155.730000
161.574000
168.700000
180.832000
161.692000
169.792000
165.268000
167.795000
169.970000
174.314000
169.751000
175.508000
173.587000
180.454000
180.536000
184.797000
182.521000
191.043000
182.888000
189.639000
187.158000
188.052000
188.083000
189.894000
190.033000
197.023000
192.425000
198.696000
194.618000
201.109000
201.880000
202.741000
201.517000
205.422000
203.446000
211.077000
205.625000
213.377000
209.829000
212.958000
215.664000
214.856000
216.344000
219.177000
222.240000
230.959000
231.480000
231.797000
233.573000
236.990000
233.943000
237.174000
302.805000
234.893000
254.714000
259.144000
267.063000
271.052000
250.532000
250.883000
250.817000
255.506000
247.705000
252.344000
253.689000
255.636000
259.720000
262.045000
259.299000
267.115000
261.319000
266.043000
262.575000
271.274000
269.623000
273.722000
271.794000
274.567000
274.342000
283.435000
275.707000
285.503000
284.377000
286.149000
285.788000
286.268000
283.974000
286.816000
291.239000
300.392000
300.969000
295.158000
295.454000
301.756000
296.965000
299.363000
301.141000
309.881000
315.555000
313.442000
308.773000
312.819000
312.361000
319.078000
313.447000
322.244000
327.557000
323.584000
326.831000
332.858000
335.440000
326.365000
329.276000
333.079000
332.079000
343.013000
337.423000
352.013000
357.702000
352.788000
341.648000
360.689000
347.812000
354.254000
351.463000
352.895000
359.163000
374.545000
356.158000
375.926000
375.236000
370.417000
370.106000
375.122000
372.629000
385.142000
371.428000
384.207000
383.765000
388.493000
384.954000
389.001000
390.257000
390.720000
383.529000
395.791000
388.550000
397.832000
399.390000
405.738000
396.981000
399.046000
398.323000
408.335000
406.027000
408.888000
411.559000
423.122000
411.573000
416.492000
416.443000
420.059000
421.182000
432.618000
426.345000
436.071000
426.238000
433.303000
430.343000
441.639000
433.928000
446.749000
439.961000
448.831000
443.246000
445.477000
445.081000
453.917000
453.928000
458.483000
457.104000
463.061000
460.795000
464.517000
462.131000
472.958000
469.015000
477.783000
477.268000
482.615000
480.297000
486.677000
477.720000
500.861000
495.464000
512.799000
495.220000
518.211000
523.820000
512.217000
520.899000
508.718000
512.070000
540.569000
528.836000
545.720000
548.296000
591.631000
643.503000
641.379000
599.801000
613.573000
679.773000
704.676000
625.218000
534.546000
538.269000
556.987000
553.700000
561.165000
587.210000
636.049000
624.351000
622.222000
573.276000
619.185000
613.018000
621.579000
701.720000
657.748000
597.539000
583.463000
574.084000
589.644000
583.387000
593.292000
593.096000
599.768000
593.235000
597.735000
601.726000
613.147000
608.139000
614.967000
621.864000
616.311000
614.507000
630.682000
12.582000
13.663000
14.060000
14.662000
15.811000
18.303000
16.892000
18.267000
19.241000
19.574000
20.587000
22.552000
22.076000
24.055000
24.968000
26.072000
24.581000
25.117000
26.508000
27.718000
29.053000
29.854000
30.912000
30.945000
30.481000
32.296000
33.617000
34.691000
36.360000
35.952000
35.835000
37.602000
39.464000
40.648000
42.285000
41.675000
41.232000
44.412000
44.133000
45.521000
47.926000
46.444000
48.678000
49.034000
49.031000
49.996000
50.042000
51.540000
52.650000
52.674000
53.919000
54.949000
56.362000
57.715000
59.323000
62.214000
62.155000
61.233000
60.915000
63.854000
64.240000
65.608000
66.714000
68.949000
68.856000
68.008000
68.160000
71.418000
71.900000
73.642000
76.814000
77.362000
76.291000
81.655000
76.209000
80.185000
81.830000
82.694000
82.191000
83.637000
83.872000
86.077000
89.901000
89.480000
90.198000
90.685000
88.489000
94.244000
94.712000
94.830000
96.416000
98.280000
96.769000
102.044000
100.774000
101.083000
104.589000
104.694000
101.544000
104.997000
104.459000
111.473000
108.819000
111.505000
109.378000
112.904000
115.082000
115.493000
116.345000
116.506000
120.159000
120.817000
119.851000
122.697000
120.664000
125.321000
127.059000
127.996000
127.307000
132.795000
135.682000
133.105000
129.865000
162.274000
141.307000
138.289000
138.229000
143.808000
156.832000
153.138000
141.130000
149.859000
143.179000
161.957000
161.168000
153.854000
153.658000
156.843000
153.922000
159.542000
155.287000
159.110000
157.303000
164.265000
159.148000
170.549000
164.117000
166.536000
166.444000
171.254000
168.805000
174.553000
172.380000
176.523000
177.172000
175.407000
175.136000
184.701000
181.100000
183.979000
185.959000
188.084000
187.025000
192.998000
188.238000
193.044000
189.627000
199.843000
196.034000
201.792000
196.385000
199.359000
203.425000
201.682000
204.627000
213.795000
208.337000
212.452000
208.903000
211.173000
209.413000
212.399000
244.913000
221.065000
220.022000
224.266000
220.411000
227.093000
223.009000
226.291000
232.743000
232.435000
230.112000
234.105000
229.708000
239.256000
234.722000
240.944000
235.619000
252.058000
244.663000
248.993000
245.138000
256.999000
247.923000
249.300000
250.044000
261.833000
254.904000
261.275000
256.525000
268.141000
268.020000
267.070000
266.643000
273.798000
266.409000
276.715000
274.541000
297.446000
274.373000
278.196000
285.741000
283.020000
282.291000
287.726000
291.128000
296.488000
302.310000
288.022000
294.923000
301.841000
295.172000
298.584000
298.392000
302.535000
306.484000
309.359000
307.994000
317.579000
314.348000
314.122000
313.631000
333.379000
322.215000
319.638000
315.644000
318.558000
320.449000
322.556000
341.661000
369.564000
347.762000
336.472000
330.715000
349.739000
344.066000
340.961000
346.285000
401.399000
359.288000
348.657000
346.017000
356.254000
356.665000
364.513000
352.423000
368.170000
363.811000
364.959000
365.541000
368.771000
364.563000
372.174000
391.716000
394.189000
387.742000
385.161000
384.139000
397.961000
385.590000
403.080000
410.852000
401.774000
386.061000
398.475000
409.538000
407.557000
403.825000
400.426000
406.162000
411.908000
402.930000
408.389000
410.914000
430.076000
421.442000
420.977000
447.818000
428.861000
425.886000
432.086000
430.275000
462.065000
454.256000
451.734000
440.148000
441.833000
444.028000
446.768000
447.393000
457.635000
460.166000
448.234000
450.627000
482.383000
457.677000
467.864000
464.088000
478.731000
467.638000
483.586000
471.999000
486.080000
463.787000
485.354000
467.751000
482.047000
473.231000
474.781000
474.346000
484.493000
473.302000
481.279000
474.410000
490.424000
486.490000
498.640000
492.055000
499.017000
499.399000
497.419000
492.713000
506.420000
498.548000
512.184000
503.224000
515.873000
506.461000
514.899000
509.854000
525.210000
512.806000
525.749000
518.961000
532.624000
521.693000
531.090000
524.866000
539.133000
533.172000
544.570000
538.504000
545.901000
563.845000
543.353000
546.796000
550.682000
552.083000
556.320000
557.441000
561.886000
556.165000
564.769000
561.576000
577.518000
565.336000
576.700000
572.484000
582.521000
575.712000
580.957000
585.561000
591.562000
594.508000
598.364000
592.493000
601.213000
589.024000
605.899000
12.477000
13.140000
13.306000
13.908000
15.122000
15.832000
15.975000
17.535000
17.739000
18.768000
19.324000
20.821000
22.008000
22.419000
22.936000
24.101000
24.107000
26.408000
25.339000
27.228000
28.089000
29.279000
30.134000
30.807000
32.080000
32.218000
32.750000
34.833000
34.839000
36.411000
36.102000
36.531000
36.241000
38.519000
40.053000
41.465000
40.529000
42.141000
43.052000
44.915000
44.700000
47.143000
46.353000
47.771000
50.714000
50.139000
49.696000
50.879000
53.228000
53.373000
53.593000
55.326000
56.698000
56.651000
55.872000
58.890000
59.816000
60.032000
59.934000
63.342000
63.697000
63.534000
65.846000
67.087000
68.295000
68.674000
67.589000
72.482000
70.891000
72.231000
72.611000
76.472000
74.963000
77.892000
75.786000
77.186000
82.777000
79.093000
81.637000
82.730000
86.267000
84.703000
85.479000
85.947000
87.840000
88.233000
88.108000
92.612000
93.053000
93.236000
95.073000
96.702000
95.195000
99.090000
97.399000
98.935000
102.707000
100.872000
101.473000
106.507000
106.214000
107.532000
104.760000
109.270000
107.921000
109.638000
112.034000
115.087000
114.632000
115.404000
117.986000
117.690000
119.355000
120.684000
121.495000
122.489000
122.593000
127.109000
126.122000
128.552000
128.482000
130.362000
131.471000
132.387000
133.785000
135.409000
135.206000
137.858000
138.367000
139.929000
140.985000
142.814000
145.236000
144.687000
143.955000
147.777000
148.578000
150.469000
150.839000
153.242000
151.776000
155.026000
154.284000
157.186000
158.976000
162.627000
164.199000
162.360000
164.244000
165.146000
166.052000
168.653000
170.679000
171.352000
172.702000
173.235000
176.130000
177.683000
177.592000
178.199000
178.933000
182.712000
183.708000
184.591000
184.857000
185.137000
186.781000
191.824000
201.654000
195.725000
202.158000
196.277000
195.607000
199.037000
201.333000
200.205000
202.416000
207.453000
206.178000
208.491000
205.740000
208.266000
209.073000
215.073000
215.844000
216.303000
217.127000
221.674000
219.803000
220.897000
220.459000
226.427000
227.812000
230.285000
228.010000
234.846000
234.598000
236.794000
234.460000
237.397000
241.559000
243.203000
244.399000
246.375000
248.806000
251.882000
246.881000
251.236000
251.853000
258.218000
252.797000
259.749000
258.514000
259.928000
260.889000
265.654000
265.647000
267.853000
265.660000
272.666000
273.436000
273.264000
273.720000
281.383000
277.456000
281.885000
280.734000
287.017000
282.469000
284.090000
287.886000
292.052000
291.993000
296.236000
296.695000
297.079000
295.482000
304.340000
300.863000
307.423000
305.084000
310.102000
305.510000
311.468000
309.451000
312.752000
311.510000
320.811000
316.072000
322.625000
322.368000
327.757000
324.431000
328.622000
330.500000
335.584000
334.259000
339.008000
339.435000
339.962000
341.479000
342.652000
344.919000
349.153000
350.949000
354.656000
348.743000
356.697000
353.409000
360.245000
357.653000
362.982000
359.364000
367.234000
361.551000
367.905000
377.473000
374.232000
370.641000
378.780000
372.455000
381.704000
378.759000
383.714000
382.318000
384.255000
388.326000
392.491000
386.061000
396.104000
390.660000
397.934000
406.731000
398.446000
396.762000
404.315000
402.794000
410.482000
404.146000
414.722000
407.257000
415.291000
414.820000
422.693000
421.164000
425.126000
423.299000
427.963000
428.467000
431.520000
429.034000
442.581000
435.074000
448.368000
439.888000
454.840000
442.754000
449.290000
445.622000
460.242000
457.086000
460.230000
457.648000
462.312000
457.934000
461.684000
463.123000
470.392000
473.259000
478.218000
474.280000
480.226000
474.597000
484.194000
477.926000
491.260000
486.441000
489.487000
484.952000
496.201000
491.421000
496.330000
494.068000
506.989000
497.490000
525.156000
504.380000
514.265000
509.213000
517.417000
513.876000
525.105000
520.013000
526.005000
523.202000
532.046000
525.199000
530.951000
531.053000
537.025000
532.277000
542.625000
538.467000
547.895000
540.370000
546.378000
541.305000
550.492000
549.018000
557.716000
550.690000
565.626000
555.615000
564.801000
562.498000
574.483000
568.268000
575.046000
577.509000
581.091000
575.654000
586.687000
583.979000
593.547000
584.493000
598.674000
593.637000
603.249000
597.820000
601.515000
11.981000
13.449000
13.311000
14.628000
15.064000
15.881000
16.483000
17.660000
18.334000
18.480000
19.778000
21.303000
21.643000
22.629000
23.449000
24.534000
25.026000
25.801000
26.156000
27.008000
28.731000
28.773000
29.846000
30.740000
30.507000
32.124000
31.701000
33.575000
34.687000
36.130000
35.962000
35.834000
37.201000
39.370000
39.173000
41.985000
41.500000
41.465000
43.261000
45.680000
46.024000
49.317000
46.589000
48.577000
49.300000
50.223000
49.134000
53.442000
53.492000
54.271000
54.254000
55.344000
57.008000
57.528000
57.054000
60.524000
60.154000
61.594000
61.344000
64.850000
78.219000
68.417000
66.795000
70.097000
68.725000
69.304000
70.354000
70.550000
72.180000
75.494000
74.098000
74.720000
76.524000
76.440000
79.272000
80.476000
78.436000
81.472000
86.630000
82.540000
84.341000
85.521000
84.238000
88.347000
89.214000
89.048000
90.853000
92.153000
91.163000
95.065000
93.833000
94.537000
96.247000
96.825000
96.968000
103.981000
102.523000
107.167000
103.536000
104.039000
105.971000
106.689000
109.860000
109.304000
109.493000
111.834000
111.986000
113.434000
113.754000
115.952000
115.596000
117.824000
118.406000
120.104000
119.928000
124.245000
123.417000
127.678000
126.793000
130.385000
128.013000
132.129000
131.810000
134.635000
132.227000
136.577000
133.827000
138.181000
139.562000
144.221000
139.894000
142.614000
143.802000
146.617000
142.857000
149.878000
149.707000
153.532000
150.298000
153.931000
151.626000
155.688000
153.972000
161.474000
156.817000
164.052000
161.105000
164.687000
164.879000
168.450000
163.971000
171.477000
168.645000
173.247000
173.544000
177.493000
175.402000
180.398000
175.869000
182.868000
180.720000
186.817000
181.346000
188.303000
184.469000
189.490000
189.370000
194.471000
191.248000
196.003000
194.224000
199.868000
195.936000
200.400000
198.499000
203.180000
203.488000
205.351000
202.952000
210.631000
207.530000
211.245000
208.921000
215.423000
213.377000
219.974000
216.966000
225.315000
219.837000
223.010000
226.562000
226.468000
225.923000
232.075000
229.434000
232.722000
230.284000
232.769000
236.093000
239.190000
236.836000
245.072000
241.034000
249.300000
242.073000
247.924000
246.530000
253.166000
247.817000
254.508000
256.900000
264.345000
255.163000
260.308000
259.392000
267.116000
261.130000
268.722000
267.986000
273.102000
272.800000
275.191000
276.089000
276.491000
279.197000
283.067000
279.226000
284.886000
284.703000
287.161000
284.934000
292.229000
292.655000
296.233000
291.817000
298.881000
298.923000
298.145000
298.516000
306.105000
301.037000
308.490000
309.123000
312.256000
307.237000
314.188000
321.282000
317.655000
317.090000
325.167000
319.345000
326.238000
323.866000
325.691000
328.567000
334.071000
331.353000
336.122000
337.760000
340.126000
339.160000
342.854000
340.934000
346.897000
347.116000
358.149000
350.821000
355.698000
350.309000
362.587000
352.430000
362.281000
361.838000
364.829000
364.625000
372.823000
366.249000
371.323000
371.269000
378.202000
377.222000
381.165000
382.776000
384.988000
381.535000
390.504000
388.260000
388.593000
392.375000
393.820000
395.747000
398.957000
395.821000
403.012000
398.056000
408.676000
403.026000
409.921000
410.279000
413.175000
412.651000
415.236000
417.563000
424.293000
417.180000
427.481000
422.482000
433.276000
424.746000
432.042000
430.106000
439.224000
443.034000
443.508000
442.960000
446.576000
444.632000
453.264000
451.641000
457.797000
452.336000
462.487000
454.539000
480.297000
457.260000
466.349000
461.366000
470.048000
470.360000
472.669000
472.830000
478.824000
477.020000
482.732000
479.816000
491.448000
486.278000
488.676000
492.256000
500.186000
491.477000
495.377000
496.475000
501.359000
503.730000
510.589000
507.214000
515.055000
510.898000
514.700000
513.069000
521.432000
520.717000
527.144000
525.121000
531.509000
526.110000
534.251000
527.840000
543.510000
533.954000
546.772000
534.818000
547.397000
535.881000
550.398000
545.180000
551.471000
550.673000
555.635000
556.062000
558.641000
560.965000
563.449000
564.560000
569.043000
567.366000
578.635000
572.204000
588.895000
578.066000
599.383000
582.116000
591.544000
586.224000
592.413000
596.353000
600.082000
590.870000
602.520000
12.360000
13.195000
13.199000
14.664000
14.394000
16.300000
16.327000
16.958000
17.696000
18.773000
19.027000
20.981000
21.422000
23.799000
24.546000
23.775000
24.180000
25.107000
25.515000
26.526000
27.920000
29.572000
29.569000
30.643000
29.890000
30.923000
31.741000
34.059000
35.015000
38.163000
37.261000
35.756000
37.665000
39.512000
40.669000
41.923000
40.579000
42.334000
42.228000
45.972000
44.778000
45.250000
45.905000
48.505000
49.120000
49.652000
49.093000
50.029000
52.200000
53.943000
52.692000
54.048000
57.108000
58.246000
57.982000
59.090000
58.495000
61.369000
60.367000
62.254000
63.961000
64.811000
63.820000
66.320000
68.302000
68.289000
69.172000
73.180000
71.981000
73.914000
72.909000
75.411000
73.953000
75.709000
77.591000
77.634000
79.207000
81.002000
78.018000
83.793000
84.993000
85.132000
87.170000
88.588000
86.234000
89.757000
89.432000
90.024000
91.995000
92.149000
93.461000
97.700000
96.712000
97.822000
100.188000
99.038000
97.854000
103.440000
101.887000
104.462000
104.230000
105.908000
107.285000
108.047000
109.136000
110.445000
110.485000
113.405000
112.094000
116.210000
116.187000
120.551000
118.633000
119.604000
119.978000
123.665000
122.416000
124.697000
125.665000
129.746000
127.873000
132.204000
128.806000
132.105000
133.209000
135.754000
134.990000
140.894000
137.601000
140.609000
140.431000
143.391000
142.712000
149.338000
148.825000
150.793000
148.748000
152.710000
148.602000
154.789000
154.014000
159.145000
156.534000
159.342000
159.471000
161.411000
161.807000
164.800000
162.538000
166.624000
166.791000
168.750000
171.858000
175.607000
170.177000
174.429000
173.473000
177.577000
178.849000
182.488000
177.831000
184.976000
180.818000
188.351000
187.566000
188.866000
187.628000
193.784000
192.588000
196.828000
194.278000
197.818000
195.747000
200.207000
201.482000
204.362000
201.891000
206.993000
203.483000
211.260000
208.590000
209.921000
208.646000
215.902000
216.011000
216.415000
214.992000
221.058000
220.223000
223.616000
219.853000
225.966000
224.728000
231.661000
229.657000
233.105000
232.407000
236.938000
233.934000
240.811000
236.397000
248.252000
239.867000
246.678000
242.768000
249.868000
248.987000
250.222000
248.705000
266.059000
259.714000
258.387000
258.422000
261.442000
258.784000
264.610000
264.075000
270.586000
266.726000
270.249000
268.421000
275.684000
273.823000
278.255000
278.361000
282.083000
278.724000
284.839000
282.659000
284.116000
282.892000
292.350000
296.290000
296.184000
292.434000
302.460000
302.370000
307.330000
308.173000
309.208000
310.396000
311.265000
309.325000
311.344000
309.886000
316.482000
311.491000
318.225000
321.116000
321.596000
319.345000
326.825000
322.270000
328.393000
330.397000
333.832000
333.661000
341.835000
332.575000
342.071000
341.554000
340.170000
342.876000
349.324000
346.523000
353.189000
353.292000
352.371000
354.326000
360.028000
355.033000
364.560000
363.724000
365.518000
366.462000
368.217000
368.198000
374.256000
368.964000
380.711000
375.691000
380.614000
382.635000
383.674000
385.238000
387.914000
383.788000
399.460000
389.134000
398.110000
397.370000
414.555000
401.643000
403.799000
399.129000
409.012000
401.263000
412.970000
407.067000
419.901000
420.590000
419.002000
414.839000
417.501000
422.501000
425.114000
423.993000
430.263000
426.850000
433.076000
428.864000
442.548000
430.422000
439.532000
437.485000
445.500000
445.018000
447.182000
449.774000
449.508000
451.218000
457.128000
453.724000
461.401000
458.830000
461.355000
459.550000
470.644000
465.701000
476.408000
468.749000
478.726000
471.984000
482.401000
475.005000
488.632000
482.266000
492.225000
487.420000
501.120000
484.892000
495.136000
490.651000
511.071000
500.397000
515.563000
500.743000
512.674000
507.017000
514.210000
509.090000
521.686000
513.308000
533.270000
523.472000
532.158000
519.509000
532.108000
525.842000
539.079000
531.625000
543.644000
567.289000
546.919000
546.074000
546.691000
544.776000
554.085000
550.480000
556.670000
560.209000
561.604000
553.930000
564.204000
558.856000
573.465000
565.563000
577.816000
569.168000
577.602000
575.170000
575.590000
580.029000
589.413000
583.511000
593.313000
587.837000
603.606000
593.532000
599.272000
12.524000
12.846000
13.354000
14.411000
14.880000
15.763000
15.948000
17.043000
17.328000
18.863000
19.242000
20.485000
21.979000
22.368000
23.169000
24.208000
24.022000
25.532000
26.077000
26.936000
27.776000
29.114000
30.265000
30.510000
31.508000
31.349000
31.554000
33.457000
34.987000
36.111000
36.268000
36.135000
37.820000
41.527000
39.090000
41.313000
40.214000
41.630000
42.002000
44.305000
44.694000
45.198000
45.481000
48.426000
49.111000
50.396000
50.034000
51.870000
53.267000
55.389000
54.525000
55.338000
56.103000
57.845000
56.853000
58.384000
59.851000
61.066000
60.492000
64.004000
64.307000
64.026000
65.457000
67.714000
68.434000
67.946000
69.709000
71.920000
70.089000
72.071000
72.268000
73.494000
74.212000
76.395000
75.262000
79.308000
81.392000
79.404000
80.835000
83.929000
81.532000
85.528000
85.084000
86.148000
87.021000
89.051000
87.282000
91.343000
92.323000
92.418000
95.591000
96.640000
94.993000
98.113000
97.678000
99.045000
100.917000
101.004000
101.812000
105.982000
104.334000
106.370000
106.831000
107.986000
108.828000
110.074000
110.204000
115.011000
114.332000
116.017000
115.406000
117.798000
117.242000
119.879000
119.427000
122.198000
123.197000
127.618000
126.218000
127.845000
126.497000
129.885000
130.549000
133.853000
133.095000
136.601000
133.678000
137.603000
135.634000
141.040000
137.915000
146.685000
142.648000
146.499000
143.530000
149.702000
145.106000
151.395000
149.523000
152.859000
152.052000
155.019000
154.035000
160.654000
159.398000
166.868000
161.188000
164.956000
162.724000
166.752000
164.772000
169.857000
171.322000
172.006000
172.491000
175.110000
175.395000
177.885000
174.384000
180.405000
178.517000
182.771000
183.412000
205.843000
190.880000
194.952000
191.717000
204.128000
205.617000
208.429000
206.079000
208.846000
206.482000
225.220000
208.461000
236.329000
221.050000
215.614000
212.143000
229.280000
226.608000
240.051000
262.914000
258.328000
295.248000
247.368000
251.814000
250.536000
232.793000
246.607000
247.116000
243.509000
231.106000
243.280000
235.258000
231.400000
229.298000
235.840000
236.174000
237.226000
236.483000
244.383000
245.844000
244.183000
242.496000
250.350000
245.824000
252.159000
249.382000
254.784000
257.167000
258.897000
255.391000
260.326000
259.884000
264.108000
261.649000
269.618000
264.308000
270.226000
266.079000
274.526000
271.596000
274.470000
273.317000
287.028000
279.033000
283.153000
285.387000
286.836000
282.631000
289.973000
289.711000
292.679000
289.220000
300.213000
297.312000
295.841000
299.793000
302.142000
301.666000
305.278000
307.788000
310.371000
314.490000
319.306000
310.741000
314.390000
317.974000
329.448000
319.678000
330.176000
322.068000
323.741000
325.842000
332.195000
332.400000
338.942000
334.990000
340.240000
339.942000
344.697000
339.101000
348.918000
343.407000
351.228000
351.581000
355.409000
356.385000
364.805000
351.877000
361.475000
375.772000
363.662000
366.239000
367.467000
365.512000
371.812000
367.158000
373.999000
375.593000
380.204000
380.032000
383.740000
377.953000
389.058000
388.988000
388.395000
390.086000
393.650000
395.311000
400.032000
399.239000
403.975000
394.657000
410.207000
401.312000
412.209000
410.851000
412.198000
412.311000
413.001000
410.593000
420.782000
413.221000
426.581000
419.009000
430.134000
423.120000
429.941000
431.702000
435.061000
433.238000
439.794000
438.771000
444.295000
444.908000
451.970000
448.123000
456.212000
448.467000
458.118000
450.132000
491.783000
459.707000
480.774000
479.397000
469.717000
462.594000
473.541000
468.549000
473.974000
476.998000
482.380000
475.105000
484.300000
483.814000
488.680000
490.782000
492.296000
490.504000
490.183000
505.233000
503.188000
500.503000
502.795000
503.410000
516.473000
520.663000
521.123000
526.759000
528.859000
515.992000
520.677000
520.383000
531.248000
521.852000
530.861000
533.772000
542.327000
529.915000
546.459000
537.918000
546.099000
537.018000
547.145000
546.818000
553.974000
550.816000
553.680000
556.854000
560.059000
556.910000
560.908000
561.534000
571.442000
568.304000
573.377000
571.266000
582.374000
570.299000
582.649000
580.051000
593.988000
586.571000
588.868000
592.374000
602.550000
592.375000
596.468000
12.103000
13.318000
13.211000
14.130000
14.707000
16.042000
16.872000
17.383000
18.159000
18.296000
18.965000
21.636000
21.313000
22.570000
23.682000
24.357000
23.635000
24.850000
25.382000
25.813000
28.326000
28.967000
30.163000
31.103000
31.502000
34.939000
32.272000
33.641000
34.830000
35.519000
36.018000
36.459000
37.085000
39.082000
39.523000
41.439000
41.034000
41.078000
42.324000
45.706000
44.854000
45.973000
45.680000
48.691000
48.855000
50.298000
48.822000
50.155000
54.059000
54.348000
52.639000
54.920000
54.841000
59.021000
57.011000
56.977000
59.438000
60.350000
62.401000
61.377000
63.302000
65.315000
64.632000
65.369000
66.052000
68.848000
68.375000
70.413000
71.830000
73.151000
72.296000
76.090000
74.316000
76.655000
76.478000
78.183000
78.334000
80.247000
79.891000
83.463000
83.745000
85.370000
92.779000
103.630000
86.502000
90.592000
89.509000
90.612000
92.107000
92.348000
92.615000
98.164000
96.459000
97.927000
99.205000
99.572000
98.990000
104.298000
100.731000
104.123000
107.006000
106.567000
107.051000
108.850000
107.837000
110.812000
110.527000
114.294000
112.433000
116.064000
115.542000
118.234000
118.153000
119.945000
121.263000
122.937000
122.036000
126.418000
129.161000
130.987000
128.801000
130.141000
130.659000
133.947000
134.504000
134.629000
135.716000
138.087000
138.665000
139.580000
140.070000
142.440000
142.362000
145.076000
147.090000
146.834000
148.443000
149.249000
151.789000
154.604000
159.731000
156.612000
156.512000
158.439000
158.283000
160.842000
163.644000
165.216000
164.839000
166.019000
167.331000
168.368000
171.596000
173.688000
172.197000
173.801000
173.807000
177.591000
179.377000
180.189000
179.533000
183.023000
184.457000
187.151000
187.977000
188.718000
188.796000
190.270000
191.639000
196.489000
195.563000
196.590000
197.179000
198.201000
201.821000
202.628000
203.564000
206.169000
205.672000
210.265000
209.724000
210.237000
210.294000
219.474000
216.641000
216.868000
217.286000
223.558000
222.105000
223.355000
222.098000
225.732000
228.004000
230.794000
229.274000
233.024000
233.780000
239.801000
236.923000
237.934000
239.842000
243.625000
239.636000
242.710000
241.214000
248.717000
247.053000
250.641000
248.059000
253.859000
251.443000
257.317000
254.369000
260.179000
257.493000
263.026000
264.973000
268.819000
264.309000
267.526000
267.714000
270.967000
272.149000
276.286000
275.198000
280.544000
277.282000
282.686000
281.634000
283.466000
281.819000
288.655000
288.052000
290.729000
290.235000
299.298000
295.929000
296.852000
297.459000
303.497000
299.479000
318.034000
324.083000
308.258000
308.713000
315.498000
312.033000
315.090000
317.262000
318.979000
316.796000
323.845000
321.150000
324.724000
327.762000
332.356000
330.023000
338.252000
334.649000
338.166000
338.725000
339.294000
339.274000
350.853000
345.413000
352.523000
348.287000
354.494000
349.755000
356.496000
353.763000
362.412000
361.990000
363.980000
362.741000
366.491000
363.829000
369.584000
365.696000
375.957000
373.912000
378.446000
377.841000
382.583000
379.349000
389.082000
382.081000
391.843000
388.655000
392.073000
392.700000
394.909000
393.963000
401.774000
399.131000
411.469000
399.833000
411.376000
409.985000
412.776000
410.069000
414.961000
414.134000
418.714000
418.773000
422.771000
422.260000
429.595000
420.566000
427.833000
428.703000
436.702000
434.240000
437.436000
437.373000
440.101000
442.074000
446.575000
443.712000
449.992000
445.880000
471.108000
449.165000
463.965000
451.751000
460.939000
455.717000
465.753000
464.189000
469.987000
467.214000
474.651000
470.626000
477.857000
481.490000
482.212000
480.186000
487.559000
488.068000
493.762000
487.751000
489.992000
494.087000
500.459000
500.546000
502.459000
505.418000
509.673000
509.890000
518.997000
511.014000
517.385000
513.967000
526.081000
525.556000
531.011000
521.973000
528.247000
531.423000
542.431000
530.248000
541.170000
538.599000
545.849000
536.637000
547.210000
541.651000
555.864000
547.865000
559.052000
553.657000
560.184000
553.711000
556.474000
565.409000
566.827000
565.090000
574.005000
567.038000
589.106000
573.527000
582.146000
576.798000
590.293000
587.114000
590.492000
588.348000
598.366000
593.617000
595.351000
