15.078000
14.212000
14.399000
14.923000
16.663000
18.234000
19.228000
17.862000
18.084000
19.701000
19.731000
23.557000
21.467000
24.185000
25.511000
25.752000
26.048000
26.714000
26.153000
27.484000
28.820000
29.974000
33.416000
31.304000
31.340000
32.631000
33.011000
33.329000
33.913000
36.861000
37.569000
37.605000
37.131000
38.531000
38.415000
41.761000
42.332000
43.800000
46.981000
42.889000
44.313000
46.270000
48.652000
46.845000
46.556000
50.095000
50.259000
51.771000
50.810000
54.227000
54.187000
56.053000
55.973000
55.890000
58.391000
59.226000
59.786000
61.689000
62.589000
62.003000
61.471000
63.821000
66.149000
66.457000
66.925000
70.225000
68.593000
70.593000
70.517000
73.375000
72.126000
74.921000
75.277000
74.476000
77.841000
79.429000
78.010000
81.662000
82.919000
82.355000
84.599000
84.807000
84.126000
88.558000
91.651000
90.548000
91.502000
92.100000
94.143000
97.272000
96.399000
97.508000
100.090000
97.264000
105.204000
102.561000
101.703000
104.554000
103.047000
106.197000
107.113000
106.756000
106.831000
110.467000
110.489000
135.407000
141.111000
121.863000
119.329000
119.658000
118.259000
124.830000
125.536000
122.032000
124.140000
126.365000
125.987000
127.347000
126.211000
138.918000
135.803000
135.925000
137.311000
141.867000
137.835000
135.404000
144.475000
145.124000
137.676000
150.827000
143.645000
143.309000
142.791000
145.176000
145.930000
146.782000
149.611000
157.669000
153.287000
155.846000
152.142000
155.768000
155.274000
158.783000
158.758000
160.378000
161.386000
161.635000
165.550000
173.723000
177.967000
171.879000
180.222000
180.890000
172.457000
174.821000
175.080000
175.238000
182.024000
177.888000
181.319000
181.569000
196.228000
194.747000
193.233000
197.777000
197.245000
203.588000
191.663000
193.535000
191.037000
201.711000
195.761000
199.039000
199.029000
204.700000
212.017000
208.128000
206.800000
207.639000
206.498000
210.542000
210.155000
213.888000
212.963000
217.974000
218.772000
218.860000
219.443000
221.199000
222.650000
246.470000
245.590000
250.434000
246.562000
241.743000
235.146000
234.791000
234.498000
254.281000
259.961000
251.661000
251.027000
248.215000
242.620000
246.307000
251.720000
255.079000
251.721000
255.920000
252.818000
262.671000
257.718000
260.142000
263.229000
269.037000
269.624000
267.868000
270.083000
274.233000
269.942000
272.221000
273.359000
274.279000
278.901000
285.354000
281.558000
281.069000
286.442000
287.879000
283.218000
288.890000
299.358000
294.880000
295.105000
301.322000
298.446000
299.517000
299.625000
304.897000
301.166000
305.004000
307.244000
316.468000
313.539000
313.509000
315.334000
319.610000
316.680000
321.493000
320.278000
322.961000
322.828000
329.701000
328.547000
335.109000
329.463000
336.486000
335.847000
337.690000
334.870000
342.539000
335.645000
349.264000
350.688000
357.948000
352.537000
352.671000
348.343000
357.528000
352.838000
357.486000
362.177000
364.873000
361.652000
374.111000
363.739000
370.955000
369.297000
378.137000
373.560000
377.535000
376.769000
385.356000
383.789000
383.529000
382.820000
389.925000
390.782000
391.615000
395.609000
420.600000
393.611000
404.417000
397.573000
403.783000
403.765000
407.234000
409.671000
410.464000
410.321000
418.089000
413.417000
424.836000
415.403000
427.913000
421.490000
429.110000
425.064000
431.888000
434.198000
437.023000
435.395000
439.689000
442.872000
444.601000
450.439000
452.956000
446.080000
454.429000
448.282000
456.361000
452.648000
462.975000
462.498000
470.885000
460.835000
469.354000
472.175000
472.971000
471.783000
478.998000
479.761000
488.434000
482.282000
485.320000
495.423000
490.221000
490.223000
497.738000
495.680000
492.143000
494.947000
498.821000
505.286000
508.057000
512.650000
512.286000
516.692000
510.865000
511.611000
515.391000
516.785000
522.563000
526.193000
537.938000
529.912000
533.279000
525.626000
539.418000
537.772000
546.327000
537.980000
546.670000
536.660000
549.924000
543.873000
561.091000
558.676000
557.486000
554.203000
560.555000
558.972000
555.960000
567.046000
575.787000
566.334000
578.095000
570.417000
583.687000
571.430000
586.698000
577.540000
590.111000
583.910000
590.543000
596.650000
600.770000
599.328000
599.493000
12.355000
13.026000
14.391000
13.821000
14.820000
16.158000
16.524000
16.799000
17.943000
19.000000
18.799000
20.958000
21.500000
22.628000
22.822000
23.467000
24.169000
24.672000
26.727000
26.657000
27.724000
29.181000
29.675000
30.946000
31.813000
31.532000
31.905000
33.448000
34.217000
36.128000
37.356000
36.354000
40.582000
39.153000
39.992000
41.278000
40.170000
41.054000
46.132000
44.048000
44.452000
44.964000
46.217000
48.107000
48.093000
49.348000
48.443000
49.960000
51.805000
53.164000
52.405000
53.866000
54.966000
56.633000
61.091000
59.182000
58.968000
62.231000
61.430000
60.706000
63.146000
64.808000
63.356000
65.135000
66.534000
68.725000
67.505000
69.254000
71.599000
72.181000
72.688000
74.723000
76.061000
79.377000
84.128000
77.553000
80.145000
81.448000
80.161000
82.786000
84.491000
84.083000
86.338000
87.697000
86.116000
90.532000
89.463000
89.397000
91.608000
93.488000
91.782000
96.047000
96.404000
97.582000
99.985000
98.516000
98.928000
103.365000
105.322000
104.115000
104.518000
106.312000
107.907000
108.589000
110.385000
110.228000
110.807000
112.854000
112.577000
115.624000
115.891000
117.684000
118.474000
121.656000
120.488000
121.710000
122.116000
124.336000
124.633000
128.666000
128.789000
132.491000
129.951000
132.527000
132.765000
135.707000
133.830000
143.214000
137.785000
141.251000
139.177000
143.716000
141.049000
146.183000
145.320000
147.977000
151.786000
151.069000
147.606000
153.544000
171.291000
164.578000
155.164000
160.203000
155.778000
159.042000
160.483000
164.166000
163.012000
166.033000
169.876000
169.449000
167.997000
173.584000
170.320000
173.126000
172.148000
177.214000
176.094000
182.636000
179.209000
182.384000
181.259000
186.512000
183.571000
191.787000
186.354000
190.864000
191.356000
199.233000
196.721000
197.294000
194.429000
197.696000
201.234000
206.418000
203.074000
207.369000
204.594000
207.173000
207.350000
209.823000
210.298000
217.227000
219.612000
218.974000
218.155000
220.470000
220.280000
223.429000
221.215000
225.686000
225.958000
234.165000
229.498000
232.862000
230.752000
235.410000
234.637000
237.283000
237.164000
241.335000
248.236000
248.964000
243.797000
247.772000
246.903000
249.551000
252.099000
253.834000
254.528000
259.959000
256.436000
263.590000
259.046000
263.728000
265.778000
268.471000
265.388000
268.933000
267.490000
273.037000
270.522000
275.933000
278.924000
281.131000
279.861000
281.692000
288.567000
284.401000
283.434000
290.347000
289.633000
292.789000
290.285000
298.081000
294.588000
295.889000
296.873000
301.819000
308.170000
307.052000
310.776000
310.018000
307.600000
311.714000
311.267000
314.863000
319.819000
318.971000
317.202000
329.052000
323.273000
323.789000
324.887000
330.003000
330.028000
337.242000
334.023000
339.544000
339.952000
340.482000
345.730000
361.130000
360.656000
363.870000
347.956000
353.336000
350.781000
356.323000
355.684000
361.609000
365.930000
364.300000
367.031000
369.233000
367.741000
378.684000
382.635000
386.112000
374.404000
385.384000
386.166000
396.533000
386.837000
385.435000
383.285000
396.561000
390.099000
397.425000
403.016000
400.312000
394.949000
403.504000
396.592000
410.914000
420.127000
413.816000
404.821000
419.234000
412.454000
413.763000
414.948000
420.821000
420.754000
425.472000
421.067000
435.133000
427.822000
434.527000
428.224000
439.140000
431.850000
440.692000
441.229000
450.377000
447.935000
446.402000
446.135000
454.036000
450.167000
455.673000
453.432000
466.471000
455.180000
463.728000
457.895000
471.314000
463.501000
475.347000
475.645000
478.172000
474.601000
479.429000
474.806000
495.312000
486.287000
489.906000
492.745000
494.884000
487.551000
494.004000
490.967000
503.827000
500.232000
513.614000
501.868000
510.020000
505.154000
528.836000
507.439000
520.330000
520.365000
522.700000
516.214000
531.448000
520.456000
530.270000
530.555000
536.191000
529.628000
543.366000
537.272000
550.920000
537.832000
550.892000
544.346000
550.986000
553.535000
559.697000
559.915000
570.619000
557.376000
564.114000
562.521000
572.536000
568.370000
580.598000
570.951000
587.411000
578.180000
582.381000
580.405000
584.830000
604.102000
616.015000
590.100000
603.542000
590.066000
602.282000
12.345000
12.642000
13.449000
14.831000
14.743000
16.312000
17.397000
17.155000
17.853000
19.049000
19.449000
21.118000
21.510000
22.092000
23.189000
23.694000
24.045000
24.922000
25.641000
26.941000
27.802000
29.398000
29.374000
30.603000
31.366000
33.065000
32.730000
41.360000
41.520000
40.342000
35.879000
36.232000
36.637000
38.523000
39.554000
40.824000
40.850000
41.649000
42.152000
44.065000
44.164000
45.844000
45.478000
47.719000
48.283000
49.892000
49.749000
50.808000
52.277000
53.441000
52.747000
54.934000
53.977000
60.426000
58.543000
58.767000
59.741000
66.029000
60.774000
61.188000
64.875000
64.907000
63.838000
66.003000
67.606000
69.700000
68.518000
71.865000
72.027000
71.814000
72.184000
75.282000
73.513000
74.918000
77.598000
77.659000
79.118000
81.752000
80.278000
83.567000
83.748000
83.095000
85.954000
87.285000
84.823000
90.301000
88.610000
89.466000
94.465000
93.747000
93.507000
96.681000
95.243000
96.742000
98.648000
98.270000
100.579000
104.150000
107.574000
105.271000
106.676000
108.280000
105.803000
107.799000
108.425000
109.824000
109.992000
112.801000
114.260000
115.902000
116.344000
119.156000
118.665000
119.790000
119.770000
122.061000
122.610000
126.164000
126.395000
128.920000
126.600000
130.337000
129.756000
132.020000
133.920000
135.379000
135.046000
142.854000
138.724000
138.938000
139.639000
143.349000
146.360000
146.299000
146.699000
147.563000
147.928000
150.079000
151.729000
155.205000
154.765000
153.927000
154.541000
157.880000
159.768000
160.846000
161.220000
161.959000
163.623000
163.748000
172.169000
169.887000
167.906000
170.737000
170.207000
172.628000
175.270000
176.067000
175.977000
180.563000
178.498000
180.425000
183.967000
184.693000
184.344000
185.610000
187.002000
189.963000
194.141000
197.593000
193.032000
196.769000
195.693000
201.034000
197.828000
200.729000
201.623000
205.523000
204.792000
208.337000
207.173000
208.313000
209.440000
216.254000
214.025000
216.875000
217.164000
223.897000
218.691000
221.761000
221.533000
227.492000
231.353000
229.769000
230.986000
231.375000
232.471000
237.447000
232.965000
236.399000
237.999000
244.022000
247.856000
245.168000
244.373000
247.808000
244.540000
250.325000
253.526000
254.720000
252.677000
256.322000
259.081000
259.249000
257.173000
263.653000
269.137000
271.248000
266.989000
271.203000
273.444000
272.150000
270.284000
276.498000
278.447000
278.505000
276.448000
286.776000
285.452000
285.012000
299.330000
325.343000
286.757000
294.144000
294.593000
294.651000
291.833000
298.493000
297.170000
302.495000
308.189000
307.141000
303.374000
310.064000
309.751000
311.779000
309.406000
318.495000
313.243000
319.474000
320.205000
331.579000
321.923000
326.581000
324.776000
331.528000
332.709000
336.213000
333.563000
344.909000
338.117000
340.279000
348.861000
349.836000
342.359000
351.791000
348.220000
351.784000
351.860000
352.776000
355.506000
363.309000
366.009000
365.239000
361.898000
367.501000
372.206000
367.661000
365.579000
376.959000
374.087000
389.848000
378.849000
382.288000
383.883000
387.569000
382.081000
391.047000
387.475000
394.579000
404.066000
408.140000
396.178000
396.666000
398.520000
404.267000
401.342000
411.981000
405.166000
419.101000
408.812000
413.939000
414.513000
422.741000
419.030000
425.079000
422.671000
436.594000
423.612000
433.566000
428.914000
438.465000
433.218000
449.273000
441.497000
449.264000
441.439000
445.248000
447.231000
451.507000
454.463000
455.144000
458.915000
464.761000
459.557000
460.307000
463.113000
474.359000
465.980000
473.769000
469.161000
481.233000
470.055000
479.411000
473.827000
491.304000
489.621000
492.336000
492.237000
495.923000
488.021000
497.220000
490.458000
504.966000
496.872000
511.987000
498.972000
508.785000
504.983000
511.661000
504.998000
518.844000
517.782000
523.157000
518.206000
537.614000
518.904000
529.369000
528.829000
534.077000
531.539000
541.063000
536.709000
543.450000
542.935000
548.921000
542.893000
551.745000
551.581000
553.798000
553.928000
567.048000
557.490000
575.844000
561.862000
571.031000
562.645000
580.075000
570.893000
577.603000
578.885000
582.010000
584.091000
595.729000
589.567000
594.990000
588.107000
596.782000
591.508000
603.409000
12.426000
12.555000
13.040000
14.191000
15.162000
15.908000
16.462000
17.670000
17.821000
18.275000
19.337000
20.778000
21.275000
22.591000
22.753000
23.698000
24.198000
25.497000
25.351000
28.044000
28.101000
29.429000
29.964000
30.879000
30.794000
31.543000
32.186000
34.311000
34.985000
35.837000
35.789000
38.496000
36.462000
39.016000
39.422000
40.885000
40.724000
41.031000
41.569000
44.571000
44.761000
45.850000
45.491000
47.704000
48.887000
49.224000
49.767000
51.886000
51.825000
53.221000
53.333000
54.179000
55.597000
56.751000
55.910000
57.856000
58.528000
59.204000
59.764000
64.721000
64.023000
63.642000
64.636000
67.152000
67.168000
67.995000
68.126000
70.930000
70.764000
71.532000
72.318000
73.317000
73.851000
77.951000
75.409000
77.749000
80.612000
81.338000
85.027000
84.341000
81.636000
84.281000
85.808000
85.824000
89.393000
89.916000
86.696000
91.451000
91.392000
92.263000
94.396000
94.254000
98.665000
99.431000
97.906000
98.928000
101.785000
100.292000
101.161000
105.903000
104.539000
110.200000
104.626000
108.828000
108.698000
110.842000
109.042000
114.101000
113.881000
117.330000
114.903000
116.311000
120.518000
123.220000
119.917000
121.885000
121.981000
125.176000
126.546000
127.054000
126.277000
129.690000
131.266000
134.819000
136.424000
134.897000
136.344000
138.453000
136.755000
139.315000
139.395000
142.566000
143.911000
144.049000
144.707000
146.429000
149.458000
149.600000
154.487000
156.505000
154.657000
153.699000
155.581000
157.724000
159.878000
160.990000
163.114000
161.600000
163.084000
163.747000
166.046000
168.969000
171.113000
169.081000
170.753000
172.439000
173.679000
177.282000
187.664000
179.852000
183.661000
182.076000
185.096000
187.359000
186.709000
184.571000
187.206000
192.706000
194.403000
192.631000
198.735000
198.017000
198.322000
199.644000
197.150000
209.566000
207.893000
212.380000
212.571000
212.296000
210.323000
215.943000
219.160000
218.155000
214.872000
223.113000
217.888000
237.840000
234.668000
221.204000
223.030000
262.000000
225.308000
232.128000
231.055000
234.586000
234.952000
232.510000
239.614000
242.475000
239.350000
244.797000
240.658000
249.304000
247.690000
244.697000
248.345000
254.539000
255.123000
253.117000
253.551000
257.576000
258.690000
256.864000
257.927000
265.967000
271.450000
277.913000
268.953000
275.368000
273.809000
274.888000
273.398000
279.227000
277.864000
282.321000
282.001000
285.223000
293.361000
297.660000
290.029000
290.541000
290.524000
299.626000
290.539000
296.262000
294.519000
300.375000
295.491000
303.728000
303.144000
305.985000
303.919000
312.496000
309.732000
325.812000
328.676000
317.656000
316.195000
323.281000
320.017000
323.929000
322.370000
326.968000
323.270000
349.510000
345.883000
348.723000
343.181000
348.078000
338.406000
349.877000
345.983000
349.280000
362.743000
359.072000
357.113000
364.615000
356.085000
355.390000
357.544000
361.683000
368.674000
371.738000
363.344000
371.006000
363.644000
371.182000
369.020000
376.211000
373.323000
383.044000
393.192000
389.385000
396.250000
385.649000
400.543000
405.503000
447.927000
445.028000
584.423000
729.860000
646.048000
530.124000
821.025000
790.641000
605.348000
643.663000
526.832000
530.633000
508.250000
519.088000
618.473000
701.581000
602.638000
508.787000
511.733000
484.277000
492.399000
507.699000
487.679000
589.265000
627.526000
576.797000
534.126000
486.381000
465.186000
467.079000
474.776000
476.593000
502.351000
678.056000
571.376000
553.047000
563.029000
566.306000
523.911000
512.395000
506.835000
518.351000
540.820000
511.519000
497.763000
548.457000
548.936000
515.814000
510.589000
527.606000
636.052000
618.911000
574.411000
572.199000
571.661000
579.369000
570.990000
557.613000
552.309000
540.336000
530.626000
581.221000
563.803000
654.567000
615.292000
577.792000
596.613000
587.523000
566.920000
565.961000
563.192000
575.634000
589.552000
586.365000
569.544000
598.662000
575.140000
581.629000
590.192000
596.717000
585.949000
603.479000
606.937000
601.802000
585.649000
597.807000
596.118000
604.593000
606.771000
621.141000
602.487000
608.503000
599.516000
629.908000
610.263000
622.945000
623.415000
632.205000
627.807000
648.598000
638.938000
633.718000
12.906000
13.279000
14.363000
14.452000
17.694000
17.551000
16.764000
17.463000
17.960000
19.198000
19.901000
23.143000
22.443000
23.945000
23.781000
24.213000
25.188000
25.531000
25.091000
30.484000
28.243000
30.952000
31.261000
32.012000
31.790000
31.825000
33.843000
35.089000
35.701000
37.401000
36.702000
37.197000
38.694000
41.439000
40.489000
41.836000
42.330000
42.361000
45.815000
45.238000
45.125000
45.854000
48.112000
49.911000
49.842000
50.653000
51.439000
58.672000
56.450000
58.083000
59.491000
58.187000
56.936000
57.438000
59.020000
64.427000
59.961000
61.071000
64.329000
64.154000
63.670000
64.565000
67.645000
69.479000
67.686000
68.829000
71.755000
71.652000
71.847000
74.773000
75.561000
75.456000
75.985000
77.118000
78.021000
81.086000
80.787000
82.579000
83.759000
83.269000
86.918000
88.595000
88.920000
89.105000
89.413000
89.668000
92.200000
93.089000
93.679000
97.213000
95.437000
96.590000
100.739000
100.382000
99.399000
106.298000
101.625000
104.731000
104.734000
108.367000
107.791000
109.247000
111.277000
109.742000
111.196000
112.832000
113.826000
118.979000
117.109000
120.776000
120.746000
123.325000
122.153000
123.962000
123.688000
127.645000
124.923000
128.916000
128.452000
136.757000
129.488000
134.124000
135.027000
140.242000
135.502000
140.112000
138.360000
142.828000
138.137000
144.319000
143.803000
148.694000
147.273000
151.282000
146.667000
152.650000
152.714000
156.175000
154.995000
162.352000
157.724000
159.837000
157.686000
166.257000
162.698000
165.802000
166.575000
170.158000
167.424000
175.481000
166.476000
170.715000
170.583000
174.265000
172.255000
179.001000
175.061000
181.008000
176.555000
182.325000
181.157000
187.325000
186.804000
191.534000
186.011000
199.775000
195.280000
199.783000
196.255000
199.030000
199.446000
199.744000
199.824000
200.680000
198.955000
206.935000
205.940000
211.817000
210.623000
210.408000
215.132000
212.715000
212.772000
217.864000
216.385000
230.796000
221.748000
230.514000
223.182000
231.565000
223.540000
234.403000
228.194000
234.552000
239.587000
239.229000
240.803000
253.012000
250.220000
249.590000
245.025000
245.890000
248.184000
252.551000
249.704000
249.222000
258.383000
259.512000
253.007000
260.684000
258.459000
269.114000
265.366000
274.064000
271.154000
275.511000
267.416000
275.673000
279.041000
280.462000
276.622000
279.652000
272.794000
280.199000
279.862000
286.274000
285.952000
288.148000
293.836000
290.061000
286.871000
309.439000
301.761000
299.499000
296.412000
304.011000
298.721000
300.969000
309.894000
322.195000
309.560000
313.489000
311.012000
314.591000
311.623000
318.229000
319.875000
324.091000
320.110000
324.977000
326.173000
330.531000
328.243000
330.833000
338.026000
339.404000
343.940000
346.148000
380.066000
369.551000
344.644000
346.835000
344.300000
350.693000
359.206000
377.978000
367.541000
391.019000
456.399000
392.711000
395.286000
396.636000
403.245000
423.912000
394.523000
395.884000
387.155000
396.584000
399.267000
416.113000
421.563000
451.621000
423.709000
404.904000
403.235000
409.569000
406.290000
494.970000
416.468000
449.971000
419.053000
419.366000
486.203000
470.398000
432.298000
467.704000
437.550000
495.277000
537.988000
471.260000
473.775000
486.739000
512.429000
467.583000
469.184000
465.894000
456.462000
486.194000
491.980000
465.644000
469.352000
487.024000
475.655000
489.581000
496.352000
481.099000
494.547000
504.508000
495.569000
491.034000
482.740000
487.795000
504.438000
511.814000
486.717000
486.131000
528.165000
560.452000
558.454000
673.985000
655.376000
589.683000
555.017000
538.499000
542.491000
534.887000
514.064000
529.403000
520.893000
533.329000
523.178000
533.346000
531.906000
561.028000
536.783000
534.776000
548.807000
561.656000
602.673000
571.251000
540.250000
542.446000
554.950000
622.686000
661.463000
595.618000
560.374000
597.372000
595.394000
592.722000
583.813000
576.016000
605.537000
614.502000
586.982000
592.549000
579.959000
602.936000
580.164000
598.368000
610.070000
605.806000
594.623000
601.583000
600.192000
616.898000
610.187000
642.785000
612.985000
613.714000
617.378000
638.662000
622.076000
613.331000
637.680000
647.970000
710.177000
754.955000
750.869000
736.510000
13.852000
13.545000
16.108000
14.430000
16.360000
16.582000
17.181000
18.709000
18.499000
20.080000
20.082000
21.988000
24.727000
30.804000
25.730000
25.039000
29.263000
26.965000
29.885000
37.258000
30.201000
34.406000
32.050000
31.538000
33.360000
35.397000
41.419000
39.999000
36.682000
38.240000
39.254000
47.775000
42.510000
40.848000
40.308000
43.827000
51.841000
47.676000
47.733000
46.081000
51.883000
50.399000
52.218000
52.920000
61.217000
52.038000
52.893000
58.086000
55.756000
54.781000
60.518000
58.244000
56.800000
61.911000
65.448000
59.329000
61.478000
66.478000
66.918000
62.474000
66.967000
68.850000
73.640000
68.200000
69.502000
83.350000
74.585000
81.704000
72.994000
81.188000
78.117000
83.977000
76.519000
80.057000
87.258000
80.285000
85.871000
87.733000
86.467000
85.575000
86.534000
89.933000
87.141000
91.839000
87.853000
97.800000
95.549000
93.205000
99.582000
97.057000
99.656000
100.452000
105.706000
98.492000
110.211000
103.792000
122.928000
105.568000
109.612000
109.468000
111.027000
112.699000
108.234000
117.897000
114.162000
125.914000
119.518000
131.045000
121.885000
130.144000
121.444000
125.988000
125.708000
135.355000
124.465000
137.156000
139.970000
143.621000
134.565000
148.161000
143.767000
153.851000
152.147000
139.617000
145.071000
157.461000
147.425000
154.138000
148.528000
148.265000
149.582000
160.270000
152.728000
160.494000
152.461000
172.542000
162.482000
168.525000
178.562000
168.281000
168.034000
168.939000
175.527000
174.436000
184.476000
184.886000
179.374000
183.821000
187.818000
200.004000
238.944000
216.662000
208.932000
213.984000
218.040000
210.004000
221.103000
203.843000
243.336000
200.946000
207.734000
212.997000
211.163000
204.748000
201.204000
214.917000
233.260000
258.900000
215.733000
226.514000
217.323000
217.193000
221.920000
218.104000
225.949000
234.535000
248.914000
235.466000
226.832000
231.135000
240.409000
232.620000
231.900000
238.118000
230.140000
243.970000
228.974000
232.307000
226.915000
234.720000
238.809000
258.270000
233.892000
233.152000
242.518000
244.259000
235.069000
246.362000
247.404000
252.370000
250.132000
252.187000
258.142000
283.965000
295.244000
269.774000
270.711000
266.548000
262.063000
266.346000
267.272000
273.255000
280.911000
277.576000
280.729000
270.556000
270.622000
276.952000
274.790000
276.842000
275.600000
286.828000
279.021000
278.634000
285.964000
289.968000
284.691000
290.497000
293.269000
291.163000
287.450000
293.809000
296.438000
293.874000
302.325000
305.991000
298.586000
302.096000
303.428000
308.397000
305.075000
313.271000
314.463000
317.487000
311.193000
315.713000
312.535000
321.730000
326.655000
323.576000
322.713000
331.422000
324.874000
334.694000
333.806000
334.334000
334.679000
353.861000
339.054000
343.410000
346.702000
346.036000
363.084000
369.079000
349.812000
357.947000
352.301000
393.137000
386.099000
362.957000
358.713000
371.346000
363.004000
369.126000
367.359000
369.873000
369.340000
373.635000
371.259000
382.017000
373.912000
385.461000
386.208000
387.368000
386.352000
393.335000
393.369000
394.648000
392.107000
400.350000
414.183000
417.939000
404.805000
406.977000
407.710000
412.272000
412.572000
420.447000
413.582000
427.623000
413.228000
424.578000
425.520000
446.098000
422.258000
430.447000
429.320000
433.360000
432.910000
433.183000
432.671000
445.112000
443.170000
453.684000
439.884000
452.370000
442.901000
452.873000
448.691000
459.553000
460.717000
462.420000
458.864000
464.642000
463.528000
464.189000
467.752000
471.341000
472.574000
480.530000
479.249000
481.459000
478.789000
486.412000
505.024000
489.819000
498.980000
496.506000
492.022000
499.188000
496.162000
498.681000
499.129000
507.999000
510.338000
514.321000
510.785000
514.030000
512.450000
515.739000
517.359000
523.020000
520.028000
529.122000
528.335000
532.470000
531.223000
534.989000
532.720000
542.678000
547.778000
554.475000
543.629000
554.317000
543.841000
552.708000
553.408000
564.686000
567.835000
562.608000
562.890000
571.331000
569.272000
567.306000
571.357000
589.589000
572.506000
585.963000
576.105000
585.496000
588.543000
588.088000
589.807000
591.315000
595.470000
601.372000
600.804000
614.747000
633.504000
657.287000
13.866000
14.223000
15.386000
16.152000
17.922000
18.567000
16.617000
17.448000
18.248000
18.384000
20.413000
23.451000
21.731000
23.021000
23.943000
24.274000
25.220000
26.930000
26.147000
31.737000
28.594000
30.406000
30.558000
30.640000
30.962000
32.877000
32.897000
34.078000
36.038000
36.484000
35.600000
36.441000
37.137000
40.041000
40.087000
40.507000
40.907000
42.751000
47.794000
45.798000
44.930000
46.722000
48.166000
50.808000
56.111000
50.962000
50.607000
54.776000
53.757000
55.521000
53.962000
56.712000
56.442000
56.097000
58.637000
59.759000
61.404000
60.051000
61.849000
64.092000
62.081000
63.271000
67.276000
67.918000
67.150000
68.348000
70.530000
71.000000
71.250000
74.383000
72.493000
75.725000
75.606000
77.953000
76.508000
82.230000
79.420000
83.004000
82.524000
81.738000
83.643000
85.237000
84.480000
89.432000
88.666000
87.224000
91.009000
92.011000
91.325000
97.719000
94.280000
96.155000
98.870000
97.471000
99.127000
103.913000
98.843000
102.449000
104.530000
104.518000
107.001000
106.416000
104.986000
111.112000
109.256000
110.759000
111.874000
116.196000
114.896000
116.171000
116.191000
119.124000
119.866000
120.588000
122.675000
130.290000
125.587000
126.618000
125.881000
129.690000
130.098000
134.222000
129.980000
135.573000
134.988000
140.561000
135.990000
140.627000
137.396000
142.544000
141.849000
147.265000
143.295000
147.104000
145.974000
152.018000
150.601000
154.831000
154.052000
156.928000
152.167000
158.733000
157.259000
163.433000
159.574000
164.494000
160.428000
166.240000
162.572000
169.527000
169.388000
173.335000
168.921000
176.143000
172.333000
179.752000
177.124000
179.680000
176.752000
186.025000
179.407000
193.097000
183.347000
188.893000
189.382000
193.346000
189.833000
197.309000
191.196000
197.295000
196.993000
200.781000
209.491000
204.505000
204.174000
205.294000
204.616000
210.587000
206.873000
213.114000
210.557000
218.397000
212.729000
217.460000
218.023000
221.713000
219.461000
223.793000
222.747000
222.977000
228.381000
237.295000
225.764000
231.739000
230.040000
238.051000
232.858000
247.924000
238.539000
244.425000
239.167000
245.689000
248.173000
248.571000
248.472000
248.463000
246.845000
260.283000
251.855000
267.042000
267.067000
266.942000
260.125000
263.618000
261.179000
268.023000
265.844000
273.750000
274.132000
273.300000
272.909000
277.984000
281.503000
279.958000
284.992000
300.323000
285.521000
289.114000
288.822000
304.410000
293.506000
297.645000
295.507000
296.751000
293.743000
300.925000
300.540000
301.227000
302.192000
307.803000
305.138000
311.143000
311.842000
313.472000
313.692000
317.290000
315.223000
320.350000
318.777000
326.217000
321.902000
329.129000
326.104000
327.621000
329.160000
336.954000
334.345000
345.741000
336.840000
342.226000
339.693000
347.370000
343.751000
351.009000
346.519000
357.379000
352.786000
356.694000
358.959000
358.018000
357.928000
364.553000
363.706000
368.311000
377.455000
383.885000
377.796000
386.130000
376.932000
387.613000
380.279000
388.437000
385.858000
387.303000
395.533000
393.996000
388.844000
398.722000
406.348000
412.844000
397.777000
403.421000
408.129000
403.397000
403.070000
412.786000
406.284000
415.875000
411.043000
425.834000
413.538000
419.627000
420.955000
424.449000
424.591000
428.070000
427.361000
434.398000
429.453000
454.321000
440.283000
444.590000
438.095000
444.776000
443.065000
450.966000
447.797000
455.626000
458.892000
469.328000
467.895000
478.756000
471.912000
488.384000
485.840000
519.411000
513.771000
478.361000
471.738000
476.120000
461.905000
471.376000
468.780000
475.261000
474.505000
505.918000
476.300000
487.511000
486.596000
490.956000
481.439000
488.261000
485.324000
497.123000
489.206000
499.995000
493.899000
504.492000
497.153000
508.994000
503.423000
514.022000
509.282000
519.524000
514.724000
531.142000
514.125000
522.357000
520.447000
533.825000
533.124000
535.997000
532.650000
539.346000
531.991000
539.054000
542.627000
550.042000
543.186000
552.568000
558.848000
554.945000
550.724000
558.688000
552.651000
570.716000
557.633000
568.609000
564.301000
573.173000
569.961000
574.313000
573.392000
578.886000
579.887000
590.968000
581.285000
598.221000
587.159000
599.823000
12.291000
12.636000
13.836000
14.273000
14.867000
15.595000
16.307000
16.801000
17.446000
18.344000
19.405000
21.049000
21.452000
22.279000
23.344000
23.996000
23.506000
24.579000
25.926000
26.689000
26.775000
28.205000
29.657000
30.188000
30.138000
32.428000
33.846000
34.080000
33.326000
34.848000
35.227000
37.011000
36.578000
37.813000
38.843000
39.662000
40.319000
42.120000
42.574000
43.719000
44.688000
44.623000
45.186000
49.281000
46.752000
47.623000
49.323000
51.366000
51.829000
51.341000
53.089000
52.919000
54.625000
56.423000
58.429000
58.200000
57.627000
59.011000
59.430000
60.843000
63.010000
63.094000
63.451000
63.841000
65.541000
67.122000
66.688000
68.719000
68.987000
71.204000
70.695000
72.080000
74.689000
75.115000
74.452000
76.010000
77.495000
79.246000
82.901000
80.621000
81.264000
82.430000
83.943000
84.596000
85.223000
87.084000
86.787000
89.252000
91.820000
91.295000
92.912000
95.279000
94.931000
96.674000
95.199000
97.248000
96.889000
99.564000
100.051000
101.407000
103.111000
105.468000
105.760000
107.062000
106.766000
109.133000
108.909000
110.092000
111.185000
115.648000
114.948000
115.652000
123.732000
118.363000
119.779000
119.811000
120.425000
122.659000
123.845000
126.277000
127.881000
130.379000
128.577000
130.303000
131.384000
132.443000
132.011000
136.390000
137.841000
140.487000
136.167000
140.536000
138.634000
143.539000
142.493000
154.334000
145.404000
146.430000
147.223000
150.071000
151.841000
155.777000
154.942000
156.059000
154.052000
159.201000
158.411000
168.272000
162.734000
164.548000
163.809000
170.040000
165.859000
170.252000
171.220000
171.313000
171.112000
174.990000
177.012000
177.016000
180.726000
185.448000
186.585000
185.298000
182.472000
194.483000
187.772000
187.393000
189.547000
194.114000
192.448000
193.665000
196.426000
196.502000
200.212000
200.477000
202.548000
201.195000
200.874000
205.804000
210.365000
207.675000
209.900000
213.277000
240.048000
216.756000
216.065000
218.081000
223.833000
223.893000
226.951000
227.983000
238.610000
229.758000
238.522000
262.018000
254.548000
252.034000
237.457000
247.194000
250.711000
247.852000
236.568000
250.118000
241.895000
256.430000
251.669000
245.571000
268.274000
262.247000
266.111000
266.736000
258.343000
256.480000
264.492000
291.341000
269.961000
273.260000
302.236000
291.450000
280.283000
268.561000
266.883000
274.533000
278.494000
277.184000
292.840000
286.790000
278.520000
279.194000
283.988000
307.346000
342.549000
333.395000
292.780000
292.986000
304.796000
296.469000
293.609000
302.210000
301.612000
307.989000
300.468000
317.712000
312.007000
319.935000
318.429000
323.369000
320.874000
322.497000
316.570000
327.002000
324.610000
335.295000
319.449000
327.195000
333.188000
335.304000
337.559000
343.963000
333.310000
340.122000
347.238000
351.830000
343.113000
351.700000
350.047000
358.785000
381.685000
360.133000
356.943000
355.754000
356.968000
389.985000
379.561000
383.466000
392.308000
390.400000
411.427000
402.978000
400.431000
401.341000
400.493000
419.058000
402.554000
409.003000
407.284000
412.736000
409.851000
416.267000
414.140000
419.034000
419.650000
425.268000
414.483000
440.427000
428.612000
420.888000
418.390000
428.210000
453.222000
437.485000
423.751000
427.086000
426.677000
435.136000
429.946000
464.498000
463.008000
492.056000
485.726000
520.069000
473.907000
466.114000
456.667000
469.443000
462.065000
470.378000
465.428000
487.895000
471.453000
486.598000
482.127000
475.766000
466.528000
472.763000
476.866000
470.341000
463.458000
476.139000
475.481000
476.568000
474.493000
477.277000
476.761000
477.950000
485.283000
484.431000
485.893000
500.208000
490.422000
488.740000
519.265000
535.613000
547.990000
523.679000
555.521000
553.301000
551.801000
540.992000
546.818000
563.931000
549.370000
548.696000
554.588000
572.932000
541.406000
543.614000
539.387000
561.581000
539.341000
532.822000
532.080000
536.436000
533.406000
547.379000
538.071000
545.456000
544.659000
549.628000
551.038000
554.335000
556.405000
558.929000
552.332000
571.558000
576.299000
578.659000
562.778000
580.310000
578.590000
588.428000
587.984000
604.251000
607.915000
600.550000
622.318000
628.417000
639.093000
621.489000
13.665000
13.177000
13.872000
14.157000
14.723000
16.232000
17.093000
17.441000
18.380000
19.270000
19.379000
20.772000
21.211000
22.685000
24.036000
23.988000
24.281000
25.485000
26.100000
27.555000
28.072000
29.068000
29.696000
30.840000
30.436000
32.011000
32.241000
33.270000
34.449000
35.258000
35.760000
35.821000
36.903000
38.787000
38.365000
39.655000
40.749000
42.218000
41.364000
42.863000
42.903000
43.968000
46.005000
47.171000
47.671000
48.793000
48.866000
49.609000
53.430000
55.657000
52.336000
53.229000
53.731000
55.079000
55.016000
57.315000
57.144000
60.494000
59.212000
60.491000
60.777000
63.153000
64.337000
65.838000
65.925000
73.483000
75.621000
77.347000
75.763000
77.334000
76.391000
76.022000
73.311000
76.325000
78.162000
80.342000
80.323000
81.229000
81.555000
82.172000
83.314000
85.330000
84.386000
86.433000
86.718000
87.245000
89.055000
93.186000
90.664000
94.481000
93.775000
93.983000
95.061000
99.453000
97.814000
98.801000
98.084000
102.271000
105.079000
106.768000
107.390000
106.320000
106.133000
108.410000
108.604000
110.596000
112.670000
116.452000
117.595000
118.955000
115.876000
116.952000
116.964000
122.620000
119.586000
121.501000
121.830000
129.020000
125.123000
127.978000
134.788000
130.595000
129.177000
141.866000
134.226000
134.499000
138.223000
136.998000
136.961000
144.763000
139.970000
145.175000
145.436000
145.502000
147.784000
152.334000
149.418000
151.830000
151.858000
153.442000
150.748000
151.891000
152.591000
156.982000
157.210000
165.103000
161.848000
162.989000
168.186000
165.619000
166.173000
174.032000
168.327000
174.015000
170.970000
179.257000
175.574000
180.596000
175.735000
180.749000
180.919000
182.298000
187.814000
184.737000
188.382000
187.346000
189.356000
193.331000
192.246000
199.402000
194.463000
198.297000
198.026000
200.165000
198.476000
203.982000
203.275000
207.532000
207.120000
213.904000
208.226000
217.047000
214.644000
216.503000
212.279000
219.695000
218.217000
223.254000
225.002000
224.222000
223.633000
232.375000
225.129000
231.425000
237.795000
237.828000
233.104000
236.155000
236.419000
243.426000
241.756000
242.588000
238.509000
246.738000
240.920000
242.546000
241.035000
250.784000
251.971000
253.928000
250.466000
256.622000
253.568000
253.930000
253.971000
260.426000
260.262000
262.242000
261.432000
268.274000
264.892000
269.222000
266.707000
276.225000
272.907000
275.590000
275.268000
280.744000
277.102000
280.260000
285.431000
293.227000
289.764000
296.315000
294.340000
292.901000
293.561000
296.186000
298.269000
307.357000
305.986000
311.134000
306.160000
311.552000
313.446000
316.207000
310.451000
322.227000
318.056000
326.984000
337.653000
334.710000
327.365000
331.072000
330.485000
337.127000
336.798000
338.938000
337.238000
343.687000
339.427000
342.853000
342.865000
353.725000
348.495000
353.285000
350.327000
360.848000
358.242000
363.022000
361.653000
354.674000
368.910000
380.113000
364.973000
371.244000
365.116000
363.863000
361.898000
372.845000
381.213000
392.172000
384.642000
392.300000
385.325000
389.426000
392.499000
393.263000
393.568000
409.742000
401.463000
401.756000
409.953000
434.474000
409.676000
417.268000
416.139000
410.995000
402.140000
431.937000
419.522000
412.398000
408.582000
434.196000
472.074000
485.935000
443.778000
458.561000
462.951000
453.358000
440.406000
451.470000
452.735000
467.831000
492.772000
471.366000
474.395000
461.107000
454.708000
482.436000
490.347000
466.257000
474.226000
467.651000
486.710000
493.544000
474.803000
476.908000
471.383000
476.600000
472.694000
484.281000
471.938000
483.795000
477.832000
489.026000
486.109000
499.003000
487.095000
496.452000
487.589000
505.940000
496.829000
506.847000
497.627000
512.395000
504.211000
516.501000
509.044000
517.377000
510.937000
524.905000
514.501000
529.391000
529.807000
533.024000
523.473000
534.514000
532.324000
537.665000
540.236000
544.584000
541.767000
547.948000
544.049000
544.766000
547.318000
557.101000
554.506000
563.065000
554.923000
566.989000
558.806000
568.177000
560.645000
573.844000
575.951000
581.367000
577.355000
584.963000
603.975000
617.159000
593.496000
594.615000
589.223000
604.210000
593.787000
623.787000
602.690000
617.104000
12.346000
13.800000
14.034000
15.368000
15.646000
16.623000
17.168000
18.007000
18.420000
19.046000
20.347000
21.885000
21.941000
23.345000
30.809000
27.474000
27.964000
28.926000
27.725000
27.457000
27.943000
28.435000
28.557000
30.562000
29.974000
30.974000
31.347000
32.550000
32.996000
33.945000
34.558000
37.044000
36.760000
37.604000
37.699000
39.042000
39.833000
43.895000
42.160000
44.089000
46.726000
46.863000
48.828000
52.068000
50.980000
52.247000
51.741000
52.645000
54.675000
54.559000
59.039000
55.261000
56.633000
57.105000
65.933000
76.288000
65.421000
63.386000
65.113000
68.459000
67.627000
68.906000
67.944000
68.412000
77.911000
70.827000
78.872000
80.315000
72.804000
78.539000
79.834000
92.913000
81.589000
95.795000
80.530000
85.856000
81.025000
90.793000
85.198000
84.318000
87.748000
89.245000
91.924000
89.826000
92.158000
96.302000
97.136000
98.601000
96.165000
100.730000
98.225000
103.286000
101.849000
103.114000
121.612000
111.296000
116.413000
110.076000
105.861000
112.932000
115.098000
157.916000
122.635000
134.237000
157.043000
118.520000
118.869000
122.379000
120.358000
122.318000
121.305000
121.384000
125.205000
125.741000
122.982000
129.013000
128.874000
132.800000
134.659000
138.518000
134.270000
137.948000
137.780000
139.482000
135.941000
141.229000
142.543000
146.722000
169.906000
195.813000
173.984000
204.853000
186.789000
155.039000
165.713000
158.835000
171.350000
174.785000
181.852000
159.923000
157.797000
162.729000
162.870000
163.287000
160.570000
162.032000
159.315000
164.978000
173.039000
180.965000
187.743000
173.594000
188.877000
231.548000
177.989000
184.332000
170.986000
171.212000
171.313000
185.486000
183.656000
188.471000
184.311000
185.219000
185.515000
192.474000
187.045000
198.222000
194.511000
212.425000
212.816000
208.676000
203.431000
227.472000
228.554000
222.263000
215.131000
234.349000
209.373000
204.641000
203.777000
204.271000
215.216000
220.028000
225.454000
245.386000
257.917000
256.080000
234.784000
224.844000
215.995000
220.362000
220.771000
225.670000
223.928000
230.209000
226.389000
230.182000
233.634000
232.179000
232.329000
241.395000
243.196000
248.642000
236.866000
254.346000
241.538000
250.157000
246.580000
257.677000
252.553000
270.514000
260.462000
259.153000
253.519000
256.327000
268.609000
283.436000
262.454000
274.672000
269.196000
285.497000
314.402000
302.481000
287.697000
282.928000
283.347000
281.555000
282.645000
282.811000
296.176000
314.780000
312.988000
307.173000
318.180000
340.198000
334.529000
323.223000
305.108000
325.271000
310.880000
325.562000
316.247000
318.764000
321.661000
345.850000
447.967000
589.482000
797.456000
481.407000
358.323000
351.953000
398.576000
412.838000
435.093000
405.013000
375.563000
371.523000
356.566000
365.506000
384.398000
397.539000
356.855000
359.094000
355.638000
379.079000
368.406000
368.115000
424.629000
409.731000
423.816000
415.739000
601.493000
673.730000
942.229000
611.633000
470.472000
484.036000
469.357000
502.046000
448.060000
444.055000
502.624000
487.061000
437.452000
489.002000
453.945000
466.592000
510.181000
681.772000
526.323000
457.835000
434.012000
444.351000
442.708000
436.305000
420.536000
414.924000
430.628000
427.180000
422.754000
423.303000
441.690000
448.960000
427.276000
444.505000
442.159000
447.999000
441.714000
436.059000
431.844000
437.153000
437.173000
452.039000
452.013000
446.139000
448.440000
462.751000
453.961000
456.304000
602.655000
674.456000
538.011000
501.112000
482.686000
476.358000
466.967000
471.019000
468.327000
474.099000
479.609000
486.567000
485.145000
487.472000
487.401000
494.040000
487.552000
504.174000
498.323000
501.524000
498.776000
497.437000
495.443000
504.696000
498.873000
506.013000
507.350000
509.321000
543.933000
524.167000
534.317000
522.028000
521.500000
523.956000
532.750000
540.536000
572.592000
552.673000
545.056000
548.547000
564.713000
550.534000
542.787000
550.858000
538.329000
540.484000
533.014000
573.345000
559.407000
558.802000
665.461000
696.479000
592.746000
576.955000
558.604000
634.847000
686.168000
653.103000
662.272000
649.325000
706.994000
729.887000
688.128000
639.142000
626.332000
636.444000
669.751000
633.142000
640.015000
648.133000
