-3.054602
-40.879701
-357.699148
-1.319933
-3.119640
-70.369037
-18.584417
-21.347294
-80.414992
-5.777733
-0.840525
-0.919550
-0.886518
-0.896474
-0.879068
-0.874982
-0.869001
-0.866666
-0.859809
-0.855901
-0.854032
-0.849293
-0.846636
-0.844673
-0.843087
-0.841984
-0.841476
-0.840663
-0.840768
-0.840321
-0.840556
-0.840262
-0.840545
-0.840288
-0.840593
-0.840324
-0.840650
-0.840346
-0.840696
-0.840346
-0.840732
-0.840714
-0.840342
-0.840746
-0.840319
-0.840769
-0.840299
-0.840780
-0.840280
-0.840796
-0.840266
-0.840803
-0.840255
-0.840806
-0.840247
-0.840807
-0.840241
-0.840805
-0.840238
-0.840240
-0.840826
-0.840240
-0.840816
-0.840241
-0.840805
-0.840243
-0.840795
-0.840247
-0.840784
-0.840251
-0.840774
-0.840256
-0.840764
-0.840261
-0.840754
-0.840267
-0.840745
-0.840273
-0.840735
-0.840280
-0.840287
-0.840743
-0.840294
-0.840729
-0.840300
-0.840717
-0.840307
-0.840705
-0.840314
-0.840694
-0.840320
-0.842357
-0.840405
-0.840584
-0.840405
-0.840586
-0.840405
-0.840586
-0.840405
-0.840593
-0.842411
-0.840493
-0.840572
-0.840490
-0.840571
-0.840487
-0.840571
-0.840484
-0.842444
-0.840576
-0.840551
-0.840572
-0.840547
-0.840570
-0.840541
-0.842406
-0.840608
-0.840582
-0.840602
-0.840578
-0.840596
-0.840575
-0.842371
-0.840644
-0.840589
-0.840637
-0.840584
-0.840630
-0.842339
-0.840602
-0.840662
-0.840595
-0.840655
-0.840588
-0.840648
-0.842310
-0.840608
-0.840677
-0.840599
-0.840670
-0.840591
-0.842222
-0.840702
-0.840610
-0.840694
-0.840599
-0.840689
-0.842216
-0.840631
-0.840694
-0.840737
-0.840592
-0.841083
-0.842189
-0.840589
-0.840623
-0.840639
-0.841002
-0.840728
-0.842092
-0.840574
-0.841097
-0.840755
-0.840495
-0.841099
-0.842103
-0.840467
-0.841066
-0.840899
-0.840418
-0.841078
-0.842078
-0.840916
-0.841084
-0.840374
-0.841980
-0.841089
-0.841066
-0.840983
-0.840364
-0.841936
-0.840401
-0.841073
-0.840391
-0.841066
-0.841915
-0.840428
-0.840429
-0.841085
-0.840437
-0.841072
-0.841646
-0.840533
-0.840583
-0.840691
-0.840950
-0.841757
-0.845637
-0.887200
-0.841796
-0.847112
-0.988289
-0.957962
-0.881864
-0.884411
-0.952379
-1.093830
-0.888580
-0.855507
-0.853357
-0.842958
-0.844188
-0.841324
-0.841026
-0.844431
-0.851183
-0.840762
-0.868123
-0.842494
-0.840487
-0.843836
-0.925828
-0.841721
-0.853299
-0.840365
-0.845825
-0.840402
-0.842248
-0.840585
-0.842594
-0.845044
-0.845945
-0.840492
-0.842666
-0.843398
-0.840961
-0.844385
-0.841946
-0.850764
-0.840734
-0.842784
-1.059249
-3.477759
-1.324966
-0.965344
-0.913864
-0.938746
-0.900739
-0.927192
-0.900078
-0.899814
-0.907225
-0.900211
-0.899928
-0.919038
-0.931350
-0.900050
-0.906300
-0.900050
-0.899642
-0.906904
-0.900246
-0.906754
-0.900048
-0.906738
-0.917740
-0.906347
-0.900246
-0.900047
-0.906366
-0.899961
-0.899656
-0.899642
-0.927606
-0.907926
-0.906421
-0.912866
-15.627251
-0.899809
-0.906792
-0.899881
-0.906354
-0.899814
-0.908505
-0.899565
-0.900198
-0.900658
-0.919461
-0.901709
-0.911175
-0.930762
-0.921275
-0.920374
-2.314908
-8.640537
-9565.999896
-0.860781
-0.898838
-0.857172
-0.865918
-0.853776
-0.849067
-0.858677
-0.845571
-0.851394
-0.843647
-0.843107
-0.846599
-0.869689
-0.842951
-0.842577
-0.842805
-0.853471
-0.845931
-0.841774
-0.841504
-0.842618
-0.842480
-0.841565
-0.847071
-0.842233
-0.841536
-0.843789
-0.841560
-0.840138
-0.840201
-0.840103
-0.841854
-0.840206
-0.843735
-0.840225
-0.841733
-0.840608
-0.848867
-0.841683
-0.840133
-0.845321
-0.840133
-0.840608
-0.841524
-0.842379
-0.844384
-0.840206
-0.859926
-0.841488
-0.841495
-0.841650
-0.845208
-0.840206
-0.841555
-0.842379
-0.840608
-0.841326
-0.845316
-0.842654
-0.840079
-0.841650
-0.842379
-0.841962
-0.840914
-0.849821
-0.840695
-0.841691
-0.843606
-0.842379
-0.845176
-0.841606
-0.841505
-0.842785
-0.845574
-0.840311
-0.841531
-0.840608
-0.840337
-0.842678
-0.840608
-0.844993
-0.841265
-0.841165
-0.840489
-0.840608
-0.841441
-0.840608
-0.840337
-0.840337
-0.842265
-0.843746
-0.841150
-0.841441
-0.840458
-0.844393
-0.846607
-0.841591
-0.840999
-0.841002
-0.842309
-0.840168
-0.840956
-0.843523
-0.841650
-1254.974541
-113.547106
-14.762723
-103.120968
-332.435511
-6.260846
-3247.524914
-1126.692514
-2828.612142
-592.017386
-14.803254
-14.821639
-14.831867
-14.837827
-14.841193
-14.842841
-14.843282
-14.842832
-6.264217
-14.838786
-14.836811
-6.262886
-6.262886
-6.262886
-6.264217
-6.262886
-6.262955
-6.263181
-6.263102
-6.263181
-6.263102
-6.263181
-6.262955
-6.262955
-6.263329
-6.262886
-6.262955
-6.263033
-6.262807
-6.262807
-6.262584
-6.260655
-6.252639
-6.245063
-6.239667
-6.230693
-6.222120
-6.212597
-6.200587
-6.185938
-6.169875
-6.151520
-6.132358
-6.113831
-6.097370
-6.082475
-6.070198
-6.060031
-6.051372
-6.044465
-6.037992
-6.030660
-6.025627
-6.019151
-6.011996
-6.004968
-5.997988
-5.991314
-5.985245
-5.979978
-5.975506
-5.971647
-5.968288
-5.965281
-5.962525
-5.959942
-5.957483
-5.955114
-5.952810
-5.950556
-5.948339
-5.946152
-5.943987
-5.941841
-5.939710
-5.937590
-5.935480
-5.933377
-5.931280
-5.929188
-5.927099
-5.925012
-5.922927
-5.920842
-5.918757
-5.916670
-5.914582
-5.912491
-5.910396
-5.908297
-5.906193
-5.904083
-5.901967
-5.899844
-5.897712
-5.895571
-5.893421
-5.891260
-5.889087
-5.886902
-5.884702
-5.882488
-5.880257
-5.878009
-5.875742
-5.873456
-5.871142
-5.868807
-5.866446
-5.864056
-5.861631
-5.859177
-5.856684
-5.854149
-5.851568
-5.848938
-5.846250
-5.843501
-5.840681
-5.837783
-5.834795
-5.831709
-5.828509
-5.825185
-5.821725
-5.818122
-5.814377
-5.810506
-5.806539
-5.802518
-5.798494
-5.794519
-5.790646
-5.786934
-5.783451
-5.780265
-5.777444
-5.775037
-5.773066
-5.771513
-5.770329
-5.769445
-5.768784
-5.768274
-5.767858
-5.767492
-5.767147
-5.766804
-5.766451
-5.766082
-5.765694
-5.765285
-5.764856
-5.764407
-5.763940
-5.763456
-5.762956
-5.762440
-5.761911
-5.761367
-5.760811
-5.760243
-5.759662
-5.759070
-5.758466
-5.757851
-5.757223
-5.756584
-5.755932
-5.755268
-5.754590
-5.753898
-5.753192
-5.752471
-5.751734
-5.750980
-5.750207
-5.749415
-5.748603
-5.747769
-5.746910
-5.746027
-5.745118
-5.744179
-5.743209
-5.742207
-5.741169
-5.740092
-5.738976
-5.737816
-5.736610
-5.735353
-5.734045
-5.732681
-5.731255
-5.729766
-5.728210
-5.726577
-5.724868
-5.723075
-5.721191
-5.719210
-5.717124
-5.714923
-5.712599
-5.710141
-5.707536
-5.704770
-5.701830
-5.698698
-5.695356
-5.691785
-5.687965
-5.683872
-5.679486
-5.674781
-5.669736
-5.664328
-5.658538
-5.652349
-5.645748
-5.638729
-5.631289
-5.623435
-5.615177
-5.606533
-5.597523
-5.588169
-5.578494
-5.568517
-5.558248
-5.547693
-5.536845
-5.525682
-5.514172
-5.502263
-5.489887
-5.476950
-5.463339
-5.448908
-5.433475
-5.416819
-5.398666
-5.378684
-5.356481
-5.331610
-5.303598
-5.272014
-5.236592
-5.197406
-5.155034
-5.110594
-5.065557
-5.021372
-4.979126
-4.939404
-4.902334
-4.867729
-4.835175
-4.803980
-4.773500
-4.749411
-4.744836
-4.755868
-4.760568
-4.760022
-4.758573
-4.756966
-4.755287
-4.753504
-4.751527
-4.749169
-4.745963
-4.739854
-4.725076
-4.709170
-4.691932
-4.671319
-4.645472
-4.613999
-4.580610
-4.552557
-4.533621
-4.521877
-4.514243
-4.508747
-4.504355
-4.500512
-4.496878
-4.493200
-4.489238
-4.484709
-4.479229
-4.472274
-4.463207
-4.451404
-4.436260
-4.416891
-4.391846
-4.359409
-4.319182
-4.274759
-4.233417
-4.200331
-4.175506
-4.156470
-4.140787
-4.126598
-4.112381
-4.096585
-4.077459
-4.053490
-4.024527
-3.991180
-3.959100
-3.936454
-3.925469
-3.921553
-3.920269
-3.919728
-3.919274
-3.918765
-3.918139
-3.917336
-3.916351
-3.915061
-3.913307
-3.910645
-3.905567
-3.895508
-3.883215
-3.869404
-3.852653
-3.831200
-3.803155
-3.768651
-3.732604
-3.702534
-3.681219
-3.666575
-3.655833
-3.647099
-3.639163
-3.631120
-3.622040
-3.610752
-3.596052
-3.576952
-3.552825
-3.523166
-3.489298
-3.456685
-3.431908
-3.416306
-3.407093
-3.401381
-3.397390
-3.394294
-3.391508
-3.388660
-3.385312
-3.380439
-3.372095
-3.358975
-3.342469
-3.322139
-3.296364
-3.265054
-3.232692
-3.206895
-3.190194
-3.180105
-3.173544
-3.168836
-3.164926
-3.161291
-3.157407
-3.152782
-3.145931
-3.135525
-3.121496
-3.104014
-3.082317
-3.055590
-3.025563
-2.997654
-2.976952
-2.963486
-2.954799
-2.948750
-24.838336
-1618.152898
-1067.689869
-2454.312785
-100.516835
-220.847063
-823.307863
-0.741156
-92.124061
-2167.051361
-0.764009
-0.771173
-0.773469
-0.774425
-0.774900
-0.775157
-0.775299
-0.775372
-0.775401
-0.775399
-0.775375
-0.775333
-0.775277
-0.775211
-0.775133
-0.775046
-0.774951
-0.774847
-0.774735
-0.774615
-0.774485
-0.774348
-0.774201
-0.774042
-0.773911
-0.773203
-0.774084
-0.772461
-0.773862
-0.771864
-0.771577
-0.771288
-0.773136
-0.770721
-0.770426
-0.770128
-0.769827
-0.769524
-0.769218
-0.768908
-0.768595
-0.768278
-0.767956
-0.767629
-0.767297
-0.766957
-0.766612
-0.766255
-0.765889
-0.765506
-0.765106
-0.764679
-0.764208
-0.763653
-0.761185
-0.760682
-0.760222
-0.759785
-0.759371
-0.758972
-0.758590
-0.758224
-0.757874
-0.757541
-0.757224
-0.756924
-0.756640
-0.756372
-0.756119
-0.755880
-0.755656
-0.755447
-0.755246
-0.755059
-0.754881
-0.754712
-0.754555
-0.754403
-0.754258
-0.750610
-0.750133
-0.749684
-0.749257
-0.748850
-0.748459
-0.748084
-0.747725
-0.747381
-0.747051
-0.746734
-0.746431
-0.746140
-0.745861
-0.745593
-0.745335
-0.745088
-0.744849
-0.744618
-0.744395
-0.744180
-0.743970
-0.743765
-0.743568
-0.743375
-0.743186
-0.743000
-0.742819
-0.742640
-0.742464
-0.742291
-0.742120
-0.741951
-0.741784
-0.741619
-0.741455
-0.741292
-0.741131
-0.740970
-0.740810
-0.740651
-0.740493
-0.740335
-0.740178
-0.740019
-0.736499
-0.736118
-0.735757
-0.735410
-0.735072
-0.734742
-0.734419
-0.734101
-0.733789
-0.733483
-0.733183
-0.732887
-0.732597
-0.732312
-0.732033
-0.731758
-0.731489
-0.731225
-0.730967
-0.730713
-0.730464
-0.730220
-0.729981
-0.729747
-0.729517
-0.729291
-0.729069
-0.728851
-0.728637
-0.728426
-0.728219
-0.728015
-0.727814
-0.727616
-0.727420
-0.727228
-0.727037
-0.726849
-0.726664
-0.726480
-0.726298
-0.726118
-0.725939
-0.725763
-0.725587
-0.725413
-0.725241
-0.725069
-0.724899
-0.724730
-0.724562
-0.724394
-0.724228
-0.724062
-0.723898
-0.723733
-0.723570
-0.723407
-0.723245
-0.723083
-0.722922
-0.722761
-0.722601
-0.722441
-0.722282
-0.722123
-0.721964
-0.721805
-0.721647
-0.721489
-0.721331
-0.721173
-0.721016
-0.720859
-0.720702
-0.720545
-0.720388
-0.720231
-0.720075
-0.719918
-0.719762
-0.719605
-0.719449
-0.719293
-0.719136
-0.718980
-0.718824
-0.718668
-0.718512
-0.718355
-0.718199
-0.718043
-0.717887
-0.717730
-0.717574
-0.717418
-0.717261
-0.717105
-0.716948
-0.716792
-0.716637
-0.716480
-0.716323
-0.716166
-0.716009
-0.715852
-0.715696
-0.715540
-0.715380
-0.715226
-0.715068
-0.714913
-0.714757
-0.714603
-0.714440
-0.714289
-0.714134
-0.713978
-0.713822
-0.713662
-0.713510
-0.713358
-0.713204
-0.713051
-0.712898
-0.712746
-0.712593
-0.712445
-0.712296
-0.712149
-0.712002
-0.711853
-0.707003
-0.706321
-0.705712
-0.705134
-0.704570
-0.704013
-0.703456
-0.702897
-0.702334
-0.701765
-0.701188
-0.700604
-0.700011
-0.699409
-0.698798
-0.698178
-0.697550
-0.696912
-0.696268
-0.695615
-0.694957
-0.694292
-0.693623
-0.692950
-0.692275
-0.691598
-0.690920
-0.690243
-0.689568
-0.688895
-0.688226
-0.687562
-0.686903
-0.686251
-0.685605
-0.684967
-0.684336
-0.683714
-0.683100
-0.682495
-0.681898
-0.681310
-0.680730
-0.680159
-0.679596
-0.679042
-0.678495
-0.677956
-0.677425
-0.676900
-0.676382
-0.675870
-0.675364
-0.674863
-0.674368
-0.673877
-0.673391
-0.672909
-0.672430
-0.671954
-0.671481
-0.671011
-0.670542
-0.670075
-0.669609
-0.669144
-0.668679
-0.668214
-0.667749
-0.667284
-0.666816
-0.666348
-0.665877
-0.665403
-0.664927
-0.664446
-0.663962
-0.663474
-0.662980
-0.662481
-0.661975
-0.661462
-0.660942
-0.660413
-0.659875
-0.659326
-0.658766
-0.658195
-0.657609
-0.657009
-0.656393
-0.655760
-0.655106
-0.654431
-0.653733
-0.653008
-0.652255
-0.651469
-0.650647
-0.649785
-0.648878
-0.647921
-0.646908
-0.645832
-0.644685
-0.643457
-0.642139
-0.640720
-0.639187
-0.637525
-0.635718
-0.633746
-0.631588
-0.629214
-0.626590
-0.623672
-0.620404
-0.616716
-0.612519
-0.607703
-0.602135
-0.595663
-0.588130
-0.579403
-0.569431
-0.558320
-0.546380
-0.534117
-0.522108
-0.510837
-0.500595
-0.491474
-0.483431
-0.476363
-669.012877
-3.792251
-319.108654
-2341.357296
-23.749977
-1.614583
-3.068421
-7629.063331
-107.702917
-69.996639
-3.068161
-3.068086
-3.068074
-3.068098
-3.068144
-3.068207
-3.068284
-3.068375
-3.068477
-3.068592
-3.068719
-3.068860
-3.069015
-3.069185
-3.069374
-3.069584
-3.069817
-3.070077
-3.070370
-3.070701
-3.071078
-3.071510
-3.072008
-3.072585
-3.073253
-3.074022
-3.074889
-3.075835
-3.076813
-3.077765
-3.078633
-3.079379
-1.546335
-3.081185
-1.613717
-3.068765
-1.613717
-1.613717
-1.576070
-1.565336
-1.565336
-1.568656
-1.568656
-1.613717
-1.570038
-1.570038
-3.072922
-3.074607
-1.568656
-1.568656
-1.568656
-1.568656
-1.568656
-1.576070
-1.567829
-1.571976
-1.566725
-1.567829
-1.568656
-1.568656
-1.567829
-1.568656
-1.566725
-1.567829
-1.567829
-1.566725
-1.568656
-1.568656
-1.568656
-1.568656
-1.546335
-1.565620
-1.564240
-1.564608
-1.564515
-1.565620
-1.564240
-1.564515
-1.564240
-1.564240
-1.564240
-1.562585
-1.563957
-1.564515
-1.563957
-1.563136
-1.613717
-1.565336
-3.122604
-1.565336
-1.568656
-1.565336
-1.564515
-1.562308
-1.613717
-1.564230
-1.565336
-1.563688
-1.565336
-1.563957
-3.001498
-2.968835
-2.929085
-2.890631
-2.860379
-2.839693
-1.613717
-2.827136
-2.823485
-2.823385
-2.823926
-2.824020
-1.613717
-1.613717
-2.821016
-2.820479
-2.819704
-2.818786
-1.613717
-2.816381
-2.815408
-1.613717
-2.812931
-2.811967
-2.810970
-2.809950
-2.808915
-2.807868
-2.806819
-1.559551
-1.558173
-1.559551
-1.559551
-1.556796
-1.558173
-1.555420
-1.558696
-1.556430
-1.556796
-1.555420
-1.555420
-1.552121
-1.555420
-1.554502
-1.555420
-1.554044
-1.554410
-1.554044
-1.555420
-1.555420
-1.553220
-1.552121
-1.551293
-1.552668
-1.552361
-1.552391
-1.551872
-1.552025
-1.552391
-1.551293
-1.551016
-1.548000
-1.551016
-1.550558
-1.550252
-1.549919
-1.547172
-1.549885
-1.549427
-1.547172
-1.547172
-1.547172
-1.547172
-1.547172
-1.576070
-1.547172
-1.545799
-1.545799
-1.547172
-1.547172
-1.547172
-1.543884
-1.547172
-1.543056
-1.534019
-1.539773
-1.583554
-1.534019
-1.537307
-1.534019
-1.534019
-1.546335
-1.534019
-1.576070
-1.534019
-1.533654
-1.532654
-1.531558
-1.534019
-1.531283
-1.530552
-1.529914
-1.529124
-1.528667
-1.527907
-1.527451
-1.526873
-1.526295
-1.525677
-1.525099
-1.524504
-1.523943
-1.523315
-1.522805
-1.522260
-1.521683
-1.521095
-1.520588
-1.520041
-1.519554
-1.519178
-1.518540
-1.518053
-1.517607
-1.517080
-1.516593
-1.516588
-1.516223
-1.515245
-1.514823
-1.514387
-1.513888
-1.513566
-1.513186
-1.512768
-1.512342
-1.511950
-1.511569
-1.511204
-1.510805
-1.510500
-1.510075
-1.509737
-1.509364
-1.509028
-1.508673
-1.508332
-1.507991
-1.507655
-1.507323
-1.506994
-1.506664
-1.506350
-1.506006
-1.505692
-1.505391
-1.505059
-1.504752
-1.504435
-1.504123
-1.503806
-1.503502
-1.503198
-1.502895
-1.502586
-1.502285
-1.501981
-1.501681
-1.501375
-1.501064
-1.500757
-1.500467
-1.500174
-1.499854
-1.499561
-1.499249
-1.498945
-1.498668
-1.498362
-1.498039
-1.497729
-1.497406
-1.497096
-1.496787
-1.496477
-1.496184
-1.495841
-1.495548
-1.495222
-1.494913
-1.494557
-1.494264
-1.493921
-1.493601
-1.493259
-1.492916
-1.492614
-1.492231
-1.491888
-1.491532
-1.491196
-1.490821
-1.490478
-1.490106
-1.489720
-1.489361
-1.488955
-1.488586
-1.488194
-1.487756
-1.487334
-1.486887
-1.486457
-1.485992
-1.485524
-1.485039
-1.484538
-1.484014
-1.483465
-1.482902
-1.482305
-1.481645
-1.480949
-1.480208
-1.479452
-1.478567
-1.477582
-1.476694
-1.475621
-1.474482
-1.473261
-1.471981
-1.470626
-1.469221
-1.467733
-1.466191
-1.464573
-1.462859
-1.461053
-1.459125
-1.457090
-1.454902
-1.452560
-1.450038
-1.447317
-1.444374
-1.441190
-1.437739
-1.434012
-1.429978
-1.425633
-1.420967
-1.415979
-1.410675
-1.405063
-1.399161
-1.392991
-1.386569
-1.379916
-1.373041
-1.365945
-1.358618
-1.351030
-1.343147
-1.334887
-1.326162
-1.316841
-1.306750
-1.295661
-1.283261
-1.269175
-1.252936
-1.234070
-1.212243
-1.187604
-1.161277
-1.135516
-1.112828
-1.094629
-1.080902
-1.070866
-1.063634
-1.058492
-1.054924
-1.052562
-1.051124
-1.050372
-1.050091
-1.050092
-1.050224
-113.041146
-3754.180199
-3645.841278
-656.316334
-33.864428
-456.016341
-8.567397
-319.387459
-6109.102609
-6.844294
-6.845890
-6.845282
-6.845330
-6.845387
-6.845411
-6.845430
-6.845454
-6.845469
-6.845484
-6.845494
-6.845504
-6.845512
-6.845518
-6.845524
-6.845526
-6.845529
-6.845531
-6.845530
-6.845531
-6.845529
-6.845526
-6.845522
-6.845516
-6.845510
-6.845502
-6.845492
-6.845479
-6.845462
-6.845443
-6.845421
-6.845391
-6.845351
-6.845301
-6.845232
-6.845130
-6.844966
-6.844661
-6.843951
-6.842200
-6.840047
-6.837805
-6.835754
-6.833776
-6.831765
-6.829700
-6.827540
-6.825305
-6.822910
-6.820343
-6.817590
-6.814620
-6.811430
-6.808002
-6.804353
-6.800483
-6.796435
-6.792217
-6.787930
-6.783548
-6.779180
-6.774857
-6.770637
-6.766498
-6.762484
-6.758639
-6.754800
-6.751060
-6.747283
-6.743315
-6.738873
-6.733409
-6.726353
-6.717731
-6.707980
-6.697188
-6.685273
-6.672338
-6.658863
-6.645644
-6.633525
-6.623006
-6.614193
-6.606890
-6.600801
-6.595639
-6.591172
-6.587228
-6.583679
-6.580425
-6.577405
-6.574566
-6.571869
-6.569287
-6.566799
-6.564387
-6.562036
-6.559739
-6.557485
-6.555268
-6.553084
-6.550926
-6.548790
-6.546675
-6.544577
-6.542493
-6.540423
-6.538361
-6.536313
-6.534271
-6.532236
-6.530208
-6.528185
-6.526165
-6.524150
-6.522142
-6.520132
-6.518126
-6.516121
-6.514119
-6.512119
-6.510119
-6.508121
-6.506123
-6.504126
-6.502131
-6.500136
-6.498143
-6.496150
-6.494159
-6.492170
-6.490183
-6.488200
-6.486218
-6.484239
-6.482267
-6.480295
-6.478333
-6.476375
-6.474426
-6.472485
-6.470555
-6.468630
-6.466722
-6.464825
-6.462942
-6.461075
-6.459224
-6.457392
-6.455579
-6.453785
-6.452017
-6.450270
-6.448548
-6.446851
-6.445181
-6.443538
-6.441922
-6.440333
-6.438774
-6.437241
-6.435737
-6.434260
-6.432809
-6.431384
-6.429983
-6.428606
-6.427251
-6.425916
-6.424600
-6.423301
-6.422016
-6.420745
-6.419486
-6.418235
-6.416992
-6.415755
-6.414522
-6.413291
-6.412060
-6.410829
-6.409595
-6.408358
-6.407115
-6.405866
-6.404610
-6.403345
-6.402071
-6.400786
-6.399490
-6.398182
-6.396862
-6.395527
-6.394179
-6.392815
-6.391435
-6.390038
-6.388625
-6.387194
-6.385743
-6.384272
-6.382780
-6.381267
-6.379732
-6.378172
-6.376586
-6.374975
-6.373334
-6.371665
-6.369963
-6.368229
-6.366458
-6.364650
-6.362801
-6.360908
-6.358967
-6.356977
-6.354931
-6.352825
-6.350655
-6.348413
-6.346093
-6.343687
-6.341185
-6.338577
-6.335851
-6.332990
-6.329979
-6.326796
-6.323414
-6.319804
-6.315929
-6.311741
-6.307180
-6.302175
-6.296631
-6.290423
-6.283394
-6.275332
-6.265955
-6.254878
-6.241568
-6.225255
-6.204782
-6.178308
-6.142734
-6.092604
-6.018131
-5.902849
-5.726848
-5.490012
-5.232502
-4.993673
-4.780556
-4.585220
-4.399531
-4.218605
-4.041693
-3.876409
-3.746898
-3.681167
-3.664327
-3.661744
-3.660738
-3.659468
-3.657860
-3.655994
-3.653920
-3.651665
-3.649230
-3.646596
-3.643726
-3.640559
-3.636993
-3.632868
-3.627907
-3.621633
-3.613223
-3.601514
-3.585491
-3.564346
-3.536102
-3.496000
-3.434781
-3.338302
-3.198494
-3.037791
-2.893134
-2.774725
-2.674280
-2.582097
-2.490824
-2.395287
-2.293288
-2.188759
-2.094883
-2.027458
-1.989312
-1.970750
-1.961977
-1.957560
-1.955034
-1.953357
-1.952038
-1.950868
-1.949743
-1.948614
-1.947456
-1.946246
-1.944978
-1.943641
-1.942224
-1.940714
-1.939093
-1.937335
-1.935401
-1.933233
-1.930736
-1.927745
-1.923961
-1.918852
-1.911692
-1.902222
-1.890759
-1.877108
-1.860268
-1.838454
-1.809035
-1.768932
-1.716697
-1.656456
-1.597856
-1.548532
-1.509728
-1.479212
-1.454396
-1.433309
-1.414576
-1.397229
-1.380533
-1.363887
-1.346776
-1.328781
-1.309663
-1.289459
-1.268599
-1.248033
-1.229163
-1.213291
-1.200951
-1.191831
-1.185214
-1.180382
-1.176780
-1.174020
-1.171842
-1.170072
-1.168593
-1.167326
-1.166215
-1.165219
-1.164310
-1.163468
-1.162674
-1.161917
-1.161186
-1.160475
-1.159775
-1.159081
-1.158388
-1.157691
-1.156984
-1.156264
-1.155525
-1.154760
-1.153962
-1.153121
-1.152227
-1.151261
-1.150203
-1.149018
-1.147660
-1.146056
-1.144117
-1.141758
-1.138978
-1.135874
-1.132542
-1.129008
-1.125242
-1.121186
-11.932929
-164.416406
-54.478568
-104.622244
-18.695415
-26.180198
-79.227348
-97.696806
-395.283212
-11.906425
-11.904255
-11.871274
-11.908527
-11.007226
-9.303305
-7.985758
-6.895679
-5.819624
-4.893259
-4.285369
-4.183504
-4.121703
-4.045302
-3.915373
-3.672068
-3.223434
-2.788704
-2.497741
-2.275439
-2.082274
-1.905890
-1.741043
-1.605402
-1.536001
-1.517134
-1.507613
-1.497222
-1.483332
-1.458983
-1.422415
-1.373618
-1.305090
-1.227871
-1.168450
-1.130211
-1.103734
-1.082070
-1.060145
-1.032747
-1.000143
-0.964212
-0.931992
-0.909679
-0.895662
-0.886287
-0.879211
-0.873146
-0.867066
-0.851128
-0.836427
-0.821455
-0.807563
-0.797333
-0.791003
-0.787093
-0.784250
-0.781429
-0.773932
-0.761320
-0.749761
-0.736743
-0.722480
-0.708381
-0.695878
-0.685446
-0.676759
-0.669255
-0.662281
-0.653809
-0.648314
-0.644635
-0.642724
-0.641824
-0.641119
-0.624200
-0.615187
-0.605405
-0.595055
-0.585002
-0.575988
-0.568256
-0.558351
-0.552103
-0.548395
-0.546951
-0.546537
-0.529110
-0.520930
-0.512944
-0.505749
-0.499494
-0.489855
-0.483797
-0.480039
-0.478625
-0.464863
-0.458363
-0.453128
-0.449639
-0.440327
-0.435435
-0.432365
-0.422918
-0.418746
-0.416562
-0.408842
-0.405435
-0.398267
-0.398636
-0.390993
-0.388235
-0.382608
-0.380180
-0.376082
-0.374197
-0.369007
-0.366569
-0.362358
-0.359818
-0.358219
-0.353229
-0.354328
-0.348872
-0.346503
-0.345834
-0.341959
-0.341222
-0.338336
-0.335718
-0.335553
-0.331608
-0.332197
-0.329145
-0.326682
-0.327164
-0.324324
-0.322534
-0.322714
-0.319655
-0.319763
-0.317711
-0.316469
-0.316015
-0.314536
-0.313288
-0.313199
-0.311144
-0.311172
-0.309833
-0.309010
-0.308546
-0.307851
-0.306602
-0.307127
-0.305325
-0.305213
-0.305044
-0.303992
-0.308063
-0.303037
-0.305822
-0.302440
-0.301693
-0.304631
-0.301747
-0.302428
-0.301949
-0.304027
-0.300610
-0.302048
-0.301394
-0.300362
-0.302388
-0.300200
-0.301342
-0.300807
-0.301323
-0.300372
-0.301369
-0.302040
-0.300791
-0.300271
-0.302534
-0.301215
-0.301490
-0.301226
-0.302983
-0.302912
-0.302630
-0.300642
-0.304385
-0.304046
-0.301411
-0.305937
-0.306033
-0.305622
-0.302115
-0.308101
-0.307512
-0.307333
-0.303125
-0.303052
-0.310287
-0.313855
-0.305587
-0.310549
-0.305800
-0.315992
-0.315036
-0.309306
-0.318855
-0.319279
-0.311342
-0.300102
-0.300087
-0.319321
-0.312027
-0.300553
-0.324661
-0.326940
-0.317851
-0.300845
-0.300541
-0.300414
-0.300948
-0.330475
-0.341178
-0.323078
-0.308847
-0.309282
-0.319308
-0.330460
-0.351197
-0.333949
-0.349964
-0.329406
-0.343690
-0.311023
-0.344769
-0.306065
-0.311169
-0.337096
-0.306492
-0.305094
-0.303743
-0.304926
-0.307233
-0.307568
-0.302822
-0.307805
-0.347211
-0.356068
-0.418356
-0.340766
-0.303749
-0.302313
-0.340688
-0.303228
-0.310046
-0.307130
-0.306762
-0.350260
-0.368950
-0.352881
-0.405010
-0.301072
-0.302334
-0.301878
-0.301104
-0.301857
-0.300660
-0.305567
-0.301600
-0.350795
-0.356417
-0.357569
-0.334814
-0.331023
-0.307121
-0.289429
-0.266278
-0.239161
-0.216171
-0.187233
-0.164316
-0.139565
-0.119405
-0.101358
-0.086148
-0.074342
-0.064674
-0.079450
-0.056262
-0.060898
-0.047982
-0.058918
-0.047803
-0.069350
-0.047821
-0.053273
-0.059906
-0.098555
-0.045446
-0.204356
-0.077228
-0.174077
-0.036316
-0.037971
-0.049652
-0.034379
-0.035429
-0.031335
-0.036246
-0.035506
-0.039831
-0.031777
-0.031506
-0.046456
-0.093276
-0.060569
-0.034676
-0.030004
-0.033586
-0.031806
-0.031027
-0.036160
-0.049413
-0.037459
-0.040179
-0.030922
-0.032239
-0.046122
-0.036702
-0.030599
-0.071922
-0.171842
-0.059576
-0.032908
-0.030155
-0.039871
-0.046736
-0.035928
-0.034906
-0.031685
-0.030812
-0.030365
-0.031136
-0.033421
-0.033128
-0.032320
-0.038654
-0.030187
-0.033174
-0.040237
-0.030189
-0.032134
-0.038105
-0.033011
-0.032234
-0.039839
-0.030172
-0.058939
-0.092526
-0.030811
-0.042684
-0.032117
-0.034579
-0.033498
-0.034328
-0.030560
-0.035524
-0.030776
-0.030934
-0.033799
-0.032950
-0.030336
-0.042334
-0.033236
-0.030692
-0.459277
-0.036345
-0.035264
-0.033488
-0.043733
-0.084575
-0.073457
-0.031191
-0.034152
-0.030311
-0.042701
-15.820212
-2.125504
-5.904146
-418.212094
-82.313463
-69.402629
-486.514550
-18.368887
-8.859805
-33.674759
-2.237538
-2.185543
-2.186913
-2.165545
-2.199744
-2.154767
-2.152802
-2.149982
-2.146425
-2.142247
-2.137543
-2.132384
-2.126829
-2.120929
-2.114740
-2.108321
-2.101740
-2.095057
-2.088332
-2.081602
-2.074891
-2.068204
-2.061527
-2.054825
-2.048032
-2.041041
-2.033645
-2.025356
-2.015428
-2.004135
-1.992089
-1.979216
-1.965741
-1.952378
-1.939906
-1.928696
-1.918645
-1.909399
-1.900540
-1.891647
-1.882259
-1.871782
-1.859284
-1.843145
-1.820760
-1.788688
-1.741270
-1.671517
-1.585913
-1.507890
-1.447913
-1.404357
-1.378500
-1.370269
-1.369953
-1.368067
-1.316750
-1.269346
-1.202087
-1.133805
-1.081365
-1.040559
-1.003710
-0.955332
-0.903467
-0.866821
-0.852901
-0.849517
-0.816546
-0.786634
-0.750598
-0.715709
-0.688788
-0.668917
-0.653011
-0.625104
-0.597517
-0.574213
-0.560855
-0.554852
-0.534667
-0.517081
-0.499400
-0.484557
-0.474382
-0.468123
-0.465431
-0.448589
-0.437724
-0.428152
-0.421101
-0.416516
-0.413816
-0.402519
-0.395746
-0.389830
-0.385224
-0.382009
-0.379998
-0.373004
-0.369668
-0.367095
-0.365304
-0.364218
-0.359117
-0.357254
-0.355849
-0.354530
-0.352750
-0.351632
-0.350024
-0.349150
-0.347751
-0.347081
-0.345877
-0.345377
-0.344338
-0.343986
-0.343065
-0.342844
-0.342019
-0.341914
-0.341150
-0.341143
-0.340419
-0.340501
-0.339804
-0.339956
-0.339279
-0.339489
-0.338828
-0.339079
-0.338435
-0.338721
-0.338088
-0.338403
-0.337776
-0.338124
-0.337491
-0.337865
-0.337231
-0.337686
-0.336965
-0.337092
-0.336925
-0.338360
-0.336103
-0.336552
-0.336622
-0.337409
-0.335954
-0.336761
-0.335887
-0.337690
-0.335247
-0.336089
-0.335707
-0.337138
-0.335169
-0.336057
-0.335181
-0.337443
-0.334738
-0.335561
-0.334906
-0.336965
-0.334467
-0.335433
-0.334446
-0.337265
-0.333953
-0.333802
-0.336238
-0.333746
-0.336343
-0.333443
-0.333292
-0.336162
-0.332993
-0.336002
-0.332647
-0.332423
-0.335743
-0.331934
-0.331668
-0.335957
-0.330846
-0.333667
-0.329648
-0.328716
-0.333698
-0.325628
-0.322553
-0.326782
-0.313545
-0.308346
-0.305407
-0.291110
-0.289664
-0.278714
-0.271433
-0.264547
-0.255556
-0.244152
-0.234965
-0.221632
-0.210121
-0.197644
-0.184817
-0.171846
-0.158770
-0.145306
-0.132325
-0.119309
-0.107012
-0.095084
-0.084126
-0.073819
-0.064699
-0.056511
-0.049554
-0.043790
-0.039055
-0.035733
-0.032958
-0.031800
-0.036005
-0.030306
-0.033447
-0.030815
-0.031591
-0.030243
-0.032646
-0.030302
-0.032238
-0.030014
-0.037167
-0.031536
-0.034758
-0.030971
-0.030973
-0.043109
-0.036614
-0.033331
-0.032650
-0.031818
-0.037326
-0.033168
-0.036545
-0.032874
-0.049151
-0.044385
-0.036956
-0.030654
-0.030618
-0.031011
-0.035591
-0.040961
-0.077797
-0.042721
-0.076823
-0.049043
-0.055130
-0.041762
-0.058309
-0.037521
-0.059755
-0.039504
-0.069359
-0.059806
-0.048763
-0.047146
-0.180560
-0.092035
-0.157456
-0.057584
-0.080681
-0.104434
-0.084495
-0.097374
-0.086290
-0.033491
-0.042029
-0.032421
-0.147635
-0.093521
-0.091770
-0.051362
-0.034745
-0.042673
-0.067171
-0.041981
-0.032598
-0.033792
-0.033752
-0.064787
-0.037230
-0.031207
-0.035604
-0.036257
-0.053273
-0.034618
-0.046920
-0.066873
-0.047442
-0.031103
-0.032243
-0.034927
-0.034433
-0.115428
-0.037384
-0.044427
-0.032480
-0.030605
-0.039573
-0.033241
-0.038600
-0.031721
-0.035000
-0.031756
-0.039138
-0.030274
-0.036998
-0.032649
-0.033908
-0.031112
-0.033689
-0.136360
-0.207955
-0.045426
-0.030179
-0.061083
-0.038542
-0.032084
-0.034508
-0.030990
-0.030192
-0.033358
-0.040984
-0.047811
-0.165106
-0.189432
-0.038779
-0.032319
-0.032672
-0.036010
-0.030063
-0.033361
-0.030321
-0.066076
-0.030431
-0.031190
-0.032504
-0.038091
-0.035199
-0.033919
-0.031174
-0.030147
-0.034255
-0.034289
-0.037522
-0.030713
-0.031634
-0.045067
-0.030954
-0.038219
-0.030407
-0.034538
-0.031791
-0.033284
-0.030806
-0.035195
-0.030171
-0.037903
-0.042724
-0.032042
-0.034598
-0.031086
-0.084217
-0.038875
-0.030414
-0.031827
-0.031782
-0.030536
-0.031767
-0.043310
-0.043626
-0.030498
-0.032856
-0.031423
-808.077870
-10.379284
-5.830156
-156.010488
-1478.708675
-2909.105495
-44.870477
-9.569938
-551.896534
-216.779326
-10.452013
-6.272785
-6.206028
-6.079778
-6.069545
-6.068216
-6.065990
-6.064877
-6.059529
-6.057003
-6.054777
-5.951316
-6.049726
-6.039494
-6.049726
-6.035466
-6.026980
-6.029687
-6.022104
-6.029687
-6.013915
-6.011014
-6.007742
-6.004098
-5.999982
-5.995997
-5.991238
-5.988549
-5.984419
-5.982473
-5.976788
-5.972803
-5.968717
-5.965002
-5.961119
-5.957607
-5.953724
-5.950212
-5.947016
-5.942513
-5.940151
-5.936820
-5.933771
-5.930282
-5.926714
-5.924206
-5.920706
-5.917836
-5.914828
-5.911691
-5.908532
-5.905456
-5.902292
-5.898689
-5.895560
-5.892142
-5.888705
-5.885206
-5.881675
-5.877966
-5.874151
-5.870313
-5.866411
-5.862082
-5.857666
-5.852971
-5.847979
-5.842563
-5.836575
-5.829829
-5.821890
-5.812840
-5.802008
-5.789122
-5.773596
-5.755017
-5.732483
-5.704811
-5.670932
-5.630648
-5.585795
-5.540110
-5.497111
-5.458912
-5.425588
-5.396377
-5.370215
-5.346190
-5.323502
-5.301462
-5.279522
-5.257093
-5.233562
-5.208242
-5.180187
-5.148135
-5.110190
-5.063483
-5.003342
-4.922365
-4.809341
-4.652925
-4.457800
-4.262212
-4.106643
-3.998799
-3.928092
-3.883115
-3.855435
-3.838927
-3.829133
-3.822975
-3.818528
-3.814734
-3.811098
-3.807316
-3.803264
-3.798872
-3.794033
-3.788585
-3.782358
-3.774936
-3.765551
-3.752510
-3.732677
-3.702493
-3.657962
-3.586717
-3.460491
-3.255747
-3.033211
-2.863026
-2.735833
-2.628473
-2.526418
-2.420334
-2.303399
-2.173511
-2.043806
-1.949433
-1.907141
-1.893277
-1.888140
-1.885165
-1.882636
-1.880083
-1.877350
-1.874353
-1.870998
-1.867138
-1.862486
-1.856438
-1.847623
-1.834085
-1.815921
-1.792918
-1.762063
-1.717967
-1.655457
-1.578260
-1.503406
-1.443951
-1.399571
-1.365264
-1.336889
-1.311726
-1.287915
-1.264034
-1.238978
-1.212264
-1.184458
-1.157415
-1.134176
-1.117100
-1.105951
-1.098942
-1.094410
-1.091293
-1.088989
-1.087163
-1.085624
-1.084256
-1.082988
-1.081771
-1.080568
-1.079351
-1.078089
-1.076749
-1.075284
-1.073617
-1.071603
-1.068926
-1.065027
-1.060019
-1.054759
-1.049354
-1.043625
-1.037406
-1.030601
-1.023220
-1.015415
-1.007501
-0.999879
-0.992923
-0.986863
-0.981755
-0.977528
-0.974044
-0.971160
-0.968746
-0.966698
-0.964933
-0.963388
-0.962013
-0.960773
-0.959637
-0.958583
-0.957593
-0.956651
-0.955744
-0.954860
-0.953988
-0.953116
-0.952233
-0.951326
-0.950380
-0.949377
-0.948301
-0.947141
-0.945899
-0.944596
-0.943260
-0.941916
-0.940575
-0.939245
-0.937928
-0.936626
-0.935343
-0.934084
-0.932856
-0.931666
-0.930522
-0.929430
-0.928398
-0.927428
-0.926524
-0.925685
-0.924912
-0.924201
-0.923549
-0.922952
-0.922407
-0.921907
-0.921449
-0.921028
-0.920641
-0.920283
-0.919952
-0.919644
-0.919357
-0.919089
-0.918836
-0.918599
-0.918374
-0.918160
-0.917957
-0.917763
-0.917576
-0.917397
-0.917224
-0.917057
-0.916894
-0.916736
-0.916581
-0.916430
-0.916281
-0.916135
-0.915990
-0.915847
-0.915704
-0.915562
-0.915420
-0.915277
-0.915133
-0.914987
-0.914838
-0.914685
-0.914526
-0.914358
-0.914179
-0.913984
-0.913769
-0.913526
-0.913264
-0.913005
-0.912766
-0.912552
-0.912357
-0.912178
-0.912011
-0.911855
-0.911708
-0.911568
-0.911435
-0.911309
-0.911189
-0.911074
-0.910964
-0.910860
-0.910760
-0.910665
-0.910574
-0.910488
-0.910406
-0.910327
-0.910253
-0.910182
-0.910115
-0.910051
-0.909991
-0.909933
-0.909879
-0.909827
-0.909777
-0.909731
-0.909686
-0.909644
-0.909604
-0.909566
-0.909530
-0.909495
-0.909462
-0.909431
-0.909401
-0.909373
-0.909345
-0.909319
-0.909294
-0.909270
-0.909247
-0.909225
-0.909204
-0.909183
-0.909163
-0.909144
-0.909126
-0.909108
-0.909090
-0.909073
-0.909057
-0.909041
-0.909025
-0.909009
-0.908994
-0.908980
-0.908965
-0.908951
-0.908937
-0.908923
-0.908909
-0.908895
-0.908881
-0.908868
-0.908854
-0.908841
-0.908827
-0.908813
-0.908799
-0.908785
-0.908771
-0.908775
-0.907835
-0.907808
-0.907783
-0.907758
-0.908727
-0.907705
-0.907682
-0.907659
-0.908679
-0.907613
-0.907592
-0.907571
-0.907550
-0.908605
-0.907510
-0.907490
-0.907472
-0.907453
-0.908526
-110.194960
-19.267133
-9.092628
-5.255568
-3562.135029
-3.543709
-209.862569
-1122.287525
-72.894667
-121.705183
-3.560517
-3.555341
-3.560517
-3.560400
-3.560630
-3.555341
-3.560517
-3.583409
-3.546164
-3.546164
-3.551164
-3.551164
-5.311831
-3.546164
-3.583409
-3.546164
-3.542833
-3.546164
-3.548725
-3.542833
-3.542833
-3.542833
-3.545607
-3.545415
-3.558512
-3.543223
-3.542833
-3.541337
-3.540762
-3.539403
-3.538455
-3.537380
-3.536304
-3.546164
-3.534111
-3.537646
-3.542833
-3.530923
-3.528303
-3.527510
-3.546164
-3.523145
-3.523145
-5.306949
-3.546164
-3.519786
-3.517978
-3.515806
-3.513818
-3.511917
-3.510294
-3.507393
-3.503576
-3.502788
-3.501546
-3.499944
-3.497977
-3.496273
-3.802097
-3.595957
-3.583409
-3.585840
-3.579590
-3.579296
-3.577178
-3.802097
-3.586691
-3.585736
-3.583798
-3.582296
-3.583409
-3.577750
-3.576533
-3.546164
-5.348453
-3.573695
-5.225886
-3.570927
-3.568695
-3.567118
-3.565566
-3.564403
-3.562858
-3.561855
-3.560347
-3.559442
-3.557973
-3.557132
-3.555694
-3.554894
-3.553481
-3.552701
-3.551307
-3.550529
-3.549147
-3.548353
-3.546977
-3.546149
-3.544777
-3.543893
-3.542519
-3.541377
-3.540223
-3.539059
-3.537886
-3.536707
-3.535520
-3.534329
-3.533132
-3.531929
-3.530722
-3.529508
-3.528287
-3.527058
-3.525819
-3.524570
-3.523309
-3.522035
-3.520746
-3.519444
-3.518125
-3.516791
-3.515441
-3.514075
-3.512692
-3.511294
-3.509882
-3.508453
-3.507011
-3.505555
-3.504086
-3.502604
-3.501108
-3.499599
-3.498072
-3.496530
-3.494969
-3.493385
-3.491777
-3.490136
-3.488461
-3.486742
-3.484973
-3.483143
-3.481240
-3.479249
-3.477152
-3.474922
-3.472533
-3.469939
-3.467089
-3.463909
-3.460301
-3.456135
-3.451242
-3.445424
-3.438458
-3.430098
-3.420015
-3.407701
-3.392369
-3.372874
-3.347778
-3.315763
-3.283502
-3.264899
-3.204833
-3.159110
-3.120866
-3.078385
-3.041711
-3.007556
-2.974466
-2.944668
-2.916366
-2.891892
-2.873917
-2.864825
-2.861181
-2.861538
-2.861755
-2.860988
-2.861247
-2.860275
-2.858500
-2.856608
-2.854370
-2.840643
-2.819779
-2.807084
-2.781329
-2.749106
-2.706030
-2.655663
-2.609414
-2.570746
-2.538388
-2.509708
-2.481762
-2.451375
-2.416101
-2.374644
-2.331056
-2.294838
-2.272175
-2.260009
-2.254265
-2.251380
-2.249757
-2.248681
-2.247877
-2.246843
-2.247605
-2.221224
-2.204322
-2.183282
-2.153814
-2.115852
-2.072324
-2.031027
-1.996801
-1.967831
-1.941532
-1.915169
-1.884804
-1.848762
-1.807693
-1.768399
-1.740110
-1.724368
-1.716492
-1.712647
-1.710845
-1.709994
-1.709257
-1.708599
-1.709188
-1.680483
-1.678838
-1.656675
-1.632039
-1.599904
-1.562299
-1.526224
-1.496042
-1.471128
-1.449385
-1.427786
-1.403201
-1.374051
-1.341262
-1.309063
-1.284744
-1.270147
-1.262248
-1.258099
-1.255991
-1.255074
-1.254772
-1.254762
-1.231527
-1.216793
-1.198886
-1.176028
-1.148886
-1.121247
-1.097025
-1.077251
-1.060889
-1.046366
-1.031788
-1.014354
-0.993613
-0.970623
-0.947492
-0.928738
-0.916345
-0.908909
-0.904520
-0.901929
-0.900455
-0.899739
-0.899581
-0.881741
-0.870228
-0.857221
-0.841613
-0.823799
-0.805692
-0.789480
-0.776112
-0.765304
-0.756311
-0.748328
-0.740327
-0.730038
-0.717380
-0.703819
-0.689492
-0.675976
-0.665102
-0.657351
-0.652100
-0.648550
-0.646114
-0.644433
-0.643313
-0.642698
-0.642688
-0.626946
-0.619129
-0.610459
-0.600751
-0.590431
-0.580341
-0.571290
-0.563650
-0.557366
-0.552168
-0.547743
-0.543769
-0.539782
-0.534135
-0.526715
-0.519494
-0.512069
-0.504646
-0.497803
-0.492044
-0.487530
-0.484124
-0.481580
-0.479667
-0.478209
-0.477084
-0.476220
-0.475587
-0.467301
-0.462532
-0.457954
-0.453198
-0.448286
-0.443393
-0.437422
-0.434247
-0.430658
-0.427680
-0.425288
-0.423312
-0.421625
-0.420146
-0.418996
-0.417924
-0.416922
-0.410376
-0.407012
-0.403734
-0.400454
-0.397235
-0.394190
-0.391423
-0.389001
-0.386941
-0.385220
-0.383794
-0.382613
-0.381632
-0.380810
-0.380116
-0.379527
-0.379025
-0.374160
-0.371838
-0.369769
-0.367763
-0.365803
-0.363907
-0.362113
-0.360454
-0.358955
-0.357626
-0.356467
-0.355466
-0.354608
-0.353874
-0.353247
-0.352712
-0.352256
-0.351871
-0.351555
-12.171972
-75.005698
-2606.168781
-1365.548919
-24.949927
-864.027693
-14.590022
-160.845721
-134.732069
-563.006109
-14.590175
-14.590256
-14.590311
-14.590355
-12.169458
-14.590392
-14.590426
-14.590458
-14.590490
-14.590523
-14.590558
-12.479064
-14.590606
-12.296742
-14.590673
-14.590759
-12.250068
-12.270585
-14.591186
-14.593469
-12.273055
-12.273017
-12.270892
-12.479064
-14.559537
-12.273297
-14.540129
-14.516977
-12.277914
-12.479064
-12.269850
-12.479064
-14.473792
-14.416821
-12.304994
-14.338588
-12.306055
-12.297227
-12.291126
-14.242439
-14.166530
-12.281312
-12.277933
-14.097367
-12.272060
-14.044174
-12.266514
-12.268474
-12.256625
-12.259303
-12.256703
-12.253981
-12.251119
-12.248101
-12.242656
-12.240462
-12.237693
-12.233916
-12.214915
-12.223575
-12.218600
-12.213928
-12.208726
-12.203210
-12.197383
-12.304994
-12.200578
-12.195190
-12.196725
-12.146730
-13.844780
-12.168398
-12.161579
-12.154497
-12.146730
-12.139394
-12.131766
-12.124493
-12.115945
-12.108758
-12.100873
-12.093281
-12.085823
-12.078987
-12.074197
-12.064392
-12.057981
-12.049593
-12.044985
-12.038535
-12.032418
-12.026425
-12.019774
-12.049593
-12.011506
-12.015477
-12.001855
-11.988139
-11.988139
-11.894618
-11.936802
-11.924067
-11.908770
-11.893100
-11.873039
-11.849878
-11.822910
-11.792922
-11.756078
-11.710988
-11.657853
-11.833748
-11.593867
-11.523971
-11.464716
-11.409088
-11.350393
-11.294751
-11.244616
-11.194647
-11.144521
-11.093291
-11.039828
-10.984599
-10.932317
-10.891491
-10.867932
-10.857665
-10.853283
-10.850358
-10.849430
-10.847617
-10.845884
-10.844484
-10.842584
-10.840658
-10.838560
-10.836293
-10.834169
-10.830445
-10.826795
-10.821815
-10.814405
-10.804648
-10.792720
-10.778341
-10.760432
-10.736997
-10.705631
-10.664472
-10.615422
-10.564360
-10.517741
-10.477900
-10.443843
-10.413560
-10.385133
-10.356994
-10.327598
-10.296084
-10.262650
-10.229114
-10.199555
-10.177742
-10.164056
-10.156158
-10.151454
-10.148546
-10.146385
-10.144706
-10.143216
-10.141796
-10.140279
-10.138873
-10.137226
-10.135342
-10.133019
-10.130236
-10.125590
-10.117776
-10.107474
-10.095765
-10.081938
-10.064550
-10.041845
-10.012334
-9.976365
-9.937518
-9.900840
-9.868997
-9.842013
-9.818531
-9.797032
-9.776093
-9.754606
-9.731995
-9.708741
-9.686349
-9.667414
-9.653878
-9.645369
-9.640321
-9.637206
-9.635165
-9.633658
-9.632438
-9.631361
-9.630333
-9.629291
-9.628180
-9.626937
-9.625477
-9.623582
-9.620699
-9.614686
-9.606020
-9.597030
-9.587059
-9.575252
-9.560516
-9.542014
-9.519321
-9.493382
-9.466559
-9.441372
-9.419095
-9.399621
-9.382250
-9.365849
-9.349639
-9.333052
-9.316270
-9.300134
-9.286020
-9.275261
-9.268061
-9.263610
-9.260869
-9.259112
-9.257904
-9.256975
-9.256202
-9.255520
-9.254850
-9.254154
-9.253392
-9.252528
-9.251701
-9.249746
-9.245002
-9.237085
-9.230151
-9.222948
-9.214798
-9.205216
-9.193682
-9.179921
-9.164050
-9.146772
-9.129286
-9.112715
-9.097627
-9.083996
-9.071466
-9.059487
-9.047537
-9.035461
-9.023619
-9.012632
-9.003320
-8.996305
-8.991575
-8.988533
-8.986625
-8.985383
-8.984535
-8.983896
-8.983387
-8.982928
-8.982512
-8.982073
-8.981611
-8.981073
-8.980431
-8.979507
-8.974920
-8.967686
-8.962610
-8.957496
-8.951927
-8.945651
-8.938466
-8.930235
-8.920940
-8.910783
-8.900052
-8.889413
-8.878845
-8.869118
-8.859924
-8.851234
-8.842745
-8.834207
-8.825606
-8.817276
-8.809602
-8.803047
-8.797963
-8.794389
-8.792028
-8.790501
-8.789557
-8.788889
-8.788424
-8.788077
-8.787786
-8.787532
-8.787279
-8.787018
-8.786707
-8.786394
-8.785924
-8.785124
-8.775981
-8.772536
-8.769139
-8.765597
-8.761795
-8.757644
-8.753090
-8.748105
-8.742707
-8.736955
-8.730961
-8.724856
-8.718820
-8.712796
-8.706979
-8.701311
-8.695703
-8.690027
-8.684204
-8.678303
-8.672572
-8.667296
-8.662722
-8.659056
-8.656366
-8.654522
-8.653301
-8.652523
-8.652002
-8.651655
-8.651413
-8.651230
-8.651081
-8.650943
-8.650806
-8.650656
-8.650460
-8.650212
-8.650278
-8.641670
-8.639433
-8.637249
-8.635015
-8.632780
-8.630307
-8.627819
-8.625165
-8.622393
-8.619499
-8.616511
-8.613431
-8.610307
-8.607160
-8.604014
-8.600887
-8.597768
-8.594650
-8.591477
-8.588186
-8.584697
-8.580954
-8.577222
-8.573589
-8.570194
-8.567153
-8.564599
-8.562604
