-767.921812
-11.411723
-9.890341
-62.254036
-166.668744
-20.841806
-9.462534
-18.117990
-4.502527
-44.750653
-10.976302
-4.502505
-4.502493
-4.502484
-4.502477
-4.502470
-4.502464
-4.502458
-4.502451
-4.502444
-4.502436
-4.502426
-4.502413
-4.502395
-4.502365
-4.502303
-4.502104
-4.501625
-4.501167
-4.500754
-4.500359
-4.499967
-4.499571
-4.499169
-4.498759
-4.498344
-4.497931
-4.497530
-4.497174
-4.497024
-4.505636
-4.448618
-4.345464
-3.919783
-3.269245
-2.857929
-2.598000
-2.477477
-2.440579
-2.427595
-2.416458
-2.403716
-2.388365
-2.368333
-2.338668
-2.287143
-2.179664
-1.945997
-1.688476
-1.538580
-1.441750
-1.364625
-1.295843
-1.231833
-1.172448
-1.119447
-1.076237
-1.048051
-1.037844
-1.037469
-1.037002
-1.035364
-1.033230
-1.030830
-1.028204
-1.025308
-1.022044
-1.018232
-1.013558
-1.007463
-0.998989
-0.986566
-0.967225
-0.934461
-0.879158
-0.810435
-0.757746
-0.724533
-0.701840
-0.684139
-0.668729
-0.654100
-0.639169
-0.622933
-0.604393
-0.585441
-0.578140
-0.572097
-0.557390
-0.565428
-0.564033
-0.519811
-0.512892
-0.499294
-0.488707
-0.473785
-0.465132
-0.453343
-0.442128
-0.428813
-0.414833
-0.403596
-0.393756
-0.386233
-0.381687
-0.378475
-0.376571
-0.375976
-0.373902
-0.372896
-0.372213
-0.371732
-0.370922
-0.370263
-0.369459
-0.368740
-0.367516
-0.367216
-0.366359
-0.365144
-0.364508
-0.363236
-0.362162
-0.361193
-0.358370
-0.355709
-0.352054
-0.348174
-0.342306
-0.334872
-0.325131
-0.313763
-0.302412
-0.292897
-0.285404
-0.279471
-0.274685
-0.270631
-0.267061
-0.263781
-0.260663
-0.257602
-0.254502
-0.251269
-0.248030
-0.244713
-0.239710
-0.234922
-0.229396
-0.223514
-0.217889
-0.213332
-0.210200
-0.208233
-0.206998
-0.206175
-0.205578
-0.205107
-0.204707
-0.204345
-0.204003
-0.203668
-0.203329
-0.202980
-0.202610
-0.202211
-0.201768
-0.201260
-0.200650
-0.199878
-0.198859
-0.197536
-0.195944
-0.194108
-0.191970
-0.189411
-0.186283
-0.182456
-0.177923
-0.172916
-0.167893
-0.163313
-0.159403
-0.156158
-0.153460
-0.151172
-0.149178
-0.147389
-0.145734
-0.144156
-0.142605
-0.141030
-0.139380
-0.137596
-0.135630
-0.133466
-0.131115
-0.128615
-0.126051
-0.123581
-0.121392
-0.119606
-0.118231
-0.117200
-0.116424
-0.115827
-0.115353
-0.114965
-0.114634
-0.114344
-0.114080
-0.113834
-0.113599
-0.113367
-0.113134
-0.112893
-0.112636
-0.112354
-0.112027
-0.111621
-0.111065
-0.110262
-0.109267
-0.108199
-0.107058
-0.105803
-0.104386
-0.102773
-0.100947
-0.098935
-0.096815
-0.094707
-0.092732
-0.090972
-0.089455
-0.088166
-0.087071
-0.086133
-0.085317
-0.084595
-0.083943
-0.083342
-0.082776
-0.082230
-0.081690
-0.081139
-0.080556
-0.079914
-0.079186
-0.078370
-0.077489
-0.076563
-0.075596
-0.074593
-0.073570
-0.072558
-0.071594
-0.070712
-0.069935
-0.069269
-0.068706
-0.068235
-0.067838
-0.067502
-0.067214
-0.066963
-0.066742
-0.066543
-0.066361
-0.066192
-0.066032
-0.065880
-0.065730
-0.065581
-0.065429
-0.065269
-0.065094
-0.064891
-0.064631
-0.064243
-0.063689
-0.063116
-0.062562
-0.062004
-0.061426
-0.060817
-0.060172
-0.059492
-0.058783
-0.058058
-0.057335
-0.056631
-0.055966
-0.055351
-0.054794
-0.054296
-0.053855
-0.053465
-0.053120
-0.052813
-0.052538
-0.052290
-0.052065
-0.051857
-0.051663
-0.051480
-0.051305
-0.051134
-0.050963
-0.050787
-0.050596
-0.050373
-0.050083
-0.049715
-0.049332
-0.048963
-0.048602
-0.048242
-0.047880
-0.047516
-0.047152
-0.046792
-0.046442
-0.046107
-0.045791
-0.045498
-0.045229
-0.044985
-0.044765
-0.044568
-0.044392
-0.044233
-0.044091
-0.043963
-0.043847
-0.043741
-0.043644
-0.043554
-0.043470
-0.043391
-0.043316
-0.043244
-0.043174
-0.043105
-0.043036
-0.042966
-0.042891
-0.042807
-0.042700
-0.042493
-0.042099
-0.041834
-0.041609
-0.041398
-0.041192
-0.040987
-0.040783
-0.040578
-0.040374
-0.040171
-0.039971
-0.039776
-0.039587
-0.039405
-0.039231
-0.039068
-0.038914
-0.038771
-0.038638
-0.038516
-0.038403
-0.038298
-0.038202
-0.038114
-0.038032
-0.037957
-0.037887
-0.037821
-0.037760
-0.037702
-0.037648
-0.037596
-0.037546
-0.037497
-0.037448
-0.037399
-0.037346
-0.037284
-0.037139
-0.036773
-283.609259
-1714.292851
-2213.768939
-2.499924
-1885.548663
-640.630195
-5399.093498
-76.881457
-10.145464
-24.013265
-2.500705
-2.501095
-2.501355
-2.495749
-2.506732
-2.501570
-2.502038
-2.506732
-2.495749
-2.506732
-2.502038
-2.502097
-2.502113
-2.502126
-2.502136
-2.502144
-2.502149
-2.502152
-2.502154
-2.502154
-2.502152
-2.502149
-2.502144
-2.502138
-2.502131
-2.502123
-2.502114
-2.502104
-2.502723
-2.502098
-2.502723
-2.502087
-2.503066
-2.502079
-2.502062
-2.502044
-2.502024
-2.502004
-2.501983
-2.509829
-2.501851
-2.501810
-2.501769
-2.501725
-2.501680
-2.501634
-2.501586
-2.501536
-2.501484
-2.501431
-2.501375
-2.501317
-2.501257
-2.506732
-2.501071
-2.500993
-2.500912
-2.500827
-2.500738
-2.500644
-2.506732
-2.495749
-2.499801
-2.499940
-2.499501
-2.499330
-2.499148
-2.498954
-2.498835
-2.498529
-2.498291
-2.498035
-2.497760
-2.494725
-2.496799
-2.496428
-2.496027
-2.495594
-2.495124
-2.494616
-2.494064
-2.493464
-2.492808
-2.492291
-2.491075
-2.490423
-2.489466
-2.488406
-2.487227
-2.485913
-2.484440
-2.482788
-2.480929
-2.478835
-2.476476
-2.473823
-2.470736
-2.467495
-2.463819
-2.459789
-2.455420
-2.450736
-2.445767
-2.440549
-2.435105
-2.429439
-2.423533
-2.417334
-2.410750
-2.403648
-2.395850
-2.387146
-2.377316
-2.366193
-2.353772
-2.340399
-2.326898
-2.314375
-2.303694
-2.295110
-2.288388
-2.283107
-2.278875
-2.275390
-2.272440
-2.269876
-2.267596
-2.265531
-2.263629
-2.261854
-2.260180
-2.258586
-2.257059
-2.255585
-2.254157
-2.252765
-2.251406
-2.250075
-2.248766
-2.247478
-2.246207
-2.244952
-2.243710
-2.242479
-2.241259
-2.240048
-2.238845
-2.237649
-2.236460
-2.235276
-2.234096
-2.232921
-2.231749
-2.230581
-2.229415
-2.228252
-2.227090
-2.225931
-2.224772
-2.223614
-2.222457
-2.221300
-2.220143
-2.218986
-2.217828
-2.216670
-2.215511
-2.214350
-2.213189
-2.212026
-2.210861
-2.209695
-2.208527
-2.207356
-2.206183
-2.205008
-2.203831
-2.202650
-2.201467
-2.200281
-2.199093
-2.197901
-2.196706
-2.195508
-2.194307
-2.193103
-2.191895
-2.190684
-2.189471
-2.188254
-2.187034
-2.185811
-2.184585
-2.183357
-2.182126
-2.180892
-2.179657
-2.178419
-2.177181
-2.175940
-2.174699
-2.173457
-2.172215
-2.170973
-2.169733
-2.168493
-2.167255
-2.166020
-2.164788
-2.163559
-2.162335
-2.161116
-2.159903
-2.158696
-2.157497
-2.156305
-2.155123
-2.153949
-2.152786
-2.151634
-2.150492
-2.149363
-2.148246
-2.147142
-2.146051
-2.144974
-2.143910
-2.142859
-2.141822
-2.140799
-2.139788
-2.138791
-2.137807
-2.136834
-2.135872
-2.134922
-2.133982
-2.133051
-2.132129
-2.131215
-2.130308
-2.129407
-2.128512
-2.127621
-2.126733
-2.125849
-2.124966
-2.124084
-2.123203
-2.122321
-2.121438
-2.120553
-2.119666
-2.118774
-2.117879
-2.116978
-2.116072
-2.115160
-2.114241
-2.113313
-2.112377
-2.111432
-2.110477
-2.109510
-2.108532
-2.107541
-2.106536
-2.105516
-2.104481
-2.103428
-2.102356
-2.101265
-2.100153
-2.099017
-2.097856
-2.096668
-2.095451
-2.094203
-2.092919
-2.091598
-2.090235
-2.088827
-2.087369
-2.085857
-2.084283
-2.082641
-2.080924
-2.079122
-2.077224
-2.075219
-2.073090
-2.070819
-2.068387
-2.065766
-2.062924
-2.059822
-2.056410
-2.052627
-2.048391
-2.043601
-2.038122
-2.031773
-2.024310
-2.015395
-2.004558
-1.991136
-1.974206
-1.952539
-1.924708
-1.889609
-1.847658
-1.802051
-1.757999
-1.719692
-1.688432
-1.663446
-1.643329
-1.626802
-1.612893
-1.600908
-1.590356
-1.580890
-1.572257
-1.564274
-1.556800
-1.549729
-1.542980
-1.536486
-1.530197
-1.524069
-1.518069
-1.512168
-1.506346
-1.500583
-1.494866
-1.489184
-1.483529
-1.477899
-1.472293
-1.466712
-1.461164
-1.455657
-1.450207
-1.444831
-1.439556
-1.434412
-1.429442
-1.424698
-1.420245
-1.416164
-1.412545
-1.409476
-1.407028
-1.405228
-1.404037
-1.403359
-1.403054
-1.402982
-1.403028
-1.403118
-1.403208
-1.403277
-1.403320
-1.403335
-1.403325
-1.403293
-1.403242
-1.403175
-1.403095
-1.403005
-1.402904
-1.402795
-1.402680
-1.402558
-1.402432
-1.402301
-1.402165
-1.402027
-1.401886
-1.401741
-1.401594
-1.401444
-1.401292
-1.401138
-1.400981
-1.400823
-1.400662
-1.400500
-1.400336
-1.400169
-5.150745
-320.486100
-74.455037
-9.913548
-287.493342
-0.035898
-0.431176
-1241.335722
-6.210464
-144.744712
-0.041062
-0.407041
-0.037861
-0.037792
-0.037834
-0.037798
-0.037807
-0.037802
-0.037801
-0.037800
-0.037798
-0.037798
-0.037797
-0.037796
-0.037795
-0.037794
-0.037794
-0.037793
-0.037793
-0.037792
-0.037791
-0.037791
-0.037790
-0.037790
-0.037789
-0.037789
-0.037789
-0.037749
-0.037903
-0.037637
-0.037936
-0.037621
-0.037950
-0.037607
-0.037960
-0.037596
-0.037967
-0.037586
-0.037971
-0.037577
-0.037975
-0.037569
-0.037977
-0.037562
-0.037979
-0.037555
-0.037980
-0.037549
-0.037980
-0.037543
-0.037980
-0.037537
-0.037980
-0.037531
-0.037549
-0.038000
-0.037539
-0.037995
-0.037530
-0.037991
-0.037523
-0.037988
-0.037515
-0.037984
-0.037508
-0.037519
-0.037994
-0.037511
-0.037990
-0.037503
-0.037985
-0.037496
-0.037504
-0.037991
-0.037496
-0.037986
-0.037488
-0.037981
-0.037481
-0.037486
-0.037984
-0.037478
-0.037979
-0.037471
-0.037475
-0.037980
-0.037468
-0.037974
-0.037460
-0.037464
-0.037974
-0.037456
-0.037459
-0.037973
-0.037451
-0.037967
-0.037443
-0.037445
-0.037965
-0.037438
-0.037439
-0.037962
-0.037432
-0.037433
-0.037958
-0.037425
-0.037426
-0.037954
-0.037418
-0.037419
-0.037950
-0.037411
-0.037412
-0.037944
-0.037404
-0.037404
-0.037939
-0.037396
-0.037396
-0.037396
-0.037933
-0.037388
-0.037388
-0.037926
-0.037380
-0.037379
-0.037379
-0.037919
-0.037371
-0.037370
-0.037911
-0.037362
-0.037361
-0.037360
-0.037901
-0.037352
-0.037351
-0.037350
-0.037891
-0.037342
-0.037340
-0.037339
-0.037337
-0.037878
-0.037330
-0.037328
-0.037326
-0.037865
-0.037318
-0.037316
-0.037315
-0.037313
-0.037848
-0.037305
-0.037303
-0.037301
-0.037299
-0.037829
-0.037291
-0.037289
-0.037286
-0.037284
-0.037806
-0.037276
-0.037274
-0.037271
-0.037269
-0.037266
-0.037777
-0.037259
-0.037256
-0.037254
-0.037251
-0.037248
-0.037742
-0.037241
-0.037238
-0.037235
-0.037232
-0.037229
-0.037701
-0.037222
-0.037219
-0.037216
-0.037213
-0.037210
-0.037654
-0.037203
-0.037199
-0.037196
-0.037193
-0.037190
-0.037601
-0.037183
-0.037180
-0.037176
-0.037173
-0.037169
-0.037542
-0.037163
-0.037159
-0.037156
-0.037152
-0.037491
-0.037146
-0.037142
-0.037139
-0.037134
-0.037440
-0.037129
-0.037125
-0.037121
-0.037399
-0.037115
-0.037111
-0.037108
-0.037360
-0.037102
-0.037098
-0.037331
-0.037093
-0.037088
-0.037084
-0.037294
-0.037079
-0.037075
-0.037268
-0.037070
-0.037065
-0.037061
-0.037236
-0.037056
-0.037052
-0.037214
-0.037047
-0.037044
-0.037193
-0.037037
-0.037032
-0.037173
-0.037028
-0.037160
-0.037022
-0.037018
-0.037139
-0.037012
-0.037007
-0.037121
-0.037002
-0.037109
-0.036997
-0.036992
-0.037091
-0.036985
-0.036982
-0.037075
-0.036977
-0.037064
-0.036971
-0.036966
-0.037048
-0.036960
-0.037038
-0.036954
-0.036947
-0.037023
-0.036944
-0.037013
-0.036937
-0.037003
-0.036930
-0.036923
-0.036989
-0.036920
-0.036978
-0.036913
-0.036969
-0.036907
-0.036902
-0.036956
-0.036896
-0.036947
-0.036889
-0.036929
-0.036882
-0.036937
-0.036876
-0.036867
-0.036918
-0.036864
-0.036907
-0.036857
-0.036898
-0.036850
-0.036889
-0.036844
-0.036839
-0.036879
-0.036833
-0.036862
-0.036827
-0.036852
-0.036815
-0.036850
-0.036813
-0.036845
-0.036807
-0.036802
-0.036831
-0.036795
-0.036823
-0.036788
-0.036815
-0.036781
-0.036807
-0.036774
-0.036799
-0.036767
-0.036791
-0.036757
-0.036784
-0.036753
-0.036749
-0.036772
-0.036742
-0.036764
-0.036735
-0.036756
-0.036728
-0.036749
-0.036721
-0.036741
-0.036714
-0.036733
-0.036707
-0.036726
-0.036700
-0.036718
-0.036693
-0.036690
-0.036707
-0.036682
-0.036699
-0.036676
-0.036692
-0.036668
-0.036685
-0.036663
-0.036677
-0.036654
-0.036670
-0.036643
-0.036663
-0.036639
-0.036656
-0.036635
-0.036648
-0.036627
-0.036641
-0.036621
-0.036634
-0.036613
-0.036612
-0.036623
-0.036607
-0.036616
-0.036598
-0.036609
-0.036585
-0.036602
-0.036583
-0.036595
-0.036577
-0.036588
-0.036571
-0.036580
-0.036563
-0.036574
-0.036556
-0.036567
-0.036550
-0.036560
-0.036543
-0.036553
-0.036536
-0.036546
-0.036529
-0.036540
-0.036523
-0.036530
-8.741887
-13.373025
-23.975507
-3.276731
-5.273217
-8.487004
-18.155165
-9369.706149
-2344.424635
-567.617495
-8.453983
-14.326331
-3.325833
-3.346029
-3.355410
-3.360222
-3.362897
-3.364454
-3.365372
-3.365895
-3.366161
-3.366251
-3.366216
-3.366089
-3.365894
-3.365646
-3.365357
-3.365035
-3.364686
-3.364314
-3.363924
-3.363518
-3.363098
-3.362665
-3.362221
-3.361766
-3.361300
-3.360825
-3.360339
-3.359843
-3.359337
-3.358819
-3.358290
-3.357749
-3.357194
-3.356625
-3.356040
-3.355438
-3.354817
-3.354177
-3.353513
-3.352825
-3.352109
-3.351362
-3.350586
-3.349770
-3.348914
-3.348012
-3.347061
-3.346053
-3.344984
-3.343844
-3.342628
-3.341325
-3.339924
-3.338413
-3.336778
-3.335002
-3.333067
-3.330952
-3.328631
-3.326077
-3.323257
-3.320139
-3.316685
-3.312857
-3.308619
-3.303937
-3.298791
-3.293167
-3.287077
-3.280550
-3.273640
-3.266422
-3.258987
-3.251428
-3.243834
-3.236279
-3.228814
-3.221465
-3.214228
-3.207076
-3.199956
-3.192794
-3.185505
-3.178007
-3.170259
-3.162278
-3.154210
-3.146361
-3.139152
-3.132934
-3.127819
-3.123681
-3.120295
-3.117445
-3.114968
-3.112747
-3.110706
-3.108794
-3.106976
-3.105228
-3.103533
-3.101879
-3.100258
-3.098662
-3.097086
-3.095528
-3.093983
-3.092451
-3.090927
-3.089411
-3.087902
-3.086399
-3.084900
-3.083405
-3.081913
-3.080423
-3.078935
-3.077449
-3.075963
-3.074478
-3.072993
-3.071508
-3.070023
-3.068536
-3.067048
-3.065559
-3.064068
-3.062575
-3.061080
-3.059582
-3.058081
-3.056578
-3.055071
-3.053560
-3.052045
-3.050527
-3.049004
-3.047477
-3.045945
-3.044408
-3.042866
-3.041318
-3.039765
-3.038206
-3.036641
-3.035069
-3.033491
-3.031907
-3.030315
-3.028717
-3.027111
-3.025498
-3.023877
-3.022248
-3.020612
-3.018968
-3.017316
-3.015656
-3.013988
-3.012312
-3.010628
-3.008937
-3.007237
-3.005531
-3.003817
-3.002096
-3.000368
-2.998635
-2.996896
-2.995152
-2.993404
-2.991653
-2.989899
-2.988144
-2.986389
-2.984636
-2.982885
-2.981138
-2.979397
-2.977665
-2.975942
-2.974232
-2.972536
-2.970856
-2.969196
-2.967558
-2.965944
-2.964357
-2.962798
-2.961271
-2.959778
-2.958320
-2.956899
-2.955516
-2.954173
-2.952869
-2.951605
-2.950380
-2.949193
-2.948044
-2.946929
-2.945847
-2.944795
-2.943770
-2.942769
-2.941790
-2.940828
-2.939880
-2.938944
-2.938014
-2.937090
-2.936168
-2.935246
-2.934320
-2.933389
-2.932452
-2.931506
-2.930549
-2.929580
-2.928599
-2.927604
-2.926593
-2.925567
-2.924524
-2.923463
-2.922384
-2.921285
-2.920166
-2.919026
-2.917863
-2.916676
-2.915465
-2.914229
-2.912965
-2.911671
-2.910347
-2.908990
-2.907598
-2.906168
-2.904697
-2.903182
-2.901619
-2.900003
-2.898331
-2.896596
-2.894791
-2.892909
-2.890941
-2.888877
-2.886704
-2.884409
-2.881972
-2.879373
-2.876587
-2.873581
-2.870315
-2.866740
-2.862791
-2.858386
-2.853416
-2.847732
-2.841136
-2.833345
-2.823954
-2.812360
-2.797634
-2.778280
-2.751797
-2.713864
-2.657132
-2.570755
-2.446427
-2.295911
-2.151006
-2.030717
-1.933993
-1.854104
-1.785537
-1.724764
-1.669685
-1.619128
-1.572536
-1.529829
-1.491393
-1.458191
-1.431700
-1.413167
-1.402208
-1.396563
-1.393733
-1.392164
-1.391136
-1.390342
-1.389652
-1.389011
-1.388391
-1.387779
-1.387169
-1.386557
-1.385941
-1.385321
-1.384694
-1.384061
-1.383420
-1.382772
-1.382115
-1.381450
-1.380774
-1.380088
-1.379391
-1.378681
-1.377957
-1.377218
-1.376463
-1.375690
-1.374896
-1.374082
-1.373243
-1.372377
-1.371481
-1.370552
-1.369585
-1.368577
-1.367520
-1.366410
-1.365237
-1.363993
-1.362667
-1.361245
-1.359712
-1.358048
-1.356227
-1.354221
-1.351992
-1.349493
-1.346666
-1.343433
-1.339698
-1.335330
-1.330154
-1.323931
-1.316330
-1.306910
-1.295112
-1.280332
-1.262171
-1.240907
-1.217944
-1.195557
-1.175771
-1.159458
-1.146453
-1.136137
-1.127861
-1.121094
-1.115445
-1.110631
-1.106452
-1.102760
-1.099450
-1.096443
-1.093678
-1.091108
-1.088698
-1.086418
-1.084245
-1.082158
-1.080142
-1.078182
-1.076267
-1.074386
-1.072529
-1.070687
-1.068852
-1.067016
-1.065173
-1.063314
-1.061434
-1.059524
-1.057579
-1.055592
-1.053557
-1.051469
-1.049322
-1.047113
-1.044840
-1.042504
-1.040107
-0.550329
-247.028266
-0.157245
-1992.578622
-1173.460979
-1.212426
-10.956603
-38.844428
-525.155827
-8.529615
-0.212430
-0.157898
-0.427781
-0.485047
-1.019326
-0.154553
-0.152301
-0.154136
-0.502779
-0.151365
-0.152857
-0.152934
-0.152941
-0.152938
-0.152933
-0.152928
-0.152922
-0.152917
-0.152912
-0.152906
-0.152901
-0.152896
-0.152891
-0.152887
-0.152881
-0.152877
-0.152872
-0.152866
-0.152862
-0.152856
-0.152851
-0.152846
-0.152841
-0.152835
-0.152830
-0.152825
-0.152819
-0.152813
-0.152807
-0.152801
-0.152795
-0.152789
-0.152782
-0.152776
-0.152769
-0.152761
-0.152754
-0.152746
-0.152736
-0.152729
-0.153047
-0.152388
-0.153178
-0.152284
-0.152367
-0.153348
-0.152214
-0.153328
-0.152127
-0.152181
-0.153369
-0.152085
-0.152131
-0.153460
-0.152032
-0.152069
-0.153475
-0.151976
-0.152007
-0.153474
-0.151922
-0.151946
-0.153458
-0.151868
-0.151886
-0.151907
-0.153469
-0.151824
-0.151836
-0.151846
-0.153450
-0.151769
-0.151776
-0.151782
-0.151786
-0.153432
-0.151709
-0.151711
-0.151711
-0.151713
-0.151708
-0.151706
-0.153400
-0.151629
-0.151624
-0.151618
-0.151612
-0.151604
-0.151596
-0.151588
-0.151579
-0.151568
-0.151558
-0.151546
-0.153293
-0.151472
-0.151459
-0.151446
-0.151433
-0.151418
-0.151404
-0.151389
-0.151373
-0.151357
-0.151341
-0.151324
-0.151308
-0.151290
-0.151271
-0.151253
-0.151239
-0.151218
-0.151199
-0.151179
-0.151160
-0.151140
-0.151121
-0.151100
-0.151079
-0.151060
-0.151039
-0.151018
-0.150997
-0.150975
-0.150954
-0.150932
-0.150910
-0.150888
-0.150867
-0.150844
-0.150821
-0.150798
-0.150776
-0.150753
-0.150730
-0.150707
-0.150685
-0.150659
-0.150637
-0.150614
-0.150590
-0.150567
-0.150543
-0.150519
-0.150495
-0.150471
-0.150447
-0.150424
-0.150399
-0.150375
-0.150351
-0.150327
-0.150303
-0.150279
-0.150254
-0.150231
-0.150206
-0.150182
-0.150158
-0.150133
-0.150109
-0.150086
-0.150061
-0.150037
-0.150012
-0.149988
-0.149960
-0.149941
-0.149917
-0.149892
-0.149868
-0.149845
-0.149821
-0.149797
-0.149771
-0.149749
-0.149725
-0.149702
-0.149678
-0.149655
-0.149631
-0.149607
-0.149585
-0.149563
-0.149538
-0.149521
-0.149493
-0.149469
-0.149446
-0.149422
-0.149401
-0.149381
-0.149350
-0.149338
-0.149315
-0.149294
-0.149266
-0.149243
-0.149221
-0.149199
-0.149177
-0.149155
-0.149134
-0.149112
-0.149089
-0.149067
-0.149047
-0.149026
-0.149004
-0.148983
-0.148962
-0.148940
-0.148923
-0.148898
-0.148877
-0.148856
-0.148835
-0.148815
-0.148795
-0.148774
-0.148748
-0.148733
-0.148713
-0.148693
-0.148672
-0.148652
-0.148632
-0.148612
-0.148592
-0.148575
-0.148548
-0.148538
-0.148510
-0.148495
-0.148475
-0.148457
-0.148438
-0.148419
-0.148399
-0.148381
-0.148363
-0.148347
-0.148324
-0.148309
-0.148291
-0.148269
-0.148255
-0.148237
-0.148220
-0.148202
-0.148186
-0.148171
-0.148155
-0.148141
-0.148126
-0.148108
-0.148098
-0.148085
-0.148072
-0.148060
-0.148048
-0.148038
-0.148022
-0.148021
-0.148012
-0.148003
-0.147989
-0.147979
-0.147972
-0.147965
-0.147956
-0.147945
-0.147927
-0.147933
-0.147921
-0.147916
-0.147914
-0.147903
-0.147899
-0.147875
-0.147880
-0.147869
-0.147861
-0.147845
-0.147875
-0.147853
-0.147838
-0.147823
-0.147829
-0.147864
-0.147795
-0.147795
-0.147772
-0.147760
-0.147789
-0.147769
-0.147762
-0.147754
-0.147742
-0.147735
-0.147731
-0.147724
-0.147712
-0.147707
-0.147706
-0.147690
-0.147692
-0.147677
-0.147707
-0.147617
-0.147684
-0.147663
-0.147645
-0.147103
-0.147081
-0.147067
-0.147050
-0.147029
-0.147014
-0.146996
-0.146987
-0.146963
-0.146950
-0.146932
-0.146916
-0.146901
-0.146885
-0.146871
-0.146856
-0.146841
-0.146827
-0.146813
-0.146799
-0.146785
-0.146772
-0.146758
-0.146745
-0.146731
-0.146720
-0.146706
-0.146693
-0.146681
-0.146668
-0.146656
-0.146644
-0.146632
-0.146621
-0.146608
-0.146597
-0.146586
-0.146574
-0.146563
-0.146552
-0.146541
-0.146530
-0.146519
-0.146508
-0.146498
-0.146487
-0.146477
-0.146467
-0.146456
-0.146445
-0.146429
-0.146426
-0.146417
-0.146405
-0.146397
-0.146388
-0.146378
-0.146367
-0.146355
-0.146349
-0.146339
-0.146330
-0.146321
-0.146311
-0.146302
-0.146293
-0.146284
-5869.903811
-364.895123
-2954.443065
-8.040441
-0.158829
-3016.568531
-142.365835
-1163.690765
-103.635558
-245.974510
-0.158831
-0.158832
-0.158833
-0.158834
-0.158834
-0.158834
-0.158835
-0.158835
-0.158835
-0.158836
-0.158836
-0.158836
-0.158836
-0.158836
-0.158837
-0.158837
-0.158837
-0.158837
-0.158837
-0.158838
-0.158838
-0.158838
-0.158838
-0.158838
-0.158838
-0.158838
-0.158839
-0.158839
-0.158839
-0.158839
-0.158839
-0.158839
-0.158839
-0.158840
-0.158840
-0.158840
-0.158840
-0.158840
-0.158840
-0.158840
-0.158841
-0.158841
-0.158841
-0.158841
-0.158841
-0.158841
-0.158841
-0.158842
-0.158842
-0.158842
-0.158842
-0.158842
-0.158842
-0.158842
-0.158843
-0.158843
-0.158843
-0.158843
-0.158843
-0.158843
-0.158844
-0.158844
-0.158844
-0.158844
-0.158844
-0.158845
-0.158845
-0.158845
-0.158845
-0.158846
-0.158846
-0.158846
-0.158846
-0.158846
-0.158847
-0.158847
-0.158847
-0.158848
-0.158848
-0.158848
-0.158849
-0.158849
-0.158849
-0.158850
-0.158850
-0.158850
-0.158851
-0.158851
-0.158852
-0.158852
-0.158853
-0.158853
-0.158854
-0.158855
-0.158855
-0.158856
-0.158857
-0.158858
-0.158859
-0.158860
-0.158861
-0.158862
-0.158864
-0.158865
-0.158867
-0.158869
-0.158871
-0.158874
-0.158877
-0.158881
-0.158885
-0.158890
-0.158895
-0.158902
-0.158909
-0.158917
-0.158925
-0.158934
-0.158942
-0.158950
-0.158958
-0.158963
-0.158967
-0.158974
-0.158981
-0.158980
-0.158973
-0.158957
-0.159000
-0.158983
-0.158984
-0.159201
-0.158640
-0.158620
-0.158591
-0.158585
-0.158565
-0.158540
-0.158529
-0.158504
-0.158480
-0.158466
-0.158445
-0.158428
-0.158413
-0.158394
-0.158369
-0.158357
-0.158335
-0.158314
-0.158297
-0.158276
-0.158257
-0.158230
-0.158214
-0.158185
-0.158169
-0.158147
-0.158124
-0.158101
-0.158078
-0.158052
-0.158028
-0.158001
-0.157975
-0.157948
-0.157920
-0.157892
-0.157864
-0.157833
-0.157805
-0.157776
-0.157745
-0.157717
-0.157686
-0.157654
-0.157623
-0.157592
-0.157561
-0.157529
-0.157499
-0.157467
-0.157436
-0.157405
-0.157374
-0.157344
-0.157313
-0.157283
-0.157252
-0.157221
-0.157191
-0.157161
-0.157131
-0.157102
-0.157073
-0.157044
-0.157014
-0.156986
-0.156958
-0.156930
-0.156902
-0.156875
-0.156848
-0.156821
-0.156795
-0.156769
-0.156743
-0.156718
-0.156694
-0.156669
-0.156646
-0.156622
-0.156599
-0.156577
-0.156555
-0.156533
-0.156512
-0.156492
-0.156472
-0.156452
-0.156433
-0.156414
-0.156396
-0.156379
-0.156362
-0.156345
-0.156328
-0.156313
-0.156297
-0.156282
-0.156268
-0.156254
-0.156240
-0.156227
-0.156214
-0.156202
-0.156190
-0.156178
-0.156167
-0.156156
-0.156146
-0.156135
-0.156125
-0.156116
-0.156107
-0.156098
-0.156089
-0.156080
-0.156072
-0.156064
-0.156057
-0.156049
-0.156042
-0.156035
-0.156028
-0.156022
-0.156015
-0.156009
-0.156003
-0.155997
-0.155991
-0.155986
-0.155980
-0.155975
-0.155970
-0.155965
-0.155960
-0.155955
-0.155950
-0.155945
-0.155941
-0.155937
-0.155932
-0.155928
-0.155924
-0.155920
-0.155916
-0.155911
-0.155908
-0.155904
-0.155900
-0.155896
-0.155893
-0.155889
-0.155885
-0.155882
-0.155876
-0.155874
-0.155871
-0.155867
-0.155864
-0.155861
-0.155857
-0.155853
-0.155850
-0.155847
-0.155843
-0.155840
-0.155836
-0.155281
-0.155260
-0.155239
-0.155219
-0.155199
-0.155179
-0.155160
-0.155141
-0.155122
-0.155104
-0.155086
-0.155068
-0.155050
-0.155032
-0.155015
-0.154998
-0.154980
-0.154964
-0.154947
-0.154930
-0.154914
-0.154898
-0.154882
-0.154866
-0.154850
-0.154834
-0.154819
-0.154804
-0.154788
-0.154773
-0.154759
-0.154744
-0.154730
-0.154715
-0.154701
-0.154687
-0.154673
-0.154659
-0.154646
-0.154632
-0.154619
-0.154606
-0.154593
-0.154580
-0.154567
-0.154554
-0.154542
-0.154530
-0.154517
-0.154505
-0.154493
-0.154481
-0.154470
-0.154458
-0.154447
-0.154435
-0.154424
-0.154413
-0.154402
-0.154391
-0.154380
-0.154371
-0.154359
-0.154349
-0.154338
-0.154328
-0.154318
-0.154308
-0.154298
-0.154288
-0.154278
-0.154269
-0.154259
-0.154249
-0.154240
-0.154230
-0.154221
-0.154211
-0.154202
-0.154193
-0.154184
-0.154175
-0.154166
-0.154157
-0.154149
-0.154140
-0.154131
-0.154123
-0.154114
-0.154105
-0.154097
-33.468344
-922.618722
-672.152303
-69.088902
-303.403926
-50.137331
-3.450408
-47.122152
-185.609990
-0.964482
-0.960110
-0.957962
-0.956553
-0.955509
-3.432114
-0.924780
-3.423378
-0.929327
-0.929327
-3.418004
-3.414129
-0.924780
-0.943728
-0.924780
-0.943728
-0.934683
-0.943728
-0.934150
-0.924780
-0.929327
-0.937484
-0.937484
-0.943728
-0.924780
-0.934088
-0.934088
-0.935152
-0.934088
-0.937086
-0.935487
-0.935553
-0.935487
-0.934088
-0.924780
-0.924780
-0.924780
-3.405440
-3.397558
-0.929327
-0.940910
-0.924780
-1.001755
-0.811584
-0.861601
-0.871440
-0.941835
-0.857491
-0.873164
-0.857491
-0.877704
-0.924780
-0.857491
-0.872533
-0.872533
-0.857491
-0.872533
-0.941835
-0.857491
-0.819719
-1.001755
-0.819719
-1.001755
-0.865435
-0.860361
-0.863425
-0.862680
-0.862076
-0.861333
-0.860654
-0.859937
-0.859261
-0.858564
-0.857851
-0.857126
-0.856397
-0.855652
-0.854896
-0.854125
-0.853340
-0.852541
-0.851721
-0.850879
-0.850026
-0.849142
-0.848240
-0.847314
-0.846357
-0.845369
-0.844356
-0.843306
-0.842218
-0.841092
-0.839920
-0.838705
-0.837435
-0.836112
-0.834723
-0.833278
-0.831757
-0.830158
-0.828480
-0.826711
-0.824844
-0.822874
-0.820798
-0.818611
-0.816300
-0.813885
-0.811344
-0.808701
-0.805972
-0.803157
-0.800295
-0.797408
-0.794517
-0.791668
-0.788867
-0.786140
-0.783505
-0.780972
-0.778542
-0.776216
-0.773992
-0.771862
-0.769819
-0.767860
-0.765963
-0.764132
-0.762349
-0.760605
-0.758898
-0.757214
-0.755538
-0.753872
-0.752206
-0.750526
-0.748823
-0.747085
-0.745302
-0.743456
-0.741532
-0.739514
-0.737374
-0.735087
-0.732607
-0.729896
-0.726894
-0.723531
-0.719710
-0.715319
-0.710221
-0.704260
-0.697295
-0.689280
-0.680342
-0.670895
-0.661564
-0.652943
-0.645376
-0.638930
-0.633492
-0.628889
-0.624957
-0.621550
-0.618557
-0.615895
-0.613502
-0.611327
-0.609333
-0.607495
-0.605796
-0.604209
-0.602725
-0.601338
-0.600025
-0.598793
-0.597627
-0.596523
-0.595490
-0.594484
-0.593535
-0.592629
-0.591760
-0.590925
-0.590122
-0.589343
-0.588592
-0.587855
-0.587136
-0.586431
-0.585734
-0.585038
-0.584360
-0.583664
-0.582993
-0.582301
-0.581600
-0.580888
-0.580162
-0.579413
-0.578640
-0.577837
-0.576998
-0.576111
-0.575171
-0.574161
-0.573070
-0.571872
-0.570545
-0.569053
-0.567349
-0.565378
-0.563043
-0.560256
-0.556882
-0.552776
-0.547759
-0.541712
-0.534729
-0.527357
-0.520571
-0.515163
-0.511303
-0.508659
-0.506843
-0.505552
-0.504597
-0.503855
-0.503261
-0.502758
-0.502336
-0.501955
-0.501599
-0.501279
-0.500970
-0.500669
-0.500376
-0.500080
-0.499788
-0.499476
-0.499157
-0.498822
-0.498461
-0.498062
-0.497604
-0.497046
-0.496477
-0.495765
-0.494927
-0.493960
-0.492860
-0.491625
-0.490234
-0.488649
-0.486826
-0.484711
-0.482334
-0.479631
-0.476724
-0.473738
-0.470820
-0.468180
-0.465836
-0.463811
-0.462080
-0.460612
-0.459343
-0.458237
-0.457260
-0.456386
-0.455587
-0.454857
-0.454181
-0.453540
-0.452899
-0.452337
-0.451787
-0.451210
-0.450658
-0.450082
-0.449517
-0.448991
-0.448400
-0.447801
-0.447170
-0.446504
-0.445784
-0.444998
-0.444159
-0.443164
-0.442085
-0.440841
-0.439449
-0.437947
-0.436194
-0.434301
-0.432262
-0.430059
-0.427891
-0.425809
-0.423962
-0.422401
-0.421151
-0.420157
-0.419365
-0.418740
-0.418224
-0.417809
-0.417451
-0.417174
-0.416863
-0.416626
-0.416396
-0.416205
-0.415992
-0.415795
-0.415621
-0.415432
-0.415233
-0.415144
-0.414848
-0.414613
-0.414383
-0.414108
-0.413883
-0.413464
-0.413048
-0.412543
-0.411959
-0.411304
-0.410569
-0.409756
-0.408900
-0.407881
-0.406838
-0.405637
-0.404297
-0.402809
-0.401213
-0.399544
-0.397804
-0.396133
-0.394560
-0.393134
-0.391851
-0.390714
-0.389689
-0.388985
-0.387840
-0.387452
-0.386694
-0.386292
-0.385817
-0.385420
-0.384957
-0.384529
-0.384159
-0.383816
-0.383400
-0.383032
-0.382687
-0.382375
-0.381937
-0.381500
-0.381064
-0.380652
-0.380028
-0.379431
-0.378868
-0.378305
-0.377488
-0.376673
-0.375908
-0.375098
-0.374262
-0.374262
-0.372850
-0.371851
-0.371106
-0.370315
-0.369867
-0.369790
-0.368887
-0.368413
-0.368234
-0.368073
-0.367576
-0.366143
-0.366935
-0.366498
-3.986117
-359.587612
-880.232485
-386.259225
-8.206834
-1127.317696
-717.480438
-520.603398
-8.427889
-3.147898
-3.562226
-3.212403
-3.878795
-3.188679
-3.186042
-3.183520
-3.183051
-3.182351
-3.181829
-3.181370
-3.180951
-3.180557
-3.180175
-3.179807
-3.179444
-3.179087
-3.178733
-3.178378
-3.178023
-3.177667
-3.177307
-3.176943
-3.176573
-3.176197
-3.175811
-3.175411
-3.174996
-3.174569
-3.174116
-3.173633
-3.173115
-3.172546
-3.171916
-3.171196
-3.170354
-3.169336
-3.168069
-3.166453
-3.164365
-3.161667
-3.158176
-3.153586
-3.147328
-3.138305
-3.124384
-3.101698
-3.064970
-3.013333
-2.958635
-2.914678
-2.883452
-2.861048
-2.843995
-2.830187
-2.818421
-2.807980
-2.798420
-2.789449
-2.780859
-2.772496
-2.764237
-2.755975
-2.747610
-2.739046
-2.730195
-2.720962
-2.711281
-2.701126
-2.690585
-2.679887
-2.669370
-2.659335
-2.649923
-2.641102
-2.632742
-2.624686
-2.616783
-2.608899
-2.600914
-2.592719
-2.584211
-2.575295
-2.565877
-2.555885
-2.545273
-2.534059
-2.522355
-2.510411
-2.498614
-2.487419
-2.477214
-2.468176
-2.460256
-2.453248
-2.446913
-2.441038
-2.435545
-2.430079
-2.424810
-2.419637
-2.414478
-2.409337
-2.404270
-2.399208
-2.394258
-2.389381
-2.384626
-2.380008
-2.375542
-2.371225
-2.367044
-2.362962
-2.358958
-2.354993
-2.351019
-2.347085
-2.343094
-2.339068
-2.334969
-2.330851
-2.326664
-2.322426
-2.318124
-2.313769
-2.309385
-2.304992
-2.300572
-2.296147
-2.291730
-2.287301
-2.282886
-2.278470
-2.274050
-2.269597
-2.265102
-2.260549
-2.255915
-2.251171
-2.246288
-2.241250
-2.236012
-2.230548
-2.224813
-2.218774
-2.212380
-2.205565
-2.198272
-2.190422
-2.181926
-2.172681
-2.162567
-2.151447
-2.139170
-2.125566
-2.110470
-2.093728
-2.075215
-2.054927
-2.033030
-2.010006
-1.986810
-1.965054
-1.946996
-1.934971
-1.929891
-1.929676
-1.930594
-1.930491
-1.929247
-1.927258
-1.924767
-1.921848
-1.918455
-1.914436
-1.909484
-1.903008
-1.893847
-1.879659
-1.855710
-1.810081
-1.708194
-1.513905
-1.347536
-1.258493
-1.210288
-1.185789
-1.175981
-1.172906
-1.171831
-1.171166
-1.170541
-1.169887
-1.169196
-1.168472
-1.167717
-1.166935
-1.166126
-1.165288
-1.164421
-1.163521
-1.162585
-1.161609
-1.160586
-1.159510
-1.158373
-1.157164
-1.155871
-1.154480
-1.152976
-1.151322
-1.149500
-1.147467
-1.145171
-1.142539
-1.139474
-1.135836
-1.131416
-1.125903
-1.118787
-1.109229
-1.095762
-1.075759
-1.044712
-0.997136
-0.936011
-0.881485
-0.845088
-0.822043
-0.806545
-0.795389
-0.786950
-0.780348
-0.775069
-0.770783
-0.767263
-0.764338
-0.761882
-0.759787
-0.757979
-0.756394
-0.754980
-0.753701
-0.752524
-0.751427
-0.750391
-0.749400
-0.748443
-0.747509
-0.746592
-0.745684
-0.744778
-0.743871
-0.742958
-0.742030
-0.741089
-0.740125
-0.739138
-0.738118
-0.737063
-0.735964
-0.734815
-0.733606
-0.732328
-0.730967
-0.729508
-0.727930
-0.726209
-0.724310
-0.722191
-0.719792
-0.717027
-0.713777
-0.709863
-0.705018
-0.698825
-0.690624
-0.679350
-0.663311
-0.640302
-0.609782
-0.577836
-0.553623
-0.538640
-0.529682
-0.524054
-0.520306
-0.517681
-0.515769
-0.514329
-0.513223
-0.512351
-0.511654
-0.511089
-0.510616
-0.510232
-0.509890
-0.509595
-0.509335
-0.509098
-0.508876
-0.508667
-0.508475
-0.508271
-0.508103
-0.507927
-0.507743
-0.507563
-0.507390
-0.507202
-0.507023
-0.506835
-0.506660
-0.506471
-0.506279
-0.506093
-0.505904
-0.505706
-0.505505
-0.505283
-0.505109
-0.504891
-0.504701
-0.504486
-0.504229
-0.504010
-0.503799
-0.503573
-0.503329
-0.503101
-0.502864
-0.502627
-0.502347
-0.502080
-0.501808
-0.501531
-0.501244
-0.500944
-0.500720
-0.500239
-0.499922
-0.499699
-0.499247
-0.498824
-0.498425
-0.497952
-0.497449
-0.496842
-0.496193
-0.495402
-0.494424
-0.493240
-0.491667
-0.489707
-0.487246
-0.484198
-0.480316
-0.475195
-0.468152
-0.458309
-0.444956
-0.428838
-0.412667
-0.399027
-0.388500
-0.380468
-0.374168
-0.369046
-0.364735
-0.361002
-0.357704
-0.354744
-0.352069
-0.349651
-0.347472
-0.345533
-0.343831
-0.342389
-0.341180
-0.340200
-0.339418
-0.338811
-0.338339
-0.337976
-0.337691
-0.337460
-0.337271
-0.337104
-0.336953
-0.336811
-0.336678
-191.762744
-3044.864269
-841.684555
-10.147514
-1989.367511
-8.657177
-218.610631
-29.141598
-8.643857
-1398.707810
-9.585596
-9.061267
-9.951623
-9.024755
-9.004820
-9.001783
-8.995829
-8.991422
-8.987466
-8.983776
-8.980261
-8.976867
-8.973563
-8.970323
-8.967134
-8.963985
-8.960866
-8.957769
-8.954687
-8.951613
-8.948546
-8.945477
-8.942404
-8.939321
-8.936225
-8.933111
-8.625744
-8.604414
-8.923846
-8.615138
-8.917624
-8.914255
-8.910839
-8.907373
-8.903855
-8.653316
-8.897514
-8.893774
-8.889972
-8.653316
-8.631753
-8.653316
-8.628156
-8.604414
-8.873057
-8.628156
-8.865874
-8.628156
-8.858516
-8.653316
-8.851007
-8.653316
-8.604414
-8.604414
-8.838706
-8.604414
-8.604414
-8.615442
-8.826210
-8.820384
-8.815634
-8.812758
-8.615442
-8.810363
-8.614815
-8.604414
-8.808691
-8.604414
-8.811202
-8.653316
-8.604414
-8.604414
-8.609940
-8.807481
-8.604414
-8.609940
-8.806966
-8.808917
-8.809178
-8.609940
-8.806388
-8.653316
-8.604414
-8.801238
-8.800607
-8.799672
-8.798541
-8.797279
-8.604414
-8.600813
-8.600813
-8.600813
-8.600813
-8.600813
-8.604414
-8.604414
-8.653316
-8.600813
-8.501030
-8.771225
-8.553649
-8.543130
-8.543130
-8.501030
-8.760797
-8.553649
-8.501030
-8.501030
-8.501030
-8.553649
-8.747378
-8.501030
-8.501030
-8.738935
-8.534790
-8.532858
-8.501030
-8.501030
-8.501030
-8.553649
-8.501030
-8.536315
-8.501030
-8.527046
-8.527046
-8.501030
-8.553649
-8.536315
-8.703686
-8.687206
-8.536315
-8.663764
-8.501030
-8.501030
-8.518775
-8.501030
-8.501030
-8.521212
-8.521212
-8.501030
-8.501030
-8.615895
-8.501030
-8.518775
-8.515354
-8.518775
-8.518775
-8.517800
-8.501030
-8.501030
-8.516496
-8.501030
-8.515354
-8.518775
-8.538112
-8.513397
-8.518775
-8.513397
-8.509474
-8.509474
-8.508335
-8.501030
-8.501030
-8.501030
-8.501030
-8.501030
-8.512883
-8.420121
-8.292895
-8.181567
-8.096207
-8.029314
-7.972821
-7.921334
-7.878239
-7.845844
-7.829541
-7.759577
-7.710751
-7.658567
-7.597291
-7.530633
-7.461736
-7.396397
-7.328965
-7.273096
-7.250422
-7.271076
-7.261028
-7.262117
-7.262613
-7.261967
-7.260754
-7.259237
-7.257532
-7.255689
-7.253725
-7.251641
-7.249423
-7.247049
-7.244485
-7.241681
-7.238564
-7.235030
-7.230921
-7.225990
-7.219836
-7.211784
-7.203092
-7.196488
-7.188911
-7.180072
-7.169568
-7.104836
-7.026164
-7.077476
-6.768217
-6.442893
-6.143695
-5.875264
-5.600807
-5.301173
-4.981353
-4.663825
-4.383433
-4.199660
-4.149663
-4.153406
-4.154055
-4.152679
-4.150828
-4.148793
-4.146643
-4.144387
-4.142016
-4.139504
-4.136818
-4.133909
-4.130708
-4.127115
-4.122980
-4.118073
-4.112019
-4.104180
-4.093438
-4.077740
-4.053013
-4.009812
-3.922838
-3.733382
-3.422279
-3.129836
-2.896304
-2.687448
-2.484099
-2.284850
-2.098349
-1.937109
-1.818695
-1.759842
-1.745328
-1.743617
-1.743160
-1.742547
-1.741755
-1.740846
-1.739861
-1.738819
-1.737733
-1.736600
-1.735437
-1.734228
-1.732971
-1.731665
-1.730300
-1.728867
-1.727353
-1.725743
-1.724016
-1.722146
-1.720098
-1.717823
-1.715256
-1.712305
-1.708838
-1.704664
-1.699502
-1.692932
-1.684305
-1.672545
-1.655719
-1.630175
-1.589441
-1.525783
-1.442586
-1.363597
-1.305102
-1.264252
-1.234290
-1.210706
-1.190946
-1.173537
-1.157581
-1.142493
-1.127876
-1.113457
-1.099078
-1.084709
-1.070500
-1.056836
-1.044322
-1.033629
-1.025183
-1.018953
-1.014542
-1.011448
-1.009245
-1.007628
-1.006399
-1.005430
-1.004640
-1.003975
-1.003400
-1.002891
-1.002431
-1.002009
-1.001615
-1.001243
-1.000890
-1.000550
-1.000222
-0.999902
-0.999589
-0.999282
-0.998980
-0.998682
-0.998386
-0.998092
-0.997800
-0.997508
-0.997217
-0.996926
-0.996634
-0.996341
-0.996047
-0.995752
-0.995455
-0.995155
-0.994853
-0.994548
-0.994239
-0.993927
-0.993610
-0.993289
-0.992963
-0.992631
-0.992293
-0.991949
-0.991598
-0.991238
-0.990870
-0.990492
-0.990104
-0.989705
-0.989293
-0.988868
-0.988427
-0.987970
-0.987495
-0.986999
-0.986482
-0.985940
-0.985372
-0.984773
-0.984142
-0.983476
-0.982770
-0.982022
-0.981227
-0.980381
-0.979479
-0.978516
-0.977488
-0.976386
-0.975206
-0.973940
-0.972582
-0.971123
-0.969559
-0.967886
-192.535167
-3.069188
-47.008500
-10.364269
-20.439092
-524.623615
-43.128120
-1175.439364
-4.842975
-95.219838
-3.832902
-3.332550
-3.289150
-3.289058
-3.276222
-3.268373
-3.262842
-3.253870
-3.247121
-3.241649
-3.234499
-3.229064
-3.221598
-3.219360
-3.205452
-3.197704
-3.183750
-3.205452
-3.166461
-3.136601
-3.077556
-2.962851
-2.786323
-2.703644
-2.652144
-2.623990
-2.602898
-2.583261
-2.551519
-2.546323
-2.528218
-2.510080
-2.491276
-2.471160
-2.449167
-2.424591
-2.396432
-2.363266
-2.323186
-2.273526
-2.211504
-2.136816
-2.058734
-1.998488
-1.966227
-1.951225
-1.943004
-1.937256
-1.932497
-1.928171
-1.924035
-1.919946
-1.915839
-1.911628
-1.907261
-1.902660
-1.897735
-1.892375
-1.886417
-1.879647
-1.871755
-1.862275
-1.850547
-1.835522
-1.815671
-1.788971
-1.753906
-1.712219
-1.670348
-1.634531
-1.606251
-1.583984
-1.565834
-1.550379
-1.536687
-1.524126
-1.512292
-1.500908
-1.489776
-1.478791
-1.467896
-1.457109
-1.446504
-1.436221
-1.426437
-1.417334
-1.409080
-1.401742
-1.395319
-1.389725
-1.384839
-1.380511
-1.376606
-1.373001
-1.369595
-1.366300
-1.363049
-1.359760
-1.356378
-1.352835
-1.349033
-1.344877
-1.340220
-1.334861
-1.328475
-1.320605
-1.310502
-1.296974
-1.278149
-1.251496
-1.215751
-1.176771
-1.146421
-1.128363
-1.118349
-1.112456
-1.108620
-1.105911
-1.103819
-1.102097
-1.100606
-1.099253
-1.098006
-1.096789
-1.095596
-1.094411
-1.093196
-1.091937
-1.090599
-1.089166
-1.087599
-1.085827
-1.083778
-1.081345
-1.078379
-1.074663
-1.069928
-1.063779
-1.055567
-1.044318
-1.029073
-1.010153
-0.990424
-0.973397
-0.960254
-0.950316
-0.942568
-0.936243
-0.930842
-0.926039
-0.921624
-0.917441
-0.913381
-0.909350
-0.905265
-0.901048
-0.896612
-0.891859
-0.886665
-0.880872
-0.874269
-0.866561
-0.857363
-0.846239
-0.832898
-0.817776
-0.802875
-0.791282
-0.784268
-0.780610
-0.778699
-0.777598
-0.776882
-0.776334
-0.775876
-0.775465
-0.775073
-0.774690
-0.774302
-0.773910
-0.773502
-0.773080
-0.772631
-0.772160
-0.771654
-0.771104
-0.770497
-0.769818
-0.769047
-0.768143
-0.767070
-0.765773
-0.764204
-0.762291
-0.759989
-0.757196
-0.753741
-0.749364
-0.743697
-0.736357
-0.727181
-0.716656
-0.705989
-0.696365
-0.688327
-0.681729
-0.676238
-0.671531
-0.667341
-0.663478
-0.659792
-0.656159
-0.652467
-0.648602
-0.644450
-0.639882
-0.634785
-0.629080
-0.622800
-0.616178
-0.609742
-0.604156
-0.599874
-0.596884
-0.594887
-0.593553
-0.592627
-0.591956
-0.591444
-0.591029
-0.590672
-0.590352
-0.590060
-0.589779
-0.589501
-0.589235
-0.588948
-0.588649
-0.588344
-0.588022
-0.587670
-0.587278
-0.586848
-0.586353
-0.585750
-0.585055
-0.584160
-0.583051
-0.581698
-0.580098
-0.578226
-0.576015
-0.573343
-0.570042
-0.565934
-0.560901
-0.555044
-0.548776
-0.542747
-0.537433
-0.533003
-0.529357
-0.526337
-0.523757
-0.521506
-0.519461
-0.517546
-0.515715
-0.513897
-0.512040
-0.510112
-0.508027
-0.505758
-0.503246
-0.500471
-0.497422
-0.494131
-0.490707
-0.487338
-0.484257
-0.481641
-0.479559
-0.477952
-0.476727
-0.475782
-0.475024
-0.474450
-0.473963
-0.473544
-0.473190
-0.472861
-0.472555
-0.472280
-0.472016
-0.471758
-0.471499
-0.471241
-0.470974
-0.470695
-0.470393
-0.470068
-0.469704
-0.469283
-0.468778
-0.468157
-0.467385
-0.466449
-0.465360
-0.464126
-0.462729
-0.461130
-0.459261
-0.457091
-0.454554
-0.451664
-0.448526
-0.445306
-0.442238
-0.439510
-0.437169
-0.435190
-0.433536
-0.432144
-0.430915
-0.429867
-0.428900
-0.428006
-0.427050
-0.426337
-0.425701
-0.424755
-0.423914
-0.423048
-0.422078
-0.421024
-0.419933
-0.418611
-0.417206
-0.415709
-0.414074
-0.412368
-0.410615
-0.408879
-0.407249
-0.405786
-0.404503
-0.403454
-0.402699
-0.401858
-0.401263
-0.400771
-0.400334
-0.399952
-0.399624
-0.399330
-0.399067
-0.398817
-0.398612
-0.398359
-0.398161
-0.397944
-0.397735
-0.397531
-0.397290
-0.397060
-0.396812
-0.396537
-0.396253
-0.395849
-0.395391
-0.394854
-0.394220
-0.393502
-0.392732
-0.391886
-0.390983
-0.389961
-0.388852
-0.387621
-0.386284
-0.384854
-0.383361
-0.381916
-0.380507
-0.379229
-0.378042
-0.377069
-0.376214
-0.375479
-0.374737
