13.376000
13.320000
14.970000
15.136000
18.068000
20.120000
19.920000
17.543000
17.882000
19.339000
21.397000
20.597000
21.359000
23.617000
24.557000
24.114000
24.885000
26.644000
25.959000
26.486000
29.584000
30.734000
29.712000
30.216000
31.103000
33.043000
32.154000
33.128000
35.178000
35.294000
35.944000
37.023000
37.705000
38.404000
39.728000
41.849000
41.657000
41.951000
43.586000
44.092000
44.754000
45.971000
46.329000
47.500000
48.811000
50.796000
50.869000
51.027000
51.470000
53.705000
54.722000
54.336000
56.386000
56.800000
57.284000
58.319000
59.232000
60.879000
60.005000
62.247000
64.490000
65.133000
65.134000
67.660000
67.640000
68.172000
68.634000
70.453000
78.196000
71.951000
74.592000
74.999000
75.031000
76.848000
77.865000
79.047000
79.814000
81.621000
81.463000
81.988000
84.516000
84.474000
84.971000
87.826000
91.750000
91.912000
92.512000
91.992000
94.447000
93.267000
92.793000
96.910000
94.921000
97.836000
99.154000
101.638000
100.948000
102.948000
103.808000
104.968000
104.802000
106.612000
106.545000
110.338000
109.554000
112.730000
113.527000
116.535000
114.250000
115.919000
116.055000
119.502000
118.846000
122.732000
122.450000
125.896000
125.144000
126.579000
128.239000
129.625000
129.363000
131.969000
131.413000
134.277000
134.512000
134.260000
139.366000
143.153000
139.881000
141.655000
141.829000
147.745000
145.245000
143.970000
150.264000
154.513000
152.741000
155.493000
159.070000
157.975000
155.454000
159.218000
156.569000
161.546000
161.102000
165.370000
165.115000
167.680000
166.298000
168.291000
170.896000
167.092000
169.265000
179.108000
175.876000
182.439000
177.396000
177.231000
174.059000
183.177000
184.470000
187.429000
184.023000
187.472000
186.778000
185.759000
194.260000
194.774000
191.838000
197.914000
199.035000
197.889000
202.098000
201.343000
207.022000
210.436000
207.364000
213.047000
204.844000
212.527000
207.271000
214.362000
211.040000
211.308000
211.529000
216.495000
216.127000
217.440000
216.353000
231.688000
220.974000
225.617000
221.280000
229.138000
229.857000
234.954000
228.263000
232.759000
231.813000
236.814000
233.614000
240.060000
238.707000
244.471000
244.141000
243.094000
245.302000
250.793000
245.688000
250.364000
251.692000
257.433000
251.262000
256.674000
258.946000
264.817000
257.785000
265.898000
262.723000
270.987000
264.360000
269.956000
269.301000
276.827000
269.805000
278.641000
280.392000
283.089000
279.106000
283.010000
281.151000
288.823000
288.342000
291.381000
289.508000
297.178000
294.099000
296.184000
291.308000
304.589000
298.175000
303.830000
301.844000
314.957000
302.976000
308.570000
308.637000
315.064000
309.312000
321.713000
317.171000
320.557000
321.255000
321.566000
320.730000
335.106000
327.070000
331.497000
331.795000
341.750000
330.215000
337.678000
339.684000
342.423000
344.079000
348.932000
340.686000
356.042000
345.547000
351.748000
350.351000
360.212000
355.534000
363.156000
357.763000
366.150000
360.170000
364.443000
367.679000
375.815000
369.273000
375.332000
372.127000
382.794000
373.697000
377.773000
380.062000
388.575000
380.987000
403.846000
389.915000
396.660000
388.712000
394.136000
394.583000
403.382000
398.290000
405.716000
398.401000
415.091000
403.568000
413.898000
408.667000
419.738000
417.424000
421.548000
418.790000
429.432000
422.958000
428.912000
424.938000
436.147000
427.684000
444.027000
431.451000
462.564000
454.273000
444.692000
439.069000
450.794000
445.350000
452.240000
451.611000
460.306000
455.792000
462.930000
460.889000
472.576000
457.899000
473.179000
460.691000
480.222000
466.747000
477.075000
471.281000
487.022000
476.440000
487.775000
479.337000
492.728000
479.194000
490.207000
487.415000
504.548000
491.176000
505.667000
495.508000
512.885000
503.630000
506.989000
506.907000
521.863000
506.149000
523.512000
515.513000
543.195000
516.933000
528.243000
521.588000
534.666000
528.989000
535.066000
529.302000
549.722000
536.434000
540.462000
544.680000
557.225000
541.625000
552.167000
550.266000
559.762000
554.785000
558.232000
555.047000
573.134000
558.869000
574.166000
563.660000
580.412000
566.232000
576.594000
574.109000
588.494000
579.470000
589.191000
583.614000
599.799000
584.064000
596.707000
12.146000
12.358000
13.024000
14.916000
14.761000
15.483000
16.563000
16.879000
17.822000
19.094000
20.553000
21.020000
20.824000
22.609000
22.929000
23.679000
23.876000
24.225000
25.633000
26.380000
27.637000
28.528000
29.089000
30.602000
29.831000
30.717000
31.119000
34.059000
34.267000
35.422000
36.705000
36.493000
36.962000
38.160000
39.423000
40.476000
40.386000
40.858000
42.143000
45.043000
44.210000
45.389000
45.446000
52.940000
47.549000
48.847000
48.556000
48.790000
52.943000
52.679000
52.541000
54.434000
56.103000
56.458000
55.962000
56.793000
58.878000
60.203000
60.332000
60.902000
64.261000
64.717000
62.859000
63.906000
66.844000
70.025000
66.029000
70.947000
70.697000
71.267000
71.507000
74.041000
75.080000
74.173000
77.500000
76.258000
77.568000
79.849000
79.178000
81.121000
86.072000
83.788000
84.064000
85.719000
84.970000
87.561000
88.385000
89.518000
90.378000
91.427000
92.441000
96.195000
96.113000
95.651000
98.102000
97.645000
97.439000
102.990000
100.494000
102.626000
104.000000
104.693000
106.495000
107.700000
108.527000
108.773000
111.755000
112.637000
110.335000
121.490000
115.330000
119.430000
119.577000
118.994000
118.534000
122.957000
122.137000
124.157000
123.923000
129.569000
127.291000
129.341000
128.384000
133.318000
129.307000
133.827000
133.025000
138.384000
133.369000
139.040000
139.115000
142.303000
139.301000
144.032000
143.295000
146.884000
144.385000
149.026000
146.229000
154.927000
154.627000
155.572000
151.445000
156.658000
154.684000
158.646000
157.410000
164.550000
159.309000
165.136000
164.093000
167.955000
167.087000
172.180000
168.082000
176.298000
177.157000
177.543000
175.876000
179.540000
176.420000
179.789000
179.907000
184.631000
183.193000
186.298000
183.783000
192.491000
185.845000
193.822000
190.182000
194.713000
195.180000
199.528000
196.188000
203.182000
199.375000
204.235000
200.762000
210.065000
205.855000
207.351000
208.556000
212.090000
212.977000
216.062000
212.355000
220.455000
215.508000
222.259000
218.330000
226.201000
220.984000
232.070000
230.492000
231.250000
232.288000
232.556000
233.562000
236.537000
234.030000
240.245000
239.249000
242.938000
240.708000
244.586000
245.654000
250.556000
247.763000
252.950000
252.230000
255.368000
252.419000
255.858000
256.795000
262.161000
259.346000
264.042000
264.904000
270.015000
265.824000
273.137000
269.010000
275.328000
272.817000
279.141000
277.569000
281.909000
277.086000
284.573000
279.840000
287.474000
285.462000
291.800000
287.939000
296.564000
292.647000
294.980000
293.908000
307.289000
298.932000
304.190000
303.496000
310.537000
304.061000
310.303000
312.243000
321.483000
312.223000
322.155000
315.773000
325.681000
319.762000
322.593000
321.058000
332.817000
323.785000
335.673000
329.852000
337.182000
331.447000
337.027000
332.294000
346.062000
352.747000
345.398000
343.387000
358.102000
347.966000
356.234000
349.011000
357.261000
352.159000
361.037000
358.689000
367.078000
357.890000
364.474000
367.032000
370.147000
366.446000
379.589000
372.247000
384.747000
374.002000
380.799000
378.694000
387.979000
385.065000
389.266000
384.956000
396.062000
384.862000
395.864000
392.680000
404.584000
397.472000
405.664000
404.752000
411.023000
403.221000
418.342000
405.621000
419.617000
411.678000
421.450000
421.327000
425.490000
421.901000
424.918000
423.645000
441.390000
430.126000
439.022000
432.515000
445.478000
431.782000
441.339000
437.091000
452.035000
444.207000
451.083000
449.126000
456.876000
454.922000
457.543000
456.492000
467.584000
461.562000
473.549000
461.436000
478.755000
465.742000
478.787000
472.244000
487.855000
472.412000
496.829000
478.340000
492.101000
478.532000
492.844000
483.736000
505.671000
488.863000
504.737000
493.632000
509.658000
496.148000
509.571000
503.053000
521.864000
502.465000
517.979000
513.671000
526.846000
514.448000
523.842000
522.037000
548.008000
543.004000
545.379000
530.688000
538.699000
535.663000
540.014000
540.329000
552.603000
546.587000
552.887000
549.590000
557.792000
543.592000
556.940000
553.898000
571.601000
555.980000
571.885000
565.296000
578.285000
564.159000
572.965000
570.080000
592.232000
578.324000
589.572000
584.042000
593.314000
583.662000
596.323000
12.410000
12.453000
13.969000
14.049000
15.255000
16.023000
16.386000
16.612000
17.640000
18.379000
18.494000
20.853000
20.947000
22.392000
22.892000
23.645000
23.887000
24.130000
26.273000
25.898000
27.833000
28.496000
29.206000
30.568000
31.160000
31.996000
31.606000
33.574000
33.448000
36.110000
35.765000
36.136000
37.100000
38.602000
39.248000
40.104000
42.601000
41.110000
41.392000
43.798000
44.524000
45.484000
44.992000
47.395000
47.566000
48.748000
48.760000
49.831000
52.752000
53.097000
54.493000
54.088000
61.036000
60.359000
57.095000
57.093000
57.981000
61.386000
59.304000
60.281000
64.048000
63.900000
64.340000
64.908000
66.082000
68.447000
68.108000
68.685000
70.720000
72.521000
71.636000
74.540000
74.123000
75.524000
76.503000
76.176000
77.796000
80.249000
78.482000
84.484000
81.865000
83.146000
84.280000
85.572000
84.790000
89.035000
86.895000
88.737000
89.876000
92.130000
91.880000
96.075000
93.262000
95.860000
97.826000
98.114000
98.278000
101.034000
99.061000
102.751000
105.231000
105.427000
104.623000
107.421000
107.203000
110.200000
109.145000
111.226000
111.236000
115.828000
113.640000
118.320000
115.970000
117.580000
118.148000
121.823000
119.945000
122.942000
124.876000
128.019000
125.987000
128.434000
129.373000
131.477000
128.826000
132.747000
134.059000
138.773000
135.001000
138.494000
137.353000
144.589000
138.887000
145.914000
144.650000
147.767000
144.501000
151.424000
146.323000
152.521000
151.493000
154.421000
151.665000
158.605000
154.300000
159.713000
158.733000
165.236000
161.237000
164.312000
161.761000
168.438000
166.571000
172.712000
168.564000
174.821000
170.654000
174.524000
176.950000
180.030000
180.962000
183.431000
178.525000
186.648000
183.764000
186.506000
184.407000
188.607000
185.937000
195.566000
190.209000
197.020000
192.069000
197.060000
195.998000
203.742000
199.029000
203.458000
201.524000
211.012000
205.022000
208.361000
208.853000
212.190000
213.167000
216.759000
213.975000
217.785000
215.019000
224.080000
224.095000
223.194000
220.091000
231.586000
225.521000
232.134000
226.055000
232.473000
233.020000
238.655000
235.998000
240.281000
239.272000
243.406000
238.378000
244.112000
247.301000
250.696000
247.032000
252.027000
251.769000
259.597000
249.296000
256.001000
257.387000
263.100000
257.936000
266.523000
264.026000
268.996000
263.876000
271.005000
269.512000
276.340000
269.897000
279.162000
274.944000
282.705000
278.926000
288.124000
280.137000
286.707000
286.806000
290.251000
285.673000
296.736000
297.702000
298.120000
292.571000
310.731000
297.609000
303.426000
304.419000
311.080000
303.279000
309.182000
312.750000
314.170000
309.521000
318.697000
314.370000
321.553000
321.517000
321.290000
321.746000
334.279000
323.381000
333.738000
333.590000
338.830000
331.043000
342.017000
335.959000
342.602000
343.624000
353.452000
343.581000
355.774000
345.418000
353.816000
352.143000
361.068000
354.764000
365.929000
356.892000
370.868000
359.741000
365.277000
366.131000
374.136000
369.334000
379.931000
370.598000
385.284000
374.934000
382.867000
382.135000
390.091000
385.646000
395.110000
386.474000
396.792000
387.817000
396.988000
393.720000
403.379000
398.139000
404.253000
403.461000
416.949000
403.792000
412.551000
410.976000
420.191000
412.858000
422.940000
419.635000
424.218000
425.586000
427.676000
425.764000
440.155000
427.263000
438.623000
429.946000
447.115000
432.681000
477.250000
442.051000
454.691000
445.407000
452.938000
451.083000
456.804000
455.026000
461.372000
460.896000
469.857000
459.636000
473.112000
465.660000
477.538000
468.445000
479.024000
470.087000
490.899000
473.630000
487.327000
479.216000
495.871000
480.990000
493.023000
486.925000
509.667000
491.594000
504.393000
493.086000
516.233000
498.315000
512.229000
526.440000
546.584000
514.155000
522.896000
511.571000
531.887000
516.303000
527.116000
530.055000
572.567000
525.602000
536.996000
534.074000
544.875000
540.106000
542.200000
544.261000
554.570000
541.528000
553.182000
546.417000
564.522000
550.141000
561.716000
552.543000
575.121000
556.053000
594.895000
566.642000
576.235000
573.542000
574.803000
572.783000
586.472000
575.507000
592.503000
581.190000
600.180000
587.592000
599.819000
12.346000
13.177000
13.279000
13.758000
14.597000
16.231000
15.968000
16.960000
17.932000
18.077000
18.626000
21.045000
21.058000
22.135000
22.700000
23.735000
24.004000
25.442000
25.933000
26.654000
28.012000
28.726000
29.554000
31.111000
30.815000
31.367000
31.645000
34.652000
34.112000
35.717000
35.955000
35.271000
36.671000
39.086000
42.230000
41.300000
44.162000
41.336000
42.338000
43.381000
44.401000
46.623000
44.906000
48.377000
48.253000
49.291000
48.470000
51.298000
52.562000
53.132000
52.086000
54.551000
54.890000
55.887000
56.219000
56.895000
58.230000
59.853000
58.907000
60.793000
62.397000
63.884000
64.927000
64.809000
68.470000
68.215000
72.409000
70.952000
70.349000
72.000000
71.327000
74.430000
73.771000
74.626000
76.393000
76.513000
77.610000
81.386000
79.258000
83.300000
81.771000
82.722000
83.526000
85.550000
85.369000
88.945000
88.839000
88.844000
94.227000
92.169000
92.939000
98.111000
95.997000
95.338000
98.407000
99.095000
96.614000
102.879000
100.897000
103.358000
104.571000
105.178000
105.188000
108.404000
106.226000
108.894000
108.978000
112.447000
111.648000
117.498000
113.894000
117.894000
115.731000
120.181000
118.499000
121.429000
125.424000
124.987000
124.531000
127.392000
126.461000
128.390000
127.921000
132.204000
130.346000
134.217000
132.822000
137.368000
134.767000
141.067000
139.187000
143.198000
140.038000
144.941000
143.046000
147.954000
144.466000
148.351000
148.383000
156.110000
151.574000
154.914000
152.007000
157.237000
155.937000
160.785000
158.262000
163.221000
159.801000
163.148000
163.018000
168.898000
166.230000
170.467000
166.835000
174.103000
171.168000
177.165000
174.397000
179.277000
176.101000
180.683000
180.081000
188.948000
185.246000
186.545000
184.251000
190.199000
187.162000
194.907000
193.759000
196.581000
196.720000
197.125000
196.279000
202.719000
198.273000
204.087000
204.043000
207.844000
206.001000
208.034000
207.629000
215.003000
211.025000
216.147000
214.902000
222.908000
216.738000
222.951000
218.365000
225.655000
223.306000
229.919000
229.025000
231.405000
229.395000
234.084000
230.983000
236.956000
239.325000
247.348000
236.530000
240.708000
240.840000
245.501000
240.208000
248.679000
247.045000
253.473000
249.582000
253.013000
251.039000
257.242000
253.626000
261.051000
258.320000
265.901000
264.042000
269.673000
267.125000
269.853000
269.946000
272.235000
272.608000
277.064000
275.329000
283.705000
278.706000
282.242000
277.594000
290.439000
284.761000
291.427000
287.381000
297.818000
290.936000
291.926000
295.021000
300.985000
295.675000
303.185000
303.214000
306.981000
300.872000
310.347000
306.450000
313.109000
313.050000
315.715000
314.059000
323.423000
315.837000
322.564000
335.078000
330.077000
324.564000
333.267000
330.400000
337.000000
333.090000
335.639000
332.391000
348.519000
341.448000
346.463000
345.303000
352.176000
343.775000
357.262000
347.906000
355.986000
357.615000
360.724000
353.823000
365.420000
356.262000
364.409000
362.923000
370.225000
367.258000
377.440000
369.401000
380.502000
379.786000
380.173000
378.569000
387.325000
383.377000
389.831000
384.473000
401.478000
393.865000
395.993000
391.944000
406.170000
412.670000
407.288000
405.524000
408.428000
402.592000
412.673000
403.919000
421.477000
410.377000
420.315000
415.505000
426.399000
418.399000
422.654000
424.573000
433.283000
428.365000
440.037000
431.589000
441.922000
431.505000
443.889000
434.713000
451.714000
444.636000
472.947000
474.456000
469.655000
452.846000
460.800000
457.867000
465.092000
461.042000
467.927000
464.622000
475.907000
481.456000
472.875000
473.781000
488.274000
481.953000
484.645000
482.035000
492.181000
481.423000
489.142000
484.430000
501.596000
489.780000
504.323000
494.480000
516.037000
496.939000
509.468000
500.406000
517.166000
506.877000
519.054000
513.826000
522.916000
518.119000
525.817000
527.479000
569.047000
555.839000
543.470000
633.232000
813.657000
561.310000
547.028000
537.925000
553.654000
541.140000
552.806000
557.035000
558.606000
567.392000
607.632000
568.997000
571.484000
596.411000
577.464000
568.334000
623.738000
590.042000
585.970000
577.204000
589.618000
610.576000
611.669000
613.413000
684.954000
701.457000
677.020000
14.002000
14.463000
14.508000
15.674000
18.475000
21.950000
22.625000
22.095000
19.773000
20.458000
21.156000
22.670000
25.285000
24.804000
24.998000
26.862000
27.768000
26.908000
32.068000
36.192000
30.198000
31.809000
33.551000
32.361000
34.358000
34.567000
34.632000
37.210000
39.417000
38.782000
46.017000
45.634000
40.604000
39.081000
41.454000
42.477000
50.702000
48.410000
50.302000
55.570000
58.050000
53.581000
49.949000
51.139000
51.069000
53.753000
55.079000
59.058000
65.052000
55.183000
62.538000
62.464000
71.906000
69.728000
61.842000
61.991000
60.664000
61.452000
63.058000
67.253000
65.211000
66.320000
68.306000
71.731000
71.341000
75.940000
75.105000
75.836000
71.723000
76.021000
81.232000
85.622000
80.527000
89.221000
79.118000
82.979000
82.224000
83.391000
82.937000
83.606000
89.517000
87.601000
86.218000
95.855000
89.369000
92.947000
96.019000
96.389000
92.021000
93.571000
91.702000
98.844000
100.437000
97.753000
96.773000
101.912000
100.310000
101.457000
101.282000
101.973000
111.002000
121.408000
139.025000
121.946000
131.708000
134.605000
120.675000
122.224000
123.681000
133.986000
125.206000
122.180000
123.485000
125.256000
122.985000
126.571000
126.021000
132.868000
130.908000
150.161000
140.538000
162.458000
143.840000
146.091000
143.211000
147.635000
145.499000
145.005000
140.886000
143.523000
142.092000
144.680000
142.212000
146.340000
143.701000
147.452000
145.264000
148.128000
146.856000
155.664000
152.436000
156.881000
153.813000
169.607000
192.732000
203.907000
191.665000
170.890000
166.089000
171.372000
175.819000
177.129000
175.422000
176.655000
174.476000
176.383000
175.285000
178.286000
176.793000
187.616000
177.765000
186.472000
211.160000
199.741000
187.884000
201.542000
229.023000
231.670000
275.778000
241.451000
239.947000
251.511000
251.144000
229.611000
229.840000
251.011000
219.098000
248.154000
235.663000
230.914000
254.575000
241.803000
226.411000
227.293000
282.581000
273.786000
249.003000
266.489000
242.684000
253.920000
292.678000
290.478000
275.676000
269.118000
326.509000
503.004000
493.470000
337.740000
389.906000
640.873000
358.387000
288.638000
281.147000
354.778000
322.841000
280.374000
277.880000
295.513000
282.653000
298.376000
344.658000
320.165000
325.199000
283.938000
302.139000
293.751000
287.129000
299.621000
299.311000
301.941000
298.880000
299.553000
297.131000
298.856000
306.540000
311.691000
324.110000
311.525000
307.851000
317.488000
311.060000
328.503000
319.167000
325.782000
320.771000
322.022000
313.736000
341.234000
326.937000
333.002000
331.384000
339.838000
338.507000
348.531000
335.548000
342.711000
346.400000
359.596000
381.760000
368.140000
361.546000
375.059000
374.273000
365.198000
349.150000
360.742000
355.204000
363.375000
357.138000
469.842000
398.766000
389.311000
392.881000
389.680000
382.598000
397.820000
387.668000
420.880000
393.893000
397.279000
400.430000
422.080000
403.985000
403.445000
399.502000
410.289000
398.002000
412.242000
407.833000
422.680000
416.447000
424.147000
419.492000
425.267000
421.255000
428.853000
427.681000
433.545000
431.257000
454.514000
451.942000
453.428000
429.818000
452.480000
447.515000
522.441000
468.950000
462.952000
445.114000
456.290000
449.470000
463.750000
461.119000
474.661000
488.599000
496.263000
468.725000
478.093000
471.923000
482.755000
473.944000
495.944000
530.375000
490.584000
492.361000
525.273000
520.011000
500.923000
501.259000
508.964000
524.446000
508.560000
502.398000
511.617000
506.767000
511.811000
507.465000
514.662000
526.863000
520.163000
516.635000
528.981000
524.633000
529.340000
556.516000
562.219000
536.004000
545.790000
539.726000
578.112000
553.167000
558.570000
549.166000
584.520000
555.740000
564.377000
558.382000
577.614000
566.201000
572.975000
570.612000
585.689000
573.256000
586.475000
571.311000
582.461000
580.424000
630.465000
586.908000
592.554000
594.132000
600.923000
599.834000
621.822000
615.913000
609.401000
601.237000
619.288000
607.899000
621.125000
620.109000
654.393000
618.805000
654.061000
614.671000
644.445000
635.358000
647.218000
639.565000
649.447000
635.301000
642.811000
639.524000
657.095000
660.479000
649.451000
653.039000
679.952000
649.883000
662.543000
13.647000
13.774000
14.730000
15.613000
16.972000
17.959000
18.012000
18.846000
19.691000
20.739000
21.422000
23.782000
22.725000
25.378000
24.360000
26.170000
25.871000
27.419000
29.548000
29.277000
30.515000
31.744000
31.725000
32.749000
32.747000
34.772000
35.341000
35.938000
38.419000
37.711000
38.358000
40.122000
40.244000
42.311000
41.363000
43.867000
44.492000
46.026000
46.624000
47.651000
49.788000
51.245000
50.480000
51.308000
52.941000
52.755000
55.071000
55.080000
55.862000
58.423000
55.901000
58.773000
60.165000
62.042000
63.442000
63.945000
63.868000
68.205000
66.288000
69.516000
67.628000
71.737000
71.916000
72.498000
73.003000
74.156000
74.126000
77.645000
77.769000
79.802000
79.475000
84.500000
81.751000
85.192000
84.585000
85.809000
85.026000
88.608000
88.636000
90.087000
89.317000
96.035000
103.574000
101.174000
94.441000
96.062000
96.055000
99.547000
99.684000
101.336000
100.263000
106.559000
103.593000
107.798000
107.427000
110.349000
108.648000
111.932000
111.136000
113.821000
115.953000
117.218000
119.381000
120.404000
119.268000
120.803000
122.935000
125.035000
123.960000
128.879000
129.415000
131.112000
131.208000
130.861000
131.995000
136.133000
136.957000
137.480000
138.474000
142.249000
137.472000
144.360000
142.287000
148.763000
147.786000
153.009000
148.918000
152.496000
150.822000
154.393000
154.563000
159.597000
155.449000
164.782000
166.058000
166.573000
171.950000
166.505000
163.998000
178.351000
163.420000
168.661000
171.895000
193.580000
171.023000
175.327000
175.800000
177.871000
179.206000
184.583000
179.932000
187.558000
186.211000
190.526000
187.197000
189.850000
188.754000
191.114000
193.891000
200.246000
197.989000
198.075000
198.534000
202.800000
202.542000
205.905000
203.055000
210.047000
208.126000
213.025000
211.874000
215.811000
214.662000
220.827000
219.394000
228.663000
224.976000
231.174000
263.543000
230.193000
225.328000
230.984000
236.297000
251.942000
233.012000
240.479000
236.371000
243.206000
240.836000
251.008000
244.326000
248.112000
244.520000
254.375000
252.241000
256.236000
252.852000
258.204000
257.956000
264.679000
258.516000
267.985000
273.406000
284.233000
279.493000
274.940000
275.707000
281.211000
276.492000
282.275000
277.358000
281.255000
282.436000
288.100000
294.795000
292.806000
304.546000
312.231000
297.922000
298.568000
292.009000
293.060000
299.232000
308.214000
303.691000
316.811000
320.478000
313.465000
305.429000
312.727000
320.652000
328.822000
325.746000
325.291000
321.910000
329.354000
324.566000
327.455000
330.892000
383.564000
357.514000
341.700000
337.508000
345.689000
345.044000
348.194000
346.822000
357.094000
348.887000
356.658000
354.847000
360.275000
356.294000
361.007000
364.194000
391.052000
367.463000
371.818000
388.854000
390.520000
375.958000
406.718000
417.585000
388.011000
377.009000
384.811000
384.747000
388.293000
384.965000
389.542000
392.841000
414.432000
395.666000
424.820000
400.646000
432.047000
416.421000
407.310000
405.366000
415.985000
414.659000
427.645000
429.588000
429.209000
416.621000
426.745000
428.138000
443.006000
433.561000
438.585000
439.997000
446.583000
435.047000
443.321000
448.430000
477.368000
454.646000
461.366000
454.670000
465.677000
465.492000
462.032000
452.587000
466.831000
458.689000
472.690000
471.077000
489.478000
466.316000
476.805000
476.519000
492.301000
475.732000
489.484000
482.545000
493.925000
487.936000
507.707000
490.492000
511.371000
506.595000
520.248000
509.020000
515.159000
506.729000
517.779000
511.349000
531.356000
515.031000
532.373000
534.635000
553.388000
550.895000
551.183000
533.184000
546.166000
541.721000
559.066000
540.254000
545.313000
543.664000
546.992000
541.145000
556.973000
550.016000
576.275000
603.373000
617.106000
567.515000
606.340000
571.174000
583.599000
572.873000
579.022000
585.560000
584.928000
587.026000
584.406000
589.947000
601.633000
593.142000
620.102000
616.575000
626.401000
596.388000
600.576000
599.755000
622.064000
600.176000
613.968000
607.536000
627.138000
611.524000
615.219000
632.099000
655.680000
631.475000
639.475000
633.322000
643.628000
644.213000
644.757000
648.338000
673.591000
648.262000
669.080000
695.508000
682.926000
667.740000
677.053000
13.492000
13.676000
15.642000
17.156000
16.430000
17.675000
18.818000
19.490000
20.303000
22.242000
21.791000
22.400000
23.434000
25.199000
24.365000
26.100000
27.118000
28.750000
28.821000
28.986000
30.678000
31.109000
31.693000
33.495000
33.117000
34.522000
37.578000
37.022000
37.757000
38.715000
39.339000
40.153000
41.431000
42.946000
41.858000
44.779000
46.628000
46.502000
47.896000
48.693000
49.650000
51.060000
50.187000
50.238000
53.004000
54.606000
56.046000
55.501000
55.637000
58.188000
58.843000
60.808000
61.718000
64.643000
64.035000
66.409000
65.064000
67.496000
69.227000
68.721000
70.445000
71.461000
74.819000
71.504000
73.174000
75.187000
74.155000
76.064000
76.306000
77.851000
78.756000
79.333000
80.484000
82.290000
82.597000
87.997000
85.757000
87.798000
87.661000
88.617000
88.426000
91.630000
92.237000
94.875000
93.126000
96.445000
95.596000
98.749000
98.996000
101.361000
101.022000
104.279000
101.634000
105.970000
105.312000
107.388000
111.265000
116.650000
114.168000
113.624000
115.739000
114.862000
125.472000
123.632000
119.384000
123.544000
122.994000
124.060000
122.391000
124.835000
124.407000
129.571000
127.630000
131.631000
130.962000
134.072000
132.954000
136.902000
137.351000
138.854000
138.415000
141.884000
143.224000
143.687000
144.756000
148.920000
146.435000
153.557000
151.227000
154.671000
155.314000
155.824000
156.385000
161.045000
160.108000
162.626000
162.768000
167.425000
165.605000
171.598000
174.085000
180.064000
178.085000
179.990000
180.956000
173.902000
177.658000
180.860000
178.795000
180.796000
179.615000
190.777000
187.129000
186.145000
188.061000
207.446000
192.676000
198.202000
195.173000
199.250000
198.304000
204.075000
202.271000
207.638000
202.663000
207.216000
207.459000
210.781000
209.161000
211.664000
213.144000
220.251000
215.599000
217.792000
215.496000
224.151000
220.970000
224.538000
222.930000
229.716000
227.115000
230.096000
227.760000
236.274000
234.804000
238.672000
234.374000
240.974000
245.937000
254.439000
242.365000
251.194000
259.316000
267.905000
262.405000
263.168000
254.255000
256.541000
251.708000
263.209000
262.583000
267.242000
261.943000
268.879000
268.933000
269.051000
270.217000
283.216000
280.186000
288.486000
281.664000
302.854000
296.799000
300.024000
291.393000
294.282000
291.747000
296.209000
303.504000
304.895000
296.750000
336.088000
307.598000
313.226000
309.088000
310.291000
308.212000
317.980000
310.901000
315.421000
316.243000
326.008000
314.714000
328.198000
323.010000
345.172000
337.156000
331.037000
325.323000
336.771000
331.902000
343.232000
341.465000
351.351000
338.898000
356.383000
383.636000
345.984000
348.999000
358.480000
349.027000
359.657000
351.599000
358.812000
359.496000
366.965000
370.654000
377.653000
368.302000
375.849000
370.488000
374.870000
374.792000
383.459000
377.834000
397.040000
389.203000
396.583000
398.652000
394.637000
393.314000
398.756000
396.372000
407.725000
402.595000
415.969000
405.717000
416.034000
406.278000
420.373000
413.448000
417.342000
417.855000
427.671000
417.692000
444.982000
433.986000
456.076000
423.906000
433.691000
432.307000
439.849000
431.295000
451.169000
439.462000
457.650000
443.615000
450.286000
450.273000
458.502000
461.539000
479.042000
462.957000
480.088000
467.201000
484.950000
476.840000
489.345000
475.786000
477.180000
477.323000
489.164000
486.223000
496.845000
492.685000
504.184000
491.655000
498.491000
494.911000
505.278000
513.647000
505.192000
511.788000
510.570000
495.515000
510.895000
508.866000
533.402000
515.580000
527.470000
521.901000
529.851000
527.581000
527.460000
528.863000
555.841000
539.129000
566.475000
544.775000
560.892000
549.104000
551.369000
545.798000
563.121000
547.583000
574.965000
561.889000
600.774000
567.990000
571.418000
569.063000
572.738000
596.320000
579.088000
575.415000
592.406000
577.649000
586.249000
576.409000
594.423000
580.196000
600.117000
597.474000
615.968000
615.469000
629.139000
600.321000
634.728000
616.201000
622.411000
621.750000
637.088000
621.739000
628.184000
629.860000
648.474000
633.949000
640.636000
642.043000
644.567000
649.691000
648.925000
629.329000
650.438000
645.366000
656.230000
652.738000
660.844000
666.485000
682.191000
14.376000
14.093000
14.809000
16.348000
15.594000
17.497000
18.570000
18.929000
19.045000
23.148000
22.296000
22.333000
24.180000
25.928000
26.028000
25.941000
27.565000
30.996000
29.986000
32.366000
32.209000
32.570000
33.339000
35.115000
35.417000
35.402000
52.217000
49.376000
48.965000
40.690000
41.723000
41.176000
40.624000
40.913000
43.338000
43.368000
43.864000
45.164000
46.354000
47.709000
51.633000
50.320000
50.286000
52.529000
55.777000
55.102000
56.856000
57.049000
58.323000
57.029000
57.056000
59.599000
60.282000
61.940000
62.732000
63.700000
64.624000
66.348000
66.855000
69.007000
68.363000
70.006000
72.424000
71.699000
73.351000
73.886000
74.121000
75.713000
75.556000
79.254000
78.142000
81.556000
80.800000
81.651000
84.657000
85.990000
85.117000
87.531000
88.449000
92.129000
90.751000
91.745000
93.918000
95.565000
95.666000
100.362000
97.414000
100.818000
98.225000
101.175000
102.040000
104.551000
104.465000
106.690000
106.796000
109.482000
109.217000
114.294000
110.371000
112.255000
113.686000
116.192000
118.732000
128.811000
127.249000
124.460000
121.376000
123.931000
123.147000
125.317000
127.790000
136.231000
150.069000
140.939000
137.170000
139.355000
133.997000
138.568000
137.558000
141.460000
147.229000
148.091000
140.547000
148.112000
146.555000
148.182000
150.364000
151.206000
151.055000
152.339000
153.443000
158.348000
155.824000
159.195000
157.659000
160.288000
161.112000
163.687000
164.175000
167.080000
167.182000
168.757000
168.562000
174.557000
174.483000
176.908000
175.075000
177.374000
176.312000
182.213000
183.026000
187.183000
181.964000
191.321000
192.143000
193.782000
193.008000
194.360000
195.020000
198.123000
196.883000
207.413000
198.754000
204.556000
203.162000
206.084000
206.296000
221.428000
208.070000
214.720000
214.646000
221.389000
235.961000
231.117000
230.751000
225.504000
220.587000
227.522000
228.486000
235.155000
231.593000
233.347000
233.105000
241.233000
241.175000
239.913000
237.786000
246.961000
243.150000
246.316000
245.606000
253.924000
252.234000
255.231000
253.386000
261.712000
263.164000
271.308000
276.237000
279.564000
265.456000
276.413000
266.862000
275.166000
267.174000
273.155000
275.477000
277.800000
273.815000
281.849000
278.822000
282.696000
278.763000
284.713000
282.215000
288.663000
289.000000
294.162000
291.659000
301.233000
309.890000
315.269000
305.061000
306.659000
308.757000
306.462000
308.430000
312.682000
312.052000
324.058000
313.352000
319.950000
318.459000
325.397000
325.007000
332.678000
328.468000
332.355000
330.262000
353.028000
333.688000
342.351000
339.061000
345.173000
341.387000
348.112000
343.054000
353.432000
347.357000
358.075000
358.084000
364.113000
358.693000
372.632000
361.710000
370.954000
369.880000
372.102000
378.851000
393.307000
374.273000
378.411000
373.929000
382.395000
380.869000
387.886000
384.425000
394.225000
380.948000
392.013000
388.872000
402.926000
398.829000
402.878000
413.964000
409.112000
420.183000
412.701000
409.015000
427.485000
412.453000
426.692000
419.426000
431.255000
420.651000
432.186000
428.211000
438.760000
433.192000
447.052000
436.707000
456.261000
456.621000
464.506000
446.694000
459.664000
455.901000
469.533000
464.121000
470.597000
449.590000
483.691000
476.948000
475.762000
465.609000
478.135000
476.490000
493.313000
490.600000
507.608000
491.183000
492.005000
531.436000
499.327000
514.459000
498.760000
519.681000
504.155000
501.809000
511.688000
499.259000
515.400000
506.233000
540.424000
526.144000
541.692000
539.806000
540.231000
523.330000
544.201000
530.100000
540.178000
537.132000
557.255000
528.442000
568.980000
552.589000
559.096000
560.386000
592.825000
599.309000
566.871000
562.275000
571.722000
591.994000
595.287000
569.171000
581.906000
583.559000
571.480000
587.680000
590.860000
576.442000
583.523000
588.764000
597.523000
584.869000
596.459000
590.689000
604.028000
608.279000
616.877000
600.551000
610.110000
596.317000
625.096000
597.686000
623.143000
628.965000
619.236000
615.277000
624.698000
618.668000
621.698000
619.774000
656.538000
640.701000
649.376000
647.336000
659.162000
639.773000
691.349000
647.512000
666.000000
652.832000
667.214000
656.653000
679.886000
658.027000
664.170000
13.744000
14.125000
14.342000
16.207000
16.020000
17.859000
18.017000
19.726000
19.820000
20.987000
23.059000
22.673000
23.484000
25.281000
25.531000
25.156000
26.781000
27.512000
33.399000
33.891000
31.909000
31.493000
31.808000
34.191000
34.524000
36.165000
40.042000
37.894000
38.328000
39.926000
38.978000
43.219000
44.264000
48.078000
44.208000
46.456000
47.389000
48.437000
51.177000
49.666000
47.851000
51.540000
50.859000
52.788000
53.174000
54.108000
54.945000
57.799000
55.457000
59.574000
67.146000
61.853000
60.021000
62.712000
61.899000
70.584000
71.706000
69.406000
66.176000
68.418000
70.590000
68.359000
70.078000
72.176000
73.338000
73.372000
73.905000
77.852000
76.205000
79.848000
79.355000
83.837000
85.377000
86.651000
86.122000
88.526000
89.357000
89.297000
91.797000
90.320000
89.856000
93.172000
93.379000
94.628000
97.294000
97.117000
95.820000
99.303000
98.835000
101.170000
101.004000
103.450000
104.669000
105.542000
105.656000
106.843000
109.420000
110.387000
110.933000
114.877000
113.677000
119.935000
116.025000
122.583000
120.645000
123.318000
121.545000
126.277000
124.125000
127.445000
125.787000
129.126000
128.964000
133.454000
132.093000
135.219000
134.718000
136.753000
143.025000
142.017000
142.582000
142.209000
142.423000
147.676000
145.487000
149.827000
147.051000
159.575000
156.763000
160.794000
179.602000
171.718000
158.791000
161.412000
160.029000
165.466000
167.039000
166.385000
164.210000
169.112000
166.304000
170.204000
170.042000
175.433000
172.947000
178.064000
175.177000
182.023000
181.510000
182.505000
182.411000
188.697000
187.662000
197.804000
215.115000
200.255000
198.494000
196.116000
194.272000
199.891000
196.201000
200.428000
199.618000
206.667000
207.509000
210.283000
208.345000
213.321000
211.532000
213.133000
211.651000
215.994000
215.591000
228.054000
217.863000
221.230000
218.617000
226.472000
222.254000
228.568000
225.095000
230.132000
231.210000
237.350000
232.596000
242.311000
238.876000
242.471000
240.655000
249.492000
246.809000
251.190000
248.483000
253.725000
252.531000
257.318000
254.471000
256.579000
256.984000
269.825000
256.089000
272.381000
278.967000
283.615000
269.787000
271.925000
282.611000
279.253000
278.953000
285.111000
282.438000
284.634000
285.541000
285.433000
286.339000
293.574000
290.653000
293.561000
292.362000
306.339000
299.197000
300.754000
300.669000
309.608000
306.354000
312.663000
319.777000
322.940000
309.702000
320.312000
322.625000
331.300000
316.403000
335.174000
319.872000
327.306000
323.264000
326.303000
329.830000
349.322000
346.172000
336.955000
339.469000
347.880000
344.833000
340.062000
340.499000
365.223000
356.488000
360.007000
349.634000
365.344000
356.864000
370.188000
372.186000
377.235000
411.708000
392.856000
389.235000
388.859000
394.157000
388.928000
390.446000
397.662000
395.759000
399.349000
385.261000
396.577000
391.013000
398.429000
394.466000
403.864000
403.339000
405.938000
400.298000
410.615000
403.798000
418.164000
406.509000
418.316000
417.880000
431.057000
434.198000
441.952000
422.696000
425.119000
421.934000
436.883000
426.076000
435.651000
430.528000
445.870000
435.133000
444.437000
444.628000
465.260000
463.288000
457.657000
452.830000
468.141000
456.319000
461.707000
465.416000
477.022000
471.312000
480.068000
486.448000
486.500000
489.321000
485.615000
475.861000
500.810000
492.092000
507.786000
478.052000
494.479000
490.096000
501.942000
498.564000
517.562000
494.229000
509.565000
499.534000
524.595000
501.190000
522.592000
518.539000
550.465000
519.418000
546.113000
525.636000
533.784000
524.076000
538.420000
529.006000
540.725000
548.753000
565.029000
544.596000
567.173000
576.229000
570.679000
565.247000
583.615000
583.473000
595.420000
574.309000
597.763000
563.751000
562.390000
566.106000
577.418000
566.324000
588.305000
593.625000
621.087000
587.586000
618.268000
578.607000
601.247000
590.410000
602.218000
615.606000
633.432000
599.005000
605.196000
599.820000
641.772000
610.733000
622.530000
622.737000
648.314000
617.153000
626.879000
631.326000
661.757000
626.268000
634.231000
646.954000
643.338000
651.898000
646.730000
635.921000
669.386000
646.815000
669.924000
660.823000
677.916000
666.481000
669.512000
14.939000
13.965000
14.018000
16.672000
15.827000
17.431000
18.501000
18.910000
20.667000
21.416000
23.010000
23.056000
23.041000
25.065000
25.208000
26.271000
27.202000
26.434000
28.805000
30.002000
35.131000
31.462000
32.251000
33.251000
33.194000
35.805000
35.823000
36.554000
38.701000
37.971000
38.816000
42.092000
40.256000
44.216000
41.945000
43.675000
46.506000
45.059000
46.757000
51.594000
48.556000
51.701000
51.283000
52.787000
54.022000
53.377000
58.688000
57.473000
57.935000
57.150000
58.963000
59.473000
60.925000
62.514000
60.969000
63.764000
66.551000
65.492000
67.568000
68.535000
71.091000
71.701000
70.482000
72.088000
72.576000
74.370000
74.750000
76.785000
76.779000
78.294000
80.487000
94.854000
96.904000
97.479000
89.253000
91.895000
90.324000
101.207000
112.143000
125.451000
106.633000
99.620000
103.455000
101.535000
97.953000
97.640000
99.178000
99.508000
98.830000
101.433000
102.977000
105.610000
105.839000
107.736000
105.648000
110.418000
110.935000
111.418000
111.132000
115.744000
115.590000
117.080000
116.964000
118.234000
117.807000
120.354000
121.832000
124.213000
125.542000
127.094000
128.083000
128.325000
126.176000
129.787000
130.411000
134.703000
135.631000
135.819000
136.396000
139.202000
142.260000
144.180000
141.860000
148.313000
146.012000
147.988000
151.821000
153.406000
149.627000
154.842000
157.180000
161.396000
158.508000
163.275000
161.802000
170.366000
162.553000
166.812000
165.680000
170.455000
166.265000
181.882000
171.151000
180.040000
179.162000
181.907000
180.235000
182.466000
179.628000
181.507000
181.032000
186.593000
187.131000
194.042000
194.730000
204.612000
202.578000
204.496000
196.455000
199.205000
196.886000
200.243000
201.016000
203.906000
204.495000
214.139000
214.597000
220.189000
210.869000
212.848000
216.996000
216.193000
221.364000
228.374000
219.012000
223.345000
223.304000
233.270000
231.074000
229.657000
232.706000
243.844000
234.176000
244.568000
243.064000
253.403000
253.288000
247.052000
241.947000
253.538000
249.957000
252.750000
247.358000
253.553000
252.617000
256.367000
249.938000
257.562000
258.067000
264.895000
260.556000
266.031000
263.982000
272.591000
267.991000
273.311000
268.802000
273.690000
274.792000
280.768000
274.105000
284.218000
292.077000
283.146000
282.722000
293.777000
292.669000
296.114000
295.396000
304.911000
296.259000
297.996000
297.165000
310.599000
302.878000
310.576000
312.651000
312.964000
314.905000
317.429000
312.477000
326.370000
319.504000
328.286000
323.595000
332.772000
324.126000
326.647000
344.505000
334.592000
332.379000
343.226000
338.571000
348.187000
346.191000
357.278000
355.850000
357.995000
353.957000
360.398000
350.340000
359.591000
354.760000
358.437000
362.449000
368.683000
359.145000
366.816000
367.236000
377.594000
369.635000
386.080000
370.916000
408.786000
394.179000
389.721000
388.517000
390.530000
385.922000
392.785000
388.142000
405.358000
398.064000
420.587000
398.773000
418.343000
408.924000
416.026000
419.432000
420.114000
417.776000
453.726000
418.055000
426.988000
422.831000
430.180000
426.507000
440.631000
431.014000
442.854000
434.749000
442.075000
440.218000
439.386000
448.185000
448.077000
441.377000
451.223000
450.363000
471.821000
455.436000
465.658000
454.037000
472.817000
459.735000
475.154000
486.815000
483.862000
469.776000
482.572000
478.063000
531.519000
504.020000
496.295000
485.528000
496.224000
514.746000
505.446000
494.295000
512.359000
503.459000
513.986000
505.247000
522.144000
514.314000
535.688000
523.793000
536.158000
532.390000
538.056000
516.568000
539.286000
544.213000
529.670000
524.128000
543.881000
529.615000
545.473000
539.001000
548.544000
557.423000
561.577000
581.026000
563.577000
549.323000
569.124000
576.341000
580.764000
564.371000
572.766000
568.445000
583.345000
583.863000
659.968000
614.148000
603.959000
617.310000
603.947000
591.629000
603.421000
601.092000
595.602000
600.947000
615.416000
597.951000
603.047000
603.096000
629.365000
626.189000
623.717000
618.408000
631.562000
629.930000
638.490000
624.692000
646.971000
633.553000
645.690000
639.888000
651.026000
646.710000
655.056000
650.705000
668.082000
650.706000
662.333000
666.480000
669.806000
654.943000
662.405000
