-15.151853
-9.555873
-14.180322
-17.109353
-23.243073
-24.497164
-45.959606
-22.812099
-8.934548
-44.027047
-9.132380
-8.656993
-8.331856
-8.061571
-7.681640
-7.185584
-6.863511
-6.843090
-6.563601
-6.071664
-5.605285
-5.233544
-5.066749
-4.820520
-4.429948
-4.077403
-3.746283
-3.636058
-3.436337
-3.140165
-2.848084
-2.620250
-2.620911
-2.432583
-2.202697
-1.979041
-1.874953
-1.724257
-1.551465
-1.390134
-1.314832
-1.192639
-1.059744
-0.941148
-0.906261
-0.803862
-0.702141
-0.623519
-0.537850
-0.486714
-0.416623
-0.351769
-0.314844
-0.257558
-0.212756
-0.180777
-0.142104
-0.112941
-0.089943
-0.066687
-0.050085
-0.036087
-0.024643
-0.016124
-0.009832
-0.005160
-0.002502
-0.000835
-0.000550
-0.003123
-0.001049
-0.001717
-0.002660
-0.000101
-0.005813
-0.010245
-0.001409
-0.017357
-0.004601
-0.004008
-0.025602
-0.007706
-0.001864
-0.010310
-0.019947
-0.029985
-0.043701
-0.045785
-0.015766
-0.074031
-0.096585
-0.095977
-0.096726
-0.024338
-0.065627
-0.079501
-0.126164
-0.036722
-0.032464
-0.041215
-0.024907
-0.006887
-0.005799
-0.125547
-0.004409
-0.004398
-0.161750
-0.166201
-0.208410
-0.003691
-0.008514
-0.007949
-0.040339
-0.007983
-0.000242
-0.002417
-0.215047
-0.297279
-0.259126
-0.267644
-0.004362
-0.007381
-0.008073
-0.010651
-0.000001
-0.005777
-0.000294
-0.000479
-0.002184
-0.352252
-0.002261
-0.002867
-0.008624
-0.006483
-0.000564
-0.010145
-0.000400
-0.005465
-0.005924
-0.355907
-0.002162
-0.000543
-0.010726
-0.010336
-0.000964
-0.001110
-0.457707
-0.480663
-0.001163
-0.001670
-0.010070
-0.001414
-0.001919
-0.007753
-0.008474
-0.001702
-0.001170
-0.000786
-0.008734
-0.000649
-0.618298
-0.004610
-0.001879
-0.000821
-0.001327
-0.003859
-0.642812
-0.010452
-0.000252
-0.001296
-0.002219
-0.012144
-0.001377
-0.002114
-0.663070
-0.010809
-0.001928
-0.011319
-0.000816
-0.001833
-0.663027
-0.004491
-0.008475
-0.000282
-0.001005
-0.003358
-0.858724
-0.001858
-0.000145
-0.013620
-0.001881
-0.001394
-0.001689
-0.001496
-0.009445
-0.010268
-0.000228
-1.084114
-0.001974
-0.001521
-0.002690
-0.002464
-0.000923
-0.000134
-0.002496
-0.002637
-0.000806
-0.003029
-0.037495
-0.004553
-0.000291
-1.340667
-0.003132
-0.925189
-0.010269
-0.002054
-0.000193
-0.012547
-0.003865
-0.001775
-0.000034
-0.003549
-0.001577
-0.002672
-1.568636
-0.000021
-0.002209
-0.000285
-0.005772
-0.002096
-0.003738
-0.000267
-0.003474
-0.002378
-0.005831
-0.011199
-0.000061
-0.012599
-0.000475
-0.002027
-0.000779
-0.002494
-0.000654
-0.000579
-0.002652
-0.009528
-0.014294
-0.000889
-25.004531
-0.001387
-0.002103
-0.000204
-0.002457
-0.001861
-0.008799
-0.000263
-0.003169
-0.002980
-0.000104
-0.004311
-2.955173
-0.001498
-0.000784
-0.000653
-0.012068
-0.000061
-49.999999
-0.002837
-0.001751
-0.001876
-0.002413
-0.001748
-0.005233
-0.007531
-0.000061
-0.000041
-0.002190
-0.002147
-0.001865
-0.000403
-0.002929
-0.000083
-0.000987
-0.003170
-0.002526
-0.003206
-0.000095
-0.001671
-0.023219
-0.000135
-0.002400
-0.003915
-0.000741
-0.000291
-0.006525
-0.003875
-0.000359
-0.003275
-25.120232
-0.003009
-0.000100
-0.002587
-0.013653
-0.012974
-0.000927
-0.000401
-0.000819
-0.000597
-0.001987
-0.010245
-0.001992
-0.000489
-0.001979
-2.696956
-0.000533
-0.003566
-0.000484
-0.004810
-25.057146
-0.000412
-0.005947
-0.001914
-0.002905
-0.000184
-0.000400
-0.000803
-0.003085
-0.001514
-0.000243
-0.000751
-0.002410
-0.005690
-0.001282
-0.000495
-0.007431
-0.002683
-0.000173
-0.000553
-0.003162
-0.002968
-0.000247
-30.610282
-0.004698
-0.000512
-0.002161
-0.000744
-0.002131
-0.000135
-0.000745
-0.000984
-0.000372
-0.000742
-0.014261
-0.003374
-0.018240
-0.006175
-0.002598
-0.001996
-0.000297
-0.003379
-0.000159
-0.001140
-0.001323
-0.000295
-6.266459
-0.000358
-0.001757
-0.003102
-0.004366
-0.012485
-0.002234
-0.000164
-2.236205
-0.000550
-0.003660
-0.000163
-0.001774
-29.732934
-0.000455
-0.002269
-0.000393
-0.002572
-0.000565
-0.000390
-0.003564
-0.000889
-0.001471
-0.000577
-0.003208
-0.000218
-0.002776
-0.007550
-0.003497
-0.000025
-0.000541
-0.003423
-0.001206
-7.599464
-0.000211
-0.003721
-34.470450
-7.146279
-24.049137
-4.805019
-13.949963
-3.585999
-1.239262
-5.747979
-1.215051
-13.513200
-1.078765
-1.118351
-1.328128
-1.274108
-1.006734
-0.874005
-0.694146
-0.718089
-0.525159
-0.514643
-0.407585
-0.333218
-0.237928
-0.227594
-0.135997
-0.119098
-0.055073
-0.059115
-0.013219
-0.020782
-0.114086
-0.000811
-0.025999
-0.110415
-0.054464
-0.043478
-0.066888
-0.135498
-0.016876
-0.018914
-0.134655
-0.232893
-0.360598
-0.186268
-0.253482
-0.335879
-0.347471
-0.003676
-0.392514
-0.028452
-0.003084
-0.406891
-0.377865
-0.014007
-0.003466
-0.097185
-0.007710
-0.002079
-0.715121
-0.006937
-0.013570
-0.515872
-0.034300
-0.002188
-0.004739
-0.000968
-1.007485
-0.040578
-0.041146
-0.001213
-0.010241
-0.005587
-0.008829
-0.004162
-0.000021
-0.054293
-0.025842
-0.005210
-0.008340
-0.000876
-0.010403
-0.000797
-50.000000
-0.005340
-0.014171
-0.004932
-0.037743
-0.000501
-0.001724
-0.009376
-0.001192
-0.002257
-0.008600
-0.002346
-0.002009
-0.008909
-0.006775
-0.000230
-0.007995
-0.016148
-0.000960
-0.002745
-0.000572
-0.002704
-0.001249
-0.005859
-0.005079
-0.001815
-0.012197
-0.000577
-0.000323
-0.011974
-0.007409
-50.000000
-0.131957
-0.003151
-0.012480
-0.000925
-0.010763
-0.000889
-0.001526
-0.003229
-0.001397
-0.006485
-0.001416
-0.003016
-0.000219
-0.003411
-0.001648
-0.002522
-0.011711
-0.000370
-0.004490
-0.000980
-0.001530
-0.004146
-0.003942
-0.000092
-0.007052
-0.003307
-0.004335
-0.000155
-0.004008
-0.000323
-0.010770
-49.999999
-0.002156
-0.000891
-0.009205
-0.018263
-0.000999
-0.008211
-0.000697
-0.003495
-0.001499
-0.000692
-0.006718
-0.000645
-0.001342
-0.009263
-0.000647
-0.003151
-0.005717
-0.000838
-0.016407
-0.001541
-0.001469
-0.001982
-0.000089
-0.001691
-0.002375
-0.003176
-0.013651
-0.001722
-0.000038
-0.001892
-0.000275
-25.000005
-0.013924
-0.010789
-0.020569
-0.002358
-0.002261
-0.001816
-0.001505
-0.000026
-0.004081
-0.008430
-0.002153
-0.000381
-0.002154
-0.001749
-0.000967
-26.709494
-0.003642
-0.002763
-0.000044
-0.003813
-0.000046
-0.002745
-0.018208
-0.003524
-0.001541
-0.002341
-0.000023
-0.004553
-0.000211
-0.003029
-0.000229
-0.004265
-26.788766
-0.002904
-0.001941
-0.003955
-0.000098
-0.003066
-0.000273
-0.000572
-0.002211
-0.003420
-0.000443
-0.009671
-0.000479
-0.004005
-0.003055
-0.004316
-0.000161
-0.010347
-28.249743
-0.004029
-0.000264
-0.000957
-0.010581
-0.000551
-0.000863
-0.004941
-0.001424
-0.000789
-0.001223
-0.000822
-0.002922
-0.002613
-0.000438
-0.006594
-0.000267
-0.007297
-0.000494
-5.072894
-0.001990
-0.001919
-0.001406
-18.784872
-1.391191
-0.000542
-0.000231
-0.003564
-0.003127
-0.000719
-0.002607
-0.002508
-0.005662
-0.000041
-0.002037
-0.000109
-0.000502
-19.030507
-0.000460
-0.001904
-0.001799
-0.004166
-0.002900
-0.004037
-0.000080
-0.014971
-0.000925
-0.004227
-0.000311
-0.001079
-0.000372
-0.010668
-0.000646
-0.002477
-30.536775
-0.000715
-0.002484
-0.005199
-0.000202
-0.001213
-0.010703
-0.000574
-0.001160
-0.000563
-0.004081
-0.004761
-0.001825
-0.004171
-0.000237
-0.000435
-0.001508
-0.000681
-0.001390
-0.000482
-15.857727
-0.002433
-0.007675
-0.000148
-0.001018
-0.001862
-0.000849
-0.015298
-0.010999
-0.000330
-0.000637
-0.002805
-0.004813
-0.003394
-0.000548
-14.018399
-0.000745
-0.001685
-0.000144
-0.005744
-0.001387
-0.000599
-0.001932
-0.000273
-0.002801
-0.031981
-0.000664
-0.002192
-0.000160
-1.356751
-0.001963
-0.003242
-2.624979
-0.090731
-0.000153
-0.004119
-0.000982
-0.000328
-0.000306
-0.002437
-0.001108
-0.003005
-0.001799
-0.000056
-0.002401
-0.000202
-0.006113
-0.000475
-0.001013
-0.003332
-0.000584
-0.002834
-0.000055
-0.005100
-0.003738
-0.000569
-0.000670
-0.002417
-0.003663
-0.000173
-0.000769
-0.000342
-0.000711
-0.000557
-0.003687
-0.002362
-0.006884
-0.000287
-0.000670
-0.000998
-0.013962
-0.010334
-0.003744
-0.000670
-0.000699
-0.003779
-0.001024
-0.000579
-0.000301
-0.002743
-0.000715
-0.015664
-0.003161
-0.000419
-0.000244
-0.001430
-0.000630
-0.000458
-0.000946
-0.004206
-0.001374
-0.000841
-0.001266
-0.000219
-0.004955
-0.016675
-0.005784
-0.002244
-6.766123
-16.778234
-11.892493
-10.608518
-28.684042
-18.764996
-30.899721
-18.255817
-30.809691
-7.735282
-7.045893
-6.457072
-6.414882
-6.166643
-5.709151
-5.230037
-4.815701
-4.641700
-4.381031
-3.986634
-3.606313
-3.311929
-3.317349
-3.066146
-2.745637
-2.447294
-2.325369
-2.129594
-1.890433
-1.669751
-1.608329
-1.446160
-1.262498
-1.109814
-0.966206
-0.890045
-0.772442
-0.650359
-0.564635
-0.471987
-0.392175
-0.322784
-0.258187
-0.204140
-0.159083
-0.120290
-0.088135
-0.061751
-0.041136
-0.025296
-0.013974
-0.006318
-0.002138
-0.000616
-0.001554
-0.001242
-0.005584
-0.002176
-0.000272
-0.011104
-0.020967
-0.004828
-0.037362
-0.018119
-0.022595
-0.035653
-0.049322
-0.018001
-0.081100
-0.054004
-0.098087
-0.110646
-0.039616
-0.093943
-0.061685
-0.135763
-0.124585
-0.155677
-0.139099
-0.060493
-0.007933
-0.007899
-0.011181
-0.233021
-0.228556
-0.199463
-0.003852
-0.009370
-0.004681
-0.001025
-0.057258
-0.012444
-0.287858
-0.318223
-0.002550
-0.005329
-0.003161
-0.309863
-0.361941
-0.019065
-0.390766
-0.005289
-0.010978
-0.000379
-0.004820
-0.000190
-0.455713
-0.003522
-0.436545
-0.015264
-0.025927
-0.002114
-0.010571
-0.003086
-0.001349
-0.012641
-0.000320
-0.003468
-0.001442
-0.003195
-0.005574
-0.000814
-0.636582
-0.006787
-0.001034
-0.003558
-0.001213
-0.718809
-0.010560
-0.005896
-0.003277
-0.707015
-0.000063
-0.004702
-0.000801
-0.001331
-0.005849
-0.009275
-0.005593
-0.000043
-0.905037
-0.006645
-0.975456
-0.001229
-0.000441
-0.005401
-0.001161
-0.008969
-0.001638
-0.000473
-0.005442
-1.118338
-0.002303
-0.015736
-0.000607
-0.010871
-0.982779
-0.002416
-0.019999
-0.001267
-0.000947
-0.010242
-0.002945
-0.001594
-0.001721
-0.001010
-0.012297
-0.002938
-0.010182
-0.000169
-0.005489
-0.001006
-0.002094
-0.000573
-0.003468
-0.001648
-2.123237
-0.000648
-0.001661
-2.179528
-0.004691
-0.000291
-0.004038
-0.008479
-0.001421
-50.000000
-0.025466
-0.002063
-0.000177
-0.005710
-0.002320
-0.000324
-0.010666
-0.010586
-0.002398
-0.002127
-0.000416
-0.002028
-0.000542
-0.007079
-0.000856
-0.003285
-0.003065
-0.000153
-0.001944
-0.001479
-0.011152
-0.002079
-0.002167
-0.000047
-0.003277
-0.002238
-0.000682
-0.003613
-0.004636
-0.000093
-26.776207
-0.002294
-0.000095
-0.003448
-0.007621
-0.000873
-0.001782
-0.000737
-0.013225
-0.007474
-0.000333
-0.004088
-0.003483
-0.000890
-0.013344
-0.000789
-0.000547
-0.002330
-27.588072
-0.000277
-0.002458
-0.001724
-0.001286
-0.007552
-0.000123
-0.002186
-0.002345
-0.000369
-0.002292
-0.005852
-0.000004
-0.002616
-0.017197
-0.001778
-0.000314
-49.999937
-0.000892
-0.007899
-0.001894
-0.003936
-0.000123
-0.014246
-0.003569
-0.003555
-0.002329
-0.000525
-0.000267
-0.002370
-0.001529
-0.000281
-0.001078
-0.016741
-0.003125
-0.000624
-0.001336
-0.004090
-0.001087
-0.007931
-0.002749
-0.005698
-0.000048
-0.003014
-0.000013
-0.001896
-0.000844
-0.000388
-0.001791
-0.000971
-0.000517
-25.529125
-0.002160
-0.003340
-0.004832
-0.000138
-0.006108
-0.002094
-0.000997
-0.000209
-0.002974
-0.000115
-0.000757
-0.002369
-0.002319
-0.000123
-0.003545
-0.002265
-0.006228
-0.000130
-0.001731
-25.061607
-0.002234
-0.000218
-0.000386
-0.014443
-0.003614
-0.000630
-0.000624
-0.006583
-0.002896
-0.012803
-0.000812
-0.000513
-0.010919
-0.000902
-0.004336
-29.881353
-0.000640
-0.000577
-0.000887
-0.001387
-0.004058
-0.000533
-0.000720
-0.003001
-0.001509
-0.009023
-0.002480
-0.000027
-0.000787
-0.000868
-0.002349
-0.000194
-0.005600
-0.001150
-0.000444
-0.001983
-0.003102
-7.518837
-0.000301
-0.002417
-0.000028
-0.003021
-0.002648
-0.000962
-6.956062
-0.000240
-0.001951
-0.000241
-0.000806
-0.001330
-0.005582
-0.000249
-0.003749
-0.008207
-0.001741
-0.002080
-0.000277
-0.002812
-0.000278
-0.014389
-0.002714
-0.000880
-0.000175
-8.668024
-0.000571
-0.003143
-0.002785
-0.000298
-0.001255
-0.000231
-0.000443
-0.003086
-0.003030
-0.001246
-0.000398
-0.000346
-0.004323
-0.003386
-0.002490
-0.000044
-0.001580
-0.012601
-0.000310
-0.000349
-0.002297
-2.404369
-0.003297
-0.004885
-0.000569
-0.000383
-0.000273
-0.000490
-20.188807
-0.001194
-33.170971
-21.913538
-4.755392
-6.915344
-23.320073
-23.695237
-35.166291
-24.486843
-2.180768
-20.092896
-2.176208
-2.068105
-2.014999
-1.985296
-1.967948
-1.953458
-1.936242
-1.870709
-1.768366
-1.626055
-1.478151
-1.373226
-1.261000
-1.147507
-1.033715
-0.947084
-0.844662
-0.752778
-0.658493
-0.608986
-0.522523
-0.438671
-0.390336
-0.335467
-0.275666
-0.224064
-0.175396
-0.132305
-0.099063
-0.070030
-0.047463
-0.029097
-0.016317
-0.007099
-0.002551
-0.000505
-0.002255
-0.001090
-0.007141
-0.015310
-0.002586
-0.029758
-0.008395
-0.043905
-0.006556
-0.023639
-0.058606
-0.062527
-0.057580
-0.025748
-0.090758
-0.019026
-0.086588
-0.116068
-0.034376
-0.180230
-0.143049
-0.187529
-0.169912
-0.188495
-0.165135
-0.065198
-0.021734
-0.006496
-0.039316
-0.005324
-0.268051
-0.255040
-0.308540
-0.013983
-0.001094
-0.005984
-0.008103
-0.054296
-0.002408
-0.000548
-0.004474
-0.008449
-0.408136
-0.007625
-0.000682
-0.002102
-0.001013
-0.526177
-0.451757
-0.491384
-0.005436
-0.559254
-0.486886
-0.011031
-0.000322
-0.007710
-0.005866
-0.012319
-0.000864
-0.019762
-0.012702
-0.003076
-0.000428
-0.001914
-0.009947
-0.001481
-0.003118
-0.832263
-0.688937
-0.001356
-0.002933
-0.000954
-0.056074
-0.993990
-0.008237
-0.007223
-0.001165
-0.000558
-0.007363
-0.005850
-0.003464
-0.000169
-0.001739
-0.002110
-0.002591
-0.000440
-0.009461
-0.006250
-0.000479
-0.013612
-0.002758
-1.298407
-0.004947
-0.014223
-1.672801
-0.001673
-0.001377
-0.008142
-0.000143
-0.014161
-0.001915
-0.001982
-0.000673
-0.008476
-0.006451
-3.376358
-0.002476
-0.014394
-0.000349
-49.999999
-0.000987
-0.001124
-0.001761
-0.002258
-0.001212
-0.002801
-0.001946
-0.007462
-0.000081
-0.002565
-0.010470
-0.001895
-0.000874
-0.004753
-0.002799
-0.000457
-0.000288
-0.002930
-0.002144
-0.009389
-0.000280
-0.002716
-0.002856
-0.005259
-0.001276
-0.020672
-0.007305
-0.000118
-0.003322
-0.002358
-0.001266
-26.600799
-0.000037
-0.009680
-0.003311
-0.000998
-0.003169
-0.000655
-0.003131
-0.000052
-0.007309
-0.001672
-0.004865
-0.000272
-0.004350
-0.002780
-0.001122
-0.000885
-25.051229
-0.000195
-0.015237
-0.002990
-0.022836
-0.003922
-0.014380
-0.000300
-0.001369
-0.002541
-0.001409
-0.000511
-0.001439
-0.013276
-0.000307
-0.001525
-49.999958
-0.003257
-0.003854
-0.004162
-0.000004
-0.002864
-0.001419
-0.000222
-0.012494
-0.003798
-0.001519
-0.001800
-0.000824
-0.000174
-0.005821
-0.004532
-0.002337
-0.000049
-0.005621
-0.001298
-0.000263
-0.004042
-0.001953
-0.002185
-0.014322
-0.001492
-0.000090
-0.000596
-0.000514
-0.003607
-0.001911
-0.002785
-17.005923
-0.001432
-0.012624
-0.000133
-0.004450
-0.000200
-0.002509
-0.000759
-0.003294
-0.002201
-4.139599
-0.000142
-0.004100
-0.003817
-0.000041
-27.214109
-0.000982
-0.008684
-0.001826
-0.004161
-0.000354
-0.000505
-0.001503
-0.000564
-0.000602
-0.003306
-0.006009
-0.003444
-0.000865
-0.000439
-0.007495
-0.004148
-0.000202
-0.002685
-0.000558
-21.467164
-0.000297
-0.001147
-0.001465
-0.000713
-0.003593
-0.001028
-0.006538
-0.000721
-0.001474
-0.004124
-0.000172
-0.000422
-0.001400
-0.005016
-0.004147
-0.000255
-0.001375
-13.468622
-0.008302
-0.000335
-0.011347
-0.000649
-0.001828
-0.000449
-0.001397
-0.001998
-0.000723
-0.000634
-0.004470
-0.001495
-0.000226
-0.003538
-8.009539
-0.000593
-0.001692
-0.002384
-0.003056
-0.016308
-0.000024
-15.993857
-0.001784
-0.000258
-0.009724
-0.007743
-0.000625
-0.012889
-0.001984
-0.000812
-0.010459
-0.000190
-0.001336
-0.001499
-0.002109
-0.000508
-0.000052
-0.002814
-0.001350
-8.357889
-0.001641
-0.001454
-0.000174
-0.002297
-1.238331
-0.000092
-0.004428
-0.002042
-0.000911
-0.002713
-0.000013
-0.002373
-0.000221
-0.001057
-0.003237
-32.278512
-0.001691
-0.000167
-0.001415
-0.003197
-0.000126
-0.002442
-0.003303
-0.000538
-0.000084
-0.002097
-0.002074
-0.000276
-0.000618
-0.004653
-0.000137
-0.003899
-0.009898
-0.000584
-0.002669
-0.003039
-0.000497
-0.000294
-0.000780
-0.003181
-0.003014
-0.000913
-0.000166
-0.000855
-0.002287
-0.000314
-0.001887
-0.010647
-0.003559
-0.000114
-0.000553
-0.000509
-8.005399
-0.000526
-9.973821
-0.566234
-11.493502
-28.841159
-7.006483
-14.276256
-30.531684
-8.226318
-11.623944
-25.002688
-0.631109
-0.583550
-0.547308
-0.544677
-0.540018
-0.532833
-0.524729
-0.509143
-0.491615
-0.451589
-0.397692
-0.328726
-0.296406
-0.232839
-0.187345
-0.147216
-0.106717
-0.074962
-0.048991
-0.028535
-0.014301
-0.004910
-0.001297
-0.001957
-0.007841
-0.000366
-0.021806
-0.013995
-0.005627
-0.033897
-0.042096
-0.059137
-0.075267
-0.071677
-0.114262
-0.019347
-0.146931
-0.153035
-0.157644
-0.165383
-0.219795
-0.207071
-0.247531
-0.316654
-0.053937
-0.140542
-0.060642
-0.007673
-0.009316
-0.084161
-0.069387
-0.019326
-0.410067
-0.466117
-0.462143
-0.513608
-0.489424
-0.036326
-0.578531
-0.017794
-0.609769
-0.002123
-0.004473
-0.011678
-0.751838
-0.006564
-0.000559
-0.002623
-0.000986
-0.002880
-0.009729
-0.003879
-0.034296
-0.002355
-0.015323
-0.003415
-0.007789
-0.000172
-1.224253
-0.005519
-1.344385
-0.009088
-0.000357
-0.003864
-1.564969
-0.001986
-0.003149
-0.003185
-0.000244
-0.007081
-0.010327
-0.015030
-0.007404
-2.812071
-0.005485
-0.000039
-0.002943
-0.000584
-49.999999
-0.013316
-0.001274
-0.020731
-0.001131
-0.002097
-0.006500
-0.001730
-0.014947
-0.001236
-0.007117
-0.001050
-0.011253
-0.001690
-0.000942
-0.001764
-0.003382
-0.003517
-0.001326
-0.000875
-0.013749
-0.009510
-0.004330
-0.000936
-0.000617
-0.004552
-0.002995
-0.000064
-0.002088
-0.002903
-0.003853
-0.000211
-50.000000
-0.008919
-0.023901
-0.009048
-0.020910
-0.001030
-0.002501
-0.003466
-0.000843
-0.001692
-0.000193
-0.006130
-0.002239
-0.003272
-0.005403
-0.000251
-0.004038
-0.000050
-0.002666
-0.002644
-0.000758
-0.016022
-0.000445
-0.001287
-0.004553
-0.002698
-0.010709
-0.003253
-0.000078
-0.004434
-0.004937
-0.000590
-25.325036
-0.001251
-0.000107
-0.003046
-0.006287
-0.001005
-0.002918
-0.009708
-0.000886
-0.011954
-0.000385
-0.008548
-0.001661
-0.001032
-0.000773
-0.005387
-25.696376
-0.006143
-0.000747
-0.001405
-0.002386
-0.000396
-0.001164
-0.001629
-0.001478
-0.000891
-0.008759
-0.000769
-0.003500
-0.000421
-0.003008
-0.003813
-25.972142
-0.002137
-0.000046
-0.003711
-0.000060
-0.002031
-0.003576
-0.017740
-1.536982
-0.012775
-0.000707
-0.003372
-0.000087
-0.007464
-0.002021
-0.002068
-0.013836
-0.000358
-11.196277
-0.001441
-0.000580
-0.001309
-0.004229
-0.001167
-0.002742
-1.550208
-0.002481
-0.000026
-26.312855
-0.004113
-0.005992
-0.001836
-0.000062
-0.000533
-0.000542
-0.010229
-0.003208
-0.000840
-0.003228
-0.003742
-0.000713
-0.000130
-0.002205
-0.004965
-0.000305
-0.003122
-0.008616
-7.068808
-1.292335
-0.000352
-0.016475
-0.005287
-0.000480
-0.000955
-0.001642
-30.174724
-0.000732
-0.000708
-0.000721
-0.003042
-0.003340
-0.000821
-0.000707
-0.003745
-0.011277
-0.001901
-0.000066
-0.001028
-0.002263
-0.000840
-0.000099
-0.001103
-0.002576
-0.004052
-0.000252
-0.003272
-0.002301
-0.001110
-27.583150
-0.000120
-0.010642
-0.002764
-0.004579
-0.000573
-0.001023
-0.000171
-0.004319
-0.000727
-0.002486
-0.001441
-0.000220
-0.004208
-0.005706
-0.000459
-0.000139
-0.001758
-6.071414
-0.001575
-0.001416
-0.002156
-0.000363
-0.000084
-0.004213
-11.682748
-0.005574
-0.002306
-0.000546
-0.002943
-0.000223
-0.004277
-0.000667
-0.017675
-0.000464
-0.000724
-0.005110
-0.000964
-0.000437
-20.428079
-0.002979
-0.000500
-0.001235
-0.005344
-0.013653
-0.002054
-0.000792
-0.005179
-0.000098
-0.000744
-0.003985
-0.000615
-0.001050
-0.000623
-0.000571
-0.003706
-0.001093
-0.000580
-0.002050
-0.001657
-0.000088
-0.006771
-0.001130
-27.881975
-0.005459
-0.000135
-0.000967
-0.000935
-0.002910
-0.010587
-0.000578
-0.000595
-0.000603
-0.002804
-0.005227
-0.004907
-0.000657
-0.000176
-0.000952
-0.000541
-0.001015
-0.002460
-0.001163
-0.000423
-0.004501
-28.718104
-0.000264
-0.001595
-0.001717
-0.000213
-0.002196
-0.014133
-0.020708
-0.000106
-0.001345
-0.010850
-0.002567
-0.001706
-0.000002
-0.001868
-0.000879
-0.000776
-0.000257
-0.006168
-0.001326
-26.298378
-0.000874
-0.003081
-0.000055
-0.001480
-0.014270
-0.002823
-0.000724
-0.001500
-0.004089
-0.000015
-0.002374
-0.000916
-19.826539
-19.070414
-24.040815
-16.360575
-4.773999
-2.744862
-36.071894
-11.979705
-30.968940
-25.271394
-2.713378
-2.594382
-2.523724
-2.480901
-2.450468
-2.426962
-2.346093
-2.205455
-2.025729
-1.911268
-1.766284
-1.615116
-1.474318
-1.350495
-1.222503
-1.102408
-0.980681
-0.895196
-0.787426
-0.691920
-0.595881
-0.503780
-0.460041
-0.379470
-0.311222
-0.256131
-0.199576
-0.154659
-0.116840
-0.084288
-0.058295
-0.037474
-0.022032
-0.011010
-0.004295
-0.001042
-0.001134
-0.003598
-0.000285
-0.011111
-0.004584
-0.001515
-0.016681
-0.003750
-0.038070
-0.029811
-0.033664
-0.037337
-0.055158
-0.018869
-0.086138
-0.103830
-0.115894
-0.098229
-0.120882
-0.142547
-0.128511
-0.044271
-0.175318
-0.030693
-0.041874
-0.007732
-0.242086
-0.006485
-0.202922
-0.084807
-0.273082
-0.009603
-0.067995
-0.294919
-0.006199
-0.340655
-0.362116
-0.394597
-0.006789
-0.006287
-0.019397
-0.000628
-0.359024
-0.003170
-0.007998
-0.000959
-0.005464
-0.010083
-0.514492
-0.010272
-0.000647
-0.011683
-0.000415
-0.003798
-0.003564
-0.611051
-0.006076
-0.000766
-0.000850
-0.009334
-0.007523
-0.001583
-0.752004
-0.783925
-0.006626
-0.000307
-0.003901
-0.000797
-0.002262
-0.009569
-0.009138
-0.000517
-0.009682
-0.001886
-1.030735
-0.007324
-0.000592
-0.001256
-0.005415
-0.001921
-0.000670
-0.026438
-1.126559
-0.014060
-0.002128
-0.001735
-0.001458
-0.011465
-1.158217
-0.010403
-0.012144
-0.000988
-0.009617
-0.000779
-0.002115
-0.001450
-0.001606
-0.010638
-0.001403
-0.001596
-0.002148
-0.001043
-2.363480
-0.003350
-0.003398
-0.000755
-0.001164
-0.006024
-0.011434
-4.183813
-0.000091
-0.003894
-49.999999
-0.002133
-0.001997
-0.000500
-0.010764
-0.002464
-0.001714
-0.005893
-0.001465
-0.000001
-0.002893
-0.001916
-0.011421
-0.000425
-0.007555
-0.002914
-0.014325
-0.001489
-0.000201
-0.002856
-0.002996
-0.000404
-0.014171
-0.000756
-0.004664
-0.002013
-0.002163
-0.014311
-0.002287
-0.000023
-0.001972
-50.000000
-0.012559
-0.003341
-0.000638
-0.002245
-0.013548
-0.000134
-0.001854
-0.002108
-0.004854
-0.002559
-0.000017
-0.002577
-0.002175
-0.017077
-0.000032
-0.002679
-0.000520
-0.002486
-0.002479
-0.003007
-0.000002
-0.003202
-0.002310
-0.002042
-0.000001
-0.005970
-0.002842
-0.002976
-0.000044
-0.003665
-0.002539
-25.524500
-0.002447
-0.000005
-0.017057
-0.006149
-0.000740
-0.000201
-0.003843
-0.002727
-0.003773
-0.001241
-0.000131
-0.002402
-0.000166
-0.002782
-0.002747
-25.767615
-0.008649
-0.000239
-0.002520
-0.000193
-0.003711
-0.000421
-0.012599
-0.002522
-0.014133
-0.000739
-0.002738
-0.000431
-0.005486
-0.001765
-0.000229
-0.002044
-26.338242
-0.007993
-0.005012
-0.000435
-0.000471
-0.000755
-0.000877
-0.002964
-0.000638
-0.003369
-0.003028
-0.000375
-0.000869
-0.002689
-0.000405
-0.000631
-0.001358
-0.004012
-12.841333
-0.000641
-0.003555
-0.007251
-0.000335
-0.003687
-0.002386
-1.907811
-0.014419
-0.003396
-8.502224
-0.000078
-0.000392
-0.000904
-0.037169
-0.000358
-19.871176
-0.001338
-0.000656
-0.003282
-0.002319
-0.009863
-0.000122
-0.001034
-0.001172
-0.003289
-0.003869
-0.000318
-0.004182
-0.001074
-0.000249
-0.003616
-0.003821
-0.000411
-0.000304
-0.014612
-0.001683
-0.001445
-0.000323
-27.777757
-0.001161
-0.000622
-0.003200
-0.003542
-0.003878
-0.000045
-0.003664
-0.001510
-0.000319
-0.002138
-0.018496
-0.000330
-0.000406
-0.007799
-0.002477
-0.000562
-0.004418
-0.000445
-0.001755
-0.000556
-0.004118
-7.029815
-0.000563
-0.005053
-0.000291
-0.001184
-0.000425
-0.002229
-0.000421
-0.003411
-0.000628
-0.001140
-0.000435
-0.005190
-0.000573
-0.003872
-0.000836
-0.002786
-0.000354
-0.000502
-0.002039
-13.495315
-0.000340
-0.003830
-0.003872
-0.000498
-0.004607
-0.005875
-0.000250
-0.000572
-0.000741
-0.000597
-0.002863
-0.000455
-0.000764
-0.005472
-0.000419
-0.001317
-0.000807
-0.003021
-0.000472
-0.005766
-0.001037
-0.000232
-0.004037
-26.746662
-0.001471
-0.000236
-0.001022
-0.000540
-0.007056
-0.011317
-0.000616
-0.000936
-0.001056
-0.012791
-0.001399
-0.000817
-0.000758
-0.002088
-0.004495
-0.000007
-0.002257
-0.001018
-0.002547
-0.000055
-24.739194
-0.001829
-14.589215
-5.795129
-28.451319
-30.322142
-24.936089
-15.952928
-15.516916
-21.675444
-7.689173
-14.737900
-5.744192
-6.014255
-5.430667
-5.114447
-4.723008
-4.338535
-4.078297
-4.132004
-3.838213
-3.479629
-3.141734
-2.979208
-2.763022
-2.483907
-2.218747
-2.077539
-1.898140
-1.683291
-1.482758
-1.388677
-1.246856
-1.082947
-0.946269
-0.817191
-0.747321
-0.639035
-0.531394
-0.475471
-0.405476
-0.327182
-0.265247
-0.207780
-0.158177
-0.119111
-0.085744
-0.059406
-0.037922
-0.022438
-0.011123
-0.004602
-0.001030
-0.001111
-0.002873
-0.000375
-0.009799
-0.003904
-0.001179
-0.014858
-0.003129
-0.033578
-0.024190
-0.019971
-0.044183
-0.044553
-0.087542
-0.091395
-0.105697
-0.032041
-0.075622
-0.103536
-0.100720
-0.142536
-0.021210
-0.056237
-0.146921
-0.035432
-0.010738
-0.038750
-0.006839
-0.216178
-0.231366
-0.244823
-0.255959
-0.218996
-0.300045
-0.005319
-0.312618
-0.008894
-0.005767
-0.296041
-0.002790
-0.003008
-0.006829
-0.008356
-0.001709
-0.000577
-0.012824
-0.008470
-0.426804
-0.005198
-0.000124
-0.452272
-0.008456
-0.005360
-0.002633
-0.000490
-0.000669
-0.013560
-0.007974
-0.001839
-0.007713
-0.006727
-0.000282
-0.001654
-0.649343
-0.012088
-0.650973
-0.006792
-0.000874
-0.001120
-0.644291
-0.738335
-0.001693
-0.007126
-0.020060
-0.001400
-0.005524
-0.002212
-0.001074
-0.018533
-0.001656
-0.000518
-0.971303
-0.002665
-0.956161
-0.986978
-0.010044
-0.006668
-0.012144
-0.003399
-0.000455
-0.000549
-0.005070
-0.002603
-0.001212
-0.001048
-0.011911
-0.000621
-0.003139
-0.001868
-0.002195
-0.011958
-1.484008
-0.001528
-1.491469
-0.010208
-0.003477
-0.000195
-0.009797
-0.001614
-0.002145
-0.001688
-0.000463
-0.007918
-0.003704
-0.001626
-0.001438
-0.004504
-0.003910
-0.000135
-0.000070
-3.395485
-0.002408
-0.002916
-49.999999
-0.018286
-0.001778
-0.004325
-0.000029
-0.011366
-0.002004
-0.004737
-0.000708
-0.003586
-0.000579
-0.005595
-0.001088
-0.001815
-0.011850
-0.000065
-0.002059
-0.001324
-0.002709
-0.030955
-0.002512
-0.009566
-0.000052
-0.005555
-0.001539
-0.007294
-0.000367
-0.001825
-0.002314
-0.004026
-0.027040
-0.000029
-26.730590
-0.001546
-0.002609
-0.000311
-0.009353
-0.000185
-0.001856
-0.003236
-0.002436
-0.002089
-0.000153
-0.015192
-0.005313
-0.003114
-0.000022
-0.001252
-0.011319
-0.002333
-27.214902
-0.005880
-0.000295
-0.000647
-0.001160
-0.001741
-0.015430
-0.000985
-0.001807
-0.006630
-0.002797
-0.000078
-0.001990
-0.001242
-0.000384
-0.003364
-0.002682
-29.901039
-0.001191
-0.001815
-0.000211
-0.006017
-0.007715
-0.000209
-0.000573
-0.003688
-0.002613
-0.003366
-0.001480
-0.000143
-0.002589
-0.000506
-0.004594
-0.012567
-0.000570
-0.002773
-0.000218
-49.989840
-0.027558
-0.000790
-0.003158
-0.003531
-0.000059
-0.005773
-0.001531
-0.000512
-0.002698
-0.000360
-0.001318
-0.006581
-0.000591
-0.000556
-0.004430
-0.004065
-0.000756
-0.000189
-0.013504
-0.003781
-0.002142
-0.000916
-0.000579
-0.000653
-0.002596
-0.001887
-0.000227
-0.000648
-0.002909
-0.001519
-0.004283
-0.007888
-44.208141
-0.000115
-0.001613
-0.000529
-0.003577
-0.004929
-0.000280
-0.000397
-0.002672
-0.007618
-0.001798
-0.000327
-0.000341
-0.002555
-0.000837
-0.008425
-0.001000
-0.000529
-0.000818
-0.002987
-0.001103
-0.000340
-0.004780
-0.002272
-0.000296
-0.003681
-0.004143
-0.000358
-0.007432
-0.001340
-0.000508
-6.230452
-0.000805
-0.000680
-2.007586
-0.000566
-0.002957
-7.381337
-0.002008
-0.000220
-0.000959
-0.003032
-0.000831
-0.000211
-0.002483
-0.005111
-0.000070
-0.004677
-0.000843
-0.002068
-0.001162
-0.000264
-2.769320
-0.009141
-19.695832
-0.065137
-0.001053
-0.004562
-0.008241
-0.000274
-0.003775
-0.000464
-0.000808
-0.003497
-0.000659
-0.000783
-0.000537
-0.001096
-0.001442
-0.000823
-0.000786
-0.000669
-0.018838
-0.000009
-49.954286
-0.005375
-0.001435
-0.002167
-0.002675
-0.003622
-0.000248
-0.000015
-0.002451
-0.006503
-0.000957
-0.001207
-0.001551
-0.005748
-0.000080
-0.000499
-0.001424
-0.014714
-0.000688
-0.006824
-0.002410
-0.000682
-0.000473
-0.003155
-0.000159
-0.003878
-0.000982
-0.000764
-0.000546
-0.000655
-0.000300
-0.010061
-16.310903
-38.959801
-10.387032
-0.819771
-42.162711
-3.328331
-10.525347
-17.106331
-3.873938
-24.829902
-0.882454
-0.914859
-0.800065
-0.806251
-0.806096
-0.801973
-0.793600
-0.780259
-0.760518
-0.727546
-0.667614
-0.593941
-0.508923
-0.468657
-0.397264
-0.332480
-0.297555
-0.234792
-0.188966
-0.147617
-0.109078
-0.077693
-0.052798
-0.031887
-0.017712
-0.007066
-0.002459
-0.000579
-0.004127
-0.000618
-0.012094
-0.024903
-0.005826
-0.046958
-0.020634
-0.037413
-0.042741
-0.105698
-0.127807
-0.035705
-0.071928
-0.096509
-0.124253
-0.144018
-0.027103
-0.140878
-0.162404
-0.201576
-0.225965
-0.009917
-0.044195
-0.008403
-0.049018
-0.011689
-0.002088
-0.303527
-0.385661
-0.275863
-0.324674
-0.395752
-0.399081
-0.007292
-0.007250
-0.001436
-0.438766
-0.506505
-0.575040
-0.037285
-0.004843
-0.045659
-0.000451
-0.006282
-0.002897
-0.698099
-0.009421
-0.001283
-0.011060
-0.010784
-0.000603
-0.005689
-0.007691
-0.001104
-0.004572
-0.950970
-0.000258
-0.002357
-0.001407
-0.005565
-0.005143
-0.009970
-0.011060
-0.000246
-0.005079
-1.331970
-0.005839
-0.000359
-1.350537
-1.238869
-0.000858
-0.013370
-0.002305
-0.001523
-0.009659
-0.009474
-0.001531
-0.014083
-0.013992
-0.000816
-0.010227
-0.001442
-0.001060
-0.001346
-0.001916
-32.093806
-0.001540
-0.001820
-0.001901
-0.008806
-0.002273
-0.001607
-0.007062
-0.002306
-0.000320
-0.015410
-0.006856
-0.004561
-0.000392
-0.002991
-0.001990
-0.000988
-0.000705
-0.011884
-0.003317
-5.040839
-0.002849
-0.000828
-25.535246
-0.001842
-0.010759
-0.009754
-0.000028
-0.002207
-0.002014
-0.002340
-0.010204
-0.000534
-0.011592
-0.003949
-0.001187
-0.000828
-0.001951
-0.009037
-0.000026
-2.846788
-0.002140
-32.809457
-0.003016
-0.002396
-0.002078
-0.000016
-0.008058
-0.002007
-0.002272
-0.000260
-0.003339
-0.002712
-0.002095
-0.000070
-0.003049
-0.002409
-0.018437
-0.019004
-0.000386
-0.002331
-0.003198
-27.947964
-0.001241
-0.003579
-0.037310
-0.011222
-0.000006
-0.015011
-0.001783
-0.002722
-0.000095
-0.002900
-0.004771
-0.000716
-0.012816
-0.000271
-0.002347
-0.002674
-0.010649
-0.002357
-7.115408
-0.001557
-0.000088
-0.003757
-0.000044
-0.002438
-0.001152
-0.006270
-30.568725
-0.002472
-0.000093
-0.002364
-0.010268
-0.003904
-0.000382
-0.002457
-0.000137
-0.002221
-0.001284
-0.003712
-0.000405
-0.000913
-0.002179
-0.000457
-0.003332
-0.002899
-0.000048
-0.002443
-27.968931
-0.004717
-0.003055
-0.000013
-0.015430
-0.015548
-0.003674
-0.001722
-0.002900
-0.000252
-0.000190
-0.002789
-0.000882
-0.000323
-0.002782
-0.001746
-0.002892
-0.000352
-0.004033
-0.000454
-0.006148
-0.005813
-28.820807
-0.000197
-0.001667
-0.004599
-0.002806
-0.000347
-0.000425
-0.003943
-0.000432
-0.012801
-0.000629
-0.000678
-0.003908
-0.002133
-0.000523
-0.003555
-0.000731
-0.012067
-0.000650
-0.000408
-0.002665
-0.002411
-0.004326
-0.001326
-16.146209
-0.000203
-0.000505
-0.007057
-0.000535
-0.006504
-0.000782
-0.001344
-0.003304
-0.000667
-0.000445
-0.002805
-0.000530
-0.005480
-0.002127
-0.003012
-0.000516
-0.000440
-0.000625
-10.847817
-0.000461
-0.005315
-0.001771
-0.003130
-0.002661
-0.000027
-0.001327
-0.006933
-0.000279
-0.003996
-0.000323
-0.000608
-0.013638
-0.000760
-0.001622
-0.002325
-0.000549
-0.000727
-49.589324
-0.004433
-0.000214
-0.003813
-0.001000
-0.000718
-0.000326
-0.002151
-0.001916
-0.004987
-0.000242
-0.000458
-0.003743
-0.004096
-0.000947
-0.010484
-0.000717
-0.000614
-0.004366
-0.000249
-0.002412
-0.000877
-0.000381
-0.000920
-0.001088
-0.007637
-0.002743
-0.000234
-0.002763
-0.000348
-0.001057
-0.000543
-0.002335
-0.004100
-0.000215
-0.001431
-0.010073
-0.004552
-0.000330
-7.941849
-0.000432
-0.012661
-0.001316
-0.000901
-0.000651
-0.000581
-0.002666
-0.003425
-0.010872
-0.000215
-0.001403
-0.001034
-0.000936
-0.004070
-0.000012
-0.002021
-0.000396
-0.001678
-8.411440
-0.001827
-0.000197
-0.001261
-0.000713
-0.005323
-0.000592
-0.003307
-0.000023
-0.002579
-0.002730
-0.002638
-0.000163
-0.000895
-0.000657
-0.000579
-0.000068
-49.984760
-0.007940
-0.002301
-0.001709
-0.000765
-0.000729
-0.004468
-0.012483
-0.002789
-23.277942
-26.100932
-14.977613
-15.726907
-11.849264
-0.031897
-21.605432
-41.061896
-0.507857
-4.743511
-0.010941
-0.019382
-0.003877
-0.233190
-0.009726
-0.009682
-0.029976
-0.058535
-0.004814
-0.012983
-0.019755
-0.005313
-0.074994
-0.005639
-0.004804
-0.013363
-0.002163
-0.013254
-0.008068
-0.000054
-0.005278
-0.005845
-0.028367
-0.020241
-0.082796
-0.265948
-0.060526
-0.037785
-0.073840
-0.073899
-0.017500
-0.031813
-0.027222
-0.097242
-0.111350
-0.134086
-0.067131
-0.149933
-0.178555
-0.196545
-0.213910
-0.221335
-0.002005
-0.262820
-0.005927
-0.309131
-0.002415
-0.000737
-0.012738
-0.005271
-0.390812
-0.411600
-0.000170
-0.005618
-0.004621
-0.495954
-0.000386
-0.507276
-0.521042
-0.546542
-0.011373
-0.000022
-0.583408
-0.017965
-0.005995
-0.001585
-0.733153
-0.001071
-0.005820
-0.036089
-0.000773
-0.007043
-0.880625
-0.001727
-0.030310
-0.000828
-0.002150
-0.005632
-1.057713
-0.001136
-0.013653
-0.003350
-0.001361
-1.141470
-0.005644
-0.001344
-0.009172
-1.558359
-0.014036
-0.000627
-1.595438
-0.006210
-0.000834
-0.002085
-0.001166
-0.001683
-0.001802
-0.001120
-2.799443
-0.006884
-0.008656
-0.028576
-0.003885
-29.808641
-0.001355
-0.002465
-0.000427
-0.007997
-0.000893
-0.000691
-0.005976
-0.004884
-0.001386
-0.000395
-0.006492
-0.001678
-0.030813
-0.001158
-0.002444
-0.002148
-0.000445
-0.003949
-25.000047
-0.009433
-0.000113
-0.002005
-0.005315
-0.003334
-0.000583
-0.002818
-0.009743
-0.010428
-0.000299
-0.001305
-0.001078
-0.001648
-0.002085
-0.005832
-49.998871
-0.006783
-0.009364
-0.000035
-0.001634
-0.003916
-0.000627
-0.000650
-0.019803
-0.002100
-0.001939
-0.001144
-0.009971
-0.002378
-0.000240
-0.004287
-0.007563
-0.001118
-0.002448
-0.001634
-0.000089
-0.027247
-0.004724
-0.001719
-0.000158
-0.001886
-0.002387
-0.002799
-0.000484
-0.008017
-0.002464
-0.000106
-26.179692
-0.006951
-0.010480
-0.000804
-0.001635
-0.000721
-0.002676
-0.001818
-0.000527
-0.003340
-0.002755
-0.036379
-0.000163
-0.006141
-0.001065
-0.000306
-3.843821
-0.008951
-0.002932
-49.998307
-0.000069
-0.002589
-0.002714
-0.001805
-0.000653
-0.000479
-0.008775
-0.000815
-0.001007
-0.003163
-0.007132
-0.001157
-0.000943
-0.002545
-0.000082
-0.004127
-0.003377
-0.001139
-0.000268
-0.003193
-0.008954
-0.000037
-0.001581
-0.002069
-0.000451
-0.000941
-0.003322
-0.008262
-0.004757
-0.000044
-0.002042
-26.954142
-0.002206
-0.001231
-0.001031
-0.007530
-0.000054
-0.001228
-0.003669
-0.000295
-0.003794
-0.004139
-0.000875
-0.001168
-0.000238
-0.010213
-0.000961
-0.000294
-42.323660
-0.001242
-0.010474
-0.001855
-0.000599
-0.004764
-0.001732
-0.001334
-0.005057
-0.000470
-0.000182
-0.000823
-0.001283
-0.002074
-0.002526
-0.000150
-0.012133
-0.001972
-0.009463
-0.003231
-0.000303
-0.009269
-0.000396
-0.003397
-0.002362
-0.000728
-0.001340
-0.000342
-0.000810
-8.821087
-0.000545
-0.003026
-0.003952
-0.000129
-0.002605
-0.001271
-0.000779
-0.004591
-0.000110
-13.193610
-0.001808
-0.001428
-0.000328
-0.009298
-0.001546
-0.001470
-0.006652
-0.000158
-0.002059
-0.001820
-30.725780
-0.000481
-0.003871
-0.000033
-0.001756
-0.001712
-0.000539
-0.000643
-0.004609
-0.002514
-0.000027
-0.001862
-0.005322
-0.001792
-0.007055
-0.000315
-0.001207
-0.000069
-0.000811
-0.001711
-0.002043
-0.000207
-0.002496
-0.001886
-30.491626
-0.000862
-0.000088
-0.002216
-0.000458
-0.005152
-0.000590
-0.001726
-0.001829
-0.000075
-0.003152
-0.005630
-0.006662
-0.000355
-0.000261
-0.001684
-0.002511
-0.000864
-0.010307
-0.000197
-0.000562
-0.010307
-0.000984
-0.000835
-0.000472
-0.002247
-5.937838
-0.000420
-0.001671
-0.009657
-0.002534
-0.001892
-0.000598
-0.000064
-0.001692
-10.298632
-0.001147
-0.000483
-0.002196
-0.000003
-0.010491
-0.006455
-0.001488
-3.380383
-0.001804
-0.012252
-0.001028
-0.000346
-0.003339
-0.001484
-27.167080
-0.000178
-0.000188
-0.001727
-0.001615
-0.002258
-0.002362
-0.000023
-0.012043
-0.000155
-0.000669
-0.001655
-0.001990
-0.010620
-0.000432
-0.000363
-0.002001
-0.002281
-0.003485
-0.001912
-0.000009
-0.001544
-0.000167
-0.001914
-0.000094
-0.002060
-0.001809
-0.001939
-20.940941
-12.231280
-14.600626
-6.265930
-21.680567
-15.320850
-1.934073
-23.864958
-21.602037
-21.498883
-2.033046
-1.844393
-1.810498
-1.788202
-1.737247
-1.662203
-1.555836
-1.412182
-1.276573
-1.150957
-1.052566
-0.937384
-0.832199
-0.721983
-0.664783
-0.564604
-0.467446
-0.421462
-0.336278
-0.273192
-0.213001
-0.160344
-0.115601
-0.080803
-0.051352
-0.030389
-0.014166
-0.005560
-0.000765
-0.002576
-0.006632
-0.000077
-0.021333
-0.033575
-0.009574
-0.017946
-0.051428
-0.045711
-0.109211
-0.036868
-0.067215
-0.104932
-0.084895
-0.136427
-0.060085
-0.188401
-0.176171
-0.160374
-0.215714
-0.241619
-0.013762
-0.011045
-0.247198
-0.299656
-0.079783
-0.310742
-0.312107
-0.006987
-0.003760
-0.014424
-0.414686
-0.003063
-0.031167
-0.001132
-0.012165
-0.472728
-0.015892
-0.008722
-0.000941
-0.514044
-0.588041
-0.003457
-0.649408
-0.030030
-0.002536
-0.002797
-0.001653
-0.761392
-0.031108
-0.001103
-0.004713
-0.005750
-0.009536
-0.003086
-0.000655
-0.947482
-0.004868
-0.004833
-0.000648
-1.038317
-0.011009
-0.005179
-0.000296
-0.016085
-0.007691
-0.000763
-0.001657
-0.005321
-1.518834
-0.004778
-0.019804
-0.000554
-1.619091
-0.005291
-0.001267
-0.012144
-0.001559
-0.002737
-0.000895
-0.006613
-0.001431
-0.007770
-3.199363
-0.000833
-0.006209
-0.002839
-0.000347
-50.000000
-0.071973
-0.007293
-0.005019
-0.000099
-0.011807
-0.001811
-0.001514
-0.000911
-0.001788
-0.003787
-0.013067
-0.006901
-0.001452
-0.002330
-0.000205
-0.007859
-0.002199
-0.019197
-0.000304
-0.002967
-0.001943
-1.686502
-0.008232
-0.002027
-0.000294
-0.011506
-0.000437
-0.003005
-0.004784
-0.000917
-0.002993
-0.001563
-25.558905
-0.000172
-0.013492
-0.006368
-0.002418
-0.001022
-0.000530
-0.004061
-0.002781
-0.006042
-0.000098
-0.001387
-0.001958
-0.004263
-0.012852
-0.000426
-49.999986
-0.013664
-0.001079
-0.003382
-0.000600
-0.001836
-0.002211
-0.001055
-0.000415
-0.003935
-0.003980
-0.008281
-0.010585
-0.000077
-0.002921
-0.004998
-0.010437
-0.001497
-0.000157
-0.000956
-0.000606
-0.001947
-0.001721
-0.002973
-0.001322
-0.000103
-0.013427
-0.002131
-0.003593
-0.000662
-0.001254
-0.005711
-29.183974
-0.002001
-0.001862
-0.000043
-0.001924
-0.000432
-0.002951
-0.005471
-0.002180
-0.004973
-0.000072
-0.004996
-0.001091
-0.000196
-0.001829
-0.002994
-0.000287
-0.004026
-0.001511
-14.896422
-0.000043
-0.009110
-0.013130
-0.003679
-0.001610
-0.000414
-0.001092
-0.012712
-3.727661
-0.020138
-0.002897
-0.001272
-49.984760
-0.000223
-0.002960
-0.001630
-0.000316
-0.001836
-0.004629
-0.000448
-0.009323
-0.000272
-0.006359
-0.004895
-0.001642
-0.001082
-0.001742
-0.000173
-0.001073
-0.001313
-0.001411
-0.000318
-0.002524
-0.002541
-0.006115
-0.001280
-0.000026
-0.002289
-0.000104
-0.005915
-0.000739
-0.001134
-0.006034
-0.002502
-0.002324
-0.000188
-0.002761
-0.001771
-0.000133
-5.583709
-0.001255
-0.012689
-0.001457
-0.000322
-0.003480
-0.000297
-0.003535
-0.002696
-9.599623
-0.015798
-0.003542
-0.001104
-0.000008
-26.616292
-0.016092
-0.023289
-0.000457
-0.001936
-0.000247
-0.001554
-0.000726
-0.000788
-0.003750
-0.002583
-0.000114
-0.003252
-0.002531
-0.000064
-0.002792
-0.004132
-0.019550
-0.007009
-0.000089
-0.002181
-0.000668
-0.000944
-0.000239
-9.453097
-0.003337
-0.000797
-0.003641
-0.000289
-0.001803
-0.000599
-0.002676
-0.001178
-0.004700
-7.654171
-0.000089
-0.003449
-0.001997
-0.000256
-0.000415
-0.004329
-0.002882
-0.000195
-0.000593
-0.001421
-0.000502
-0.005137
-0.000505
-0.003241
-0.000440
-0.003742
-0.002155
-0.000265
-0.003797
-49.589324
-0.000418
-0.000566
-0.000524
-0.013390
-0.000577
-0.010606
-0.001142
-0.000896
-0.003191
-0.000912
-0.007332
-0.000264
-0.002469
-0.003340
-0.000533
-0.000465
-0.003737
-0.000400
-0.000728
-0.000585
-0.004814
-0.000557
-0.001910
-0.004160
-0.001073
-0.002983
-0.000190
-0.000499
-0.000343
-0.001979
-0.001418
-0.001309
-0.005643
-0.000409
-0.000176
-4.070600
-0.769700
-0.004288
-27.102856
-0.005421
-0.001547
-0.000213
-0.000974
-0.000514
-0.000477
-0.002253
-0.014898
-0.000759
-0.001329
-0.003615
-0.000543
-0.000238
-0.003139
-0.004144
