14.368000
14.218000
15.800000
16.985000
17.097000
21.201000
20.281000
19.129000
22.050000
21.573000
21.584000
28.955000
35.813000
29.845000
30.826000
32.723000
33.823000
38.030000
35.471000
32.629000
34.917000
41.597000
34.882000
36.604000
40.843000
36.745000
38.984000
44.142000
40.033000
39.023000
38.837000
44.544000
41.155000
42.225000
42.207000
42.921000
43.811000
48.083000
47.178000
47.809000
47.910000
48.606000
54.396000
52.397000
51.814000
52.117000
59.974000
55.639000
55.995000
57.171000
57.629000
64.124000
59.091000
60.511000
61.006000
66.574000
63.592000
65.875000
69.840000
67.905000
68.124000
69.249000
73.182000
71.673000
77.787000
72.990000
73.153000
78.933000
75.533000
80.425000
79.425000
84.678000
81.164000
86.261000
83.312000
86.641000
85.492000
89.481000
85.763000
91.853000
89.088000
94.030000
93.633000
93.813000
98.962000
97.044000
108.706000
99.503000
111.437000
105.520000
101.114000
110.576000
105.625000
104.457000
107.550000
109.829000
109.984000
108.532000
111.722000
114.178000
113.562000
120.731000
116.774000
124.090000
119.166000
126.712000
123.487000
129.733000
122.547000
125.455000
125.692000
130.575000
125.399000
131.794000
129.464000
134.558000
135.956000
137.265000
137.884000
140.262000
136.811000
140.235000
139.017000
143.885000
144.428000
145.404000
144.299000
151.897000
146.125000
151.372000
151.340000
155.748000
153.561000
154.702000
155.482000
159.854000
157.268000
163.229000
167.461000
166.828000
166.335000
167.481000
165.915000
173.633000
170.643000
172.594000
174.380000
178.608000
174.635000
182.611000
177.682000
184.393000
179.655000
184.890000
186.151000
193.048000
186.184000
191.544000
191.458000
201.842000
197.919000
196.425000
197.104000
201.210000
203.705000
204.102000
202.375000
209.741000
209.817000
216.159000
212.645000
215.439000
212.825000
214.270000
216.427000
219.190000
214.715000
220.377000
225.936000
229.712000
220.497000
223.787000
226.291000
231.615000
226.344000
230.639000
230.239000
236.188000
234.006000
240.919000
235.986000
242.384000
245.354000
245.699000
245.974000
250.730000
246.090000
250.547000
251.698000
260.412000
258.450000
263.020000
256.905000
264.328000
260.392000
263.198000
259.331000
270.848000
264.340000
272.656000
266.477000
280.632000
270.474000
277.880000
274.979000
286.342000
276.948000
283.326000
285.992000
288.102000
285.096000
291.511000
288.229000
297.236000
289.168000
298.647000
294.665000
305.440000
299.477000
306.390000
303.963000
312.309000
307.158000
312.360000
307.217000
320.490000
310.442000
315.510000
317.047000
323.553000
318.120000
325.555000
323.150000
329.390000
326.662000
332.873000
329.343000
342.277000
330.786000
340.231000
337.936000
344.836000
336.655000
348.337000
340.190000
351.190000
351.371000
353.667000
354.095000
363.656000
352.121000
360.873000
357.641000
368.705000
363.626000
367.613000
368.310000
377.733000
368.886000
375.796000
373.370000
382.706000
377.840000
385.617000
382.870000
395.014000
380.116000
396.506000
417.313000
400.082000
393.779000
400.946000
399.005000
407.020000
401.278000
410.655000
403.537000
419.982000
408.255000
419.058000
416.198000
424.698000
421.805000
423.228000
421.145000
433.692000
428.286000
435.090000
429.454000
444.638000
431.689000
436.539000
438.713000
454.786000
441.637000
450.317000
447.992000
460.024000
448.907000
454.884000
451.101000
467.711000
459.899000
468.110000
462.152000
477.904000
465.379000
478.951000
467.166000
487.573000
472.452000
490.519000
476.453000
491.393000
479.133000
489.741000
483.098000
501.878000
490.926000
498.451000
492.854000
512.225000
491.307000
506.086000
496.838000
518.103000
503.534000
515.326000
515.359000
526.752000
510.890000
525.640000
514.422000
552.369000
518.798000
536.884000
524.927000
542.872000
531.102000
540.174000
534.315000
555.136000
541.585000
546.882000
547.670000
560.388000
547.441000
560.365000
553.427000
572.050000
557.323000
568.852000
564.423000
583.508000
565.390000
578.281000
574.291000
591.953000
578.985000
587.272000
579.077000
595.231000
581.653000
592.891000
591.946000
616.468000
595.036000
610.155000
605.733000
615.068000
600.956000
616.120000
613.151000
635.600000
613.164000
624.570000
621.946000
638.635000
620.142000
631.354000
14.300000
13.774000
14.174000
15.121000
16.544000
17.374000
17.683000
19.331000
18.740000
20.363000
21.608000
22.611000
23.048000
23.718000
24.802000
25.230000
26.648000
26.653000
27.989000
29.122000
30.013000
31.137000
31.374000
32.069000
32.224000
34.630000
35.011000
35.945000
36.254000
37.590000
38.801000
39.468000
40.315000
41.255000
42.128000
43.511000
43.762000
45.714000
45.881000
47.211000
46.368000
50.282000
49.939000
51.014000
50.149000
52.035000
55.148000
54.555000
53.811000
57.559000
58.054000
59.035000
58.756000
61.026000
61.885000
62.475000
63.214000
65.128000
64.799000
65.636000
65.560000
69.827000
69.682000
69.444000
71.754000
74.918000
73.931000
75.702000
80.492000
83.099000
78.711000
79.581000
78.104000
81.818000
81.752000
82.867000
83.524000
85.501000
86.218000
89.154000
88.655000
89.269000
90.555000
91.764000
91.751000
97.409000
93.751000
94.783000
97.901000
99.730000
98.656000
102.217000
101.426000
103.402000
103.821000
105.542000
105.524000
108.647000
109.389000
114.950000
112.593000
114.912000
114.835000
117.186000
116.407000
118.770000
119.090000
122.859000
122.134000
124.825000
122.880000
125.988000
124.682000
126.273000
127.876000
130.966000
130.033000
132.084000
133.219000
135.916000
133.773000
136.403000
138.517000
143.456000
142.652000
142.508000
144.061000
147.083000
146.535000
149.475000
149.895000
153.485000
151.477000
152.525000
155.072000
157.528000
157.114000
160.027000
159.935000
162.659000
164.836000
162.647000
166.395000
169.566000
172.615000
172.093000
171.802000
173.990000
175.205000
176.704000
176.818000
183.437000
178.287000
182.484000
185.398000
186.552000
184.236000
186.146000
188.867000
193.511000
192.486000
193.878000
192.218000
197.215000
195.617000
199.287000
200.618000
204.453000
201.170000
208.155000
206.209000
213.653000
206.941000
211.144000
210.122000
215.924000
216.683000
218.283000
217.914000
223.972000
219.471000
221.692000
221.897000
231.215000
227.655000
232.858000
232.119000
239.160000
233.429000
238.716000
235.250000
241.623000
241.047000
243.755000
241.418000
246.706000
246.159000
250.537000
247.696000
254.478000
252.814000
256.125000
255.660000
262.066000
260.115000
261.276000
260.325000
269.654000
262.733000
271.385000
267.788000
278.884000
269.312000
275.350000
271.716000
282.532000
278.108000
284.175000
281.631000
289.024000
282.827000
291.829000
289.595000
296.657000
290.744000
297.780000
301.752000
305.004000
296.338000
302.179000
300.656000
310.974000
311.194000
310.765000
306.479000
318.035000
309.441000
316.455000
313.899000
324.461000
316.683000
323.528000
323.630000
329.956000
327.659000
336.224000
328.098000
340.062000
333.272000
335.783000
338.016000
347.392000
337.833000
345.033000
339.992000
354.462000
346.973000
354.737000
348.168000
364.674000
361.108000
359.226000
359.712000
368.229000
360.127000
370.065000
366.666000
378.304000
370.576000
373.513000
379.508000
389.672000
379.988000
386.290000
382.477000
393.277000
382.531000
392.469000
394.210000
398.458000
391.948000
403.852000
398.976000
414.232000
398.862000
407.459000
406.617000
414.973000
408.331000
417.395000
416.288000
426.305000
414.223000
421.317000
418.271000
437.990000
420.186000
434.644000
429.334000
442.423000
431.881000
437.286000
440.358000
448.958000
438.454000
449.457000
453.560000
459.534000
446.891000
456.405000
449.640000
471.259000
456.263000
466.245000
462.088000
477.622000
462.688000
479.095000
465.435000
487.595000
473.161000
482.409000
476.624000
489.314000
482.474000
487.548000
482.873000
502.870000
484.593000
497.036000
495.571000
507.639000
494.053000
509.136000
501.404000
516.354000
507.174000
516.551000
513.859000
529.852000
510.464000
524.092000
517.235000
546.280000
523.698000
534.489000
524.101000
548.292000
530.908000
544.591000
535.092000
557.226000
539.246000
552.960000
548.968000
562.685000
552.367000
557.694000
560.411000
572.924000
557.950000
566.185000
564.963000
580.228000
565.765000
579.576000
569.192000
595.035000
593.982000
596.115000
587.572000
597.629000
588.855000
593.737000
589.154000
611.979000
589.616000
605.025000
602.085000
617.687000
610.412000
616.720000
604.250000
627.386000
615.048000
624.780000
615.412000
635.700000
621.527000
630.258000
13.290000
13.554000
14.980000
15.578000
16.515000
16.757000
17.931000
18.538000
19.557000
20.778000
21.701000
22.689000
23.421000
23.775000
24.943000
25.238000
25.272000
27.120000
27.082000
29.012000
31.272000
30.601000
31.850000
31.358000
33.335000
33.830000
34.871000
36.177000
36.586000
37.074000
37.195000
38.915000
39.718000
41.184000
42.066000
42.503000
43.585000
46.706000
46.825000
47.500000
48.108000
49.236000
49.443000
51.646000
50.933000
51.760000
52.597000
55.846000
54.321000
56.612000
57.525000
58.626000
59.230000
59.259000
61.373000
63.835000
62.535000
65.648000
65.560000
67.246000
66.191000
67.300000
70.615000
69.640000
71.557000
72.457000
72.190000
74.417000
76.014000
76.242000
77.489000
80.030000
78.676000
81.172000
82.219000
82.741000
82.919000
85.444000
84.465000
87.135000
88.576000
89.801000
91.114000
94.542000
92.109000
93.805000
94.028000
96.481000
98.118000
97.422000
96.572000
104.551000
100.929000
103.798000
107.019000
106.882000
107.688000
109.765000
109.203000
110.388000
109.883000
115.359000
114.960000
117.526000
116.261000
119.073000
116.926000
121.261000
118.661000
126.358000
124.716000
129.687000
123.690000
128.377000
128.040000
130.482000
129.046000
134.248000
134.900000
138.373000
135.030000
139.146000
136.476000
141.915000
140.281000
145.344000
145.232000
147.613000
143.958000
148.496000
147.022000
154.776000
151.473000
155.852000
153.854000
159.318000
156.510000
160.495000
159.560000
164.709000
160.452000
165.455000
165.712000
170.652000
168.614000
175.599000
169.997000
176.167000
175.347000
177.064000
176.839000
182.756000
178.617000
183.055000
181.745000
189.093000
184.919000
189.611000
194.135000
200.903000
199.934000
195.199000
195.967000
199.804000
196.658000
202.086000
202.675000
204.991000
203.386000
205.408000
208.519000
217.225000
211.919000
211.007000
211.496000
218.073000
217.797000
220.255000
218.236000
223.062000
223.308000
223.368000
221.948000
228.433000
226.437000
231.253000
228.365000
237.608000
233.681000
237.747000
235.729000
243.943000
240.338000
243.648000
244.431000
248.560000
247.468000
249.572000
246.977000
258.604000
250.990000
256.645000
255.768000
261.762000
257.637000
261.594000
258.497000
274.210000
269.744000
276.923000
271.101000
275.199000
270.799000
275.154000
275.497000
282.446000
278.543000
282.388000
280.832000
291.140000
285.609000
289.573000
287.030000
297.405000
289.791000
295.218000
295.947000
304.496000
295.659000
301.136000
301.746000
308.446000
307.033000
312.878000
307.893000
318.151000
314.678000
315.250000
312.663000
326.342000
316.614000
323.483000
322.392000
338.074000
321.761000
330.479000
332.585000
338.039000
332.874000
339.594000
334.166000
346.307000
338.362000
343.987000
344.025000
353.989000
344.082000
355.805000
351.182000
360.833000
355.202000
358.028000
359.888000
369.863000
359.459000
368.950000
366.801000
384.493000
372.779000
373.810000
373.967000
388.086000
381.260000
398.658000
383.773000
394.182000
386.369000
390.807000
388.227000
402.708000
389.214000
402.793000
395.108000
412.351000
398.224000
406.368000
405.048000
437.275000
422.791000
415.910000
416.208000
429.194000
423.756000
433.532000
433.816000
443.192000
432.024000
438.174000
442.452000
452.731000
444.443000
460.109000
453.556000
452.630000
451.718000
454.499000
471.497000
470.494000
462.073000
460.657000
457.219000
482.270000
458.539000
472.505000
475.189000
498.028000
469.390000
483.518000
474.807000
505.496000
476.053000
497.252000
480.230000
508.718000
482.744000
510.090000
501.971000
531.584000
544.949000
514.418000
510.970000
531.149000
522.587000
554.810000
511.808000
524.876000
509.540000
527.178000
536.014000
577.839000
516.925000
521.692000
518.917000
534.260000
525.572000
532.989000
529.560000
543.145000
532.806000
541.193000
536.055000
554.994000
539.879000
558.942000
548.833000
564.042000
551.104000
560.181000
553.224000
575.441000
556.608000
575.277000
563.263000
578.770000
570.097000
580.344000
573.916000
596.874000
573.608000
590.284000
590.758000
599.775000
580.270000
593.251000
588.240000
606.997000
593.382000
604.859000
604.967000
622.109000
606.643000
614.901000
606.439000
627.353000
607.427000
626.612000
614.811000
645.150000
617.680000
633.500000
13.092000
13.713000
14.409000
15.677000
16.032000
17.116000
18.722000
19.689000
19.875000
20.226000
21.226000
22.699000
22.874000
23.950000
24.382000
25.141000
25.409000
27.675000
27.205000
29.583000
46.623000
34.959000
31.824000
32.860000
37.460000
35.796000
36.061000
35.896000
36.591000
37.549000
37.850000
40.000000
40.893000
41.373000
41.386000
42.234000
43.768000
46.101000
45.792000
46.489000
46.510000
49.006000
50.055000
51.326000
51.480000
52.833000
54.031000
56.016000
56.065000
56.821000
60.606000
58.560000
59.943000
63.251000
61.051000
62.860000
62.609000
66.175000
67.674000
66.359000
67.511000
69.372000
69.114000
72.711000
72.291000
73.424000
73.530000
76.088000
74.161000
77.092000
78.596000
79.311000
80.155000
85.649000
80.551000
85.058000
84.151000
84.752000
86.458000
89.112000
88.125000
91.554000
91.234000
92.665000
92.706000
94.703000
94.302000
99.091000
97.756000
98.265000
102.142000
101.824000
100.960000
103.535000
103.647000
107.647000
107.119000
108.524000
108.265000
112.294000
111.111000
113.176000
113.437000
116.442000
117.084000
119.335000
118.142000
121.594000
121.284000
122.010000
122.669000
126.003000
124.948000
127.475000
127.227000
129.271000
129.384000
132.169000
133.558000
136.445000
139.102000
139.539000
139.526000
142.483000
141.556000
141.829000
146.121000
147.095000
146.793000
148.280000
150.373000
151.409000
151.778000
152.948000
157.309000
159.524000
159.752000
160.534000
161.822000
163.727000
164.620000
163.729000
164.511000
169.834000
169.736000
172.062000
172.866000
174.952000
175.448000
175.983000
175.979000
180.310000
180.593000
179.880000
184.610000
187.109000
185.300000
188.361000
190.205000
190.879000
189.080000
190.790000
194.984000
198.030000
194.563000
200.085000
198.750000
207.800000
202.033000
205.829000
205.432000
209.810000
206.918000
210.815000
211.180000
216.339000
213.689000
223.422000
219.828000
224.003000
220.691000
225.029000
229.180000
230.430000
227.550000
231.247000
232.350000
234.082000
233.332000
235.363000
237.933000
243.710000
239.727000
246.588000
245.698000
245.822000
246.149000
246.315000
247.960000
257.804000
249.126000
256.245000
253.618000
260.632000
257.272000
260.566000
259.805000
269.667000
263.097000
267.502000
268.032000
271.909000
268.544000
274.984000
273.339000
280.563000
275.704000
282.784000
279.307000
286.693000
283.630000
288.817000
287.210000
298.658000
299.325000
295.099000
294.654000
301.804000
297.149000
299.332000
300.170000
309.710000
301.620000
306.343000
308.982000
315.874000
308.987000
314.768000
311.625000
323.313000
318.350000
324.795000
319.180000
332.843000
324.571000
325.803000
328.751000
336.882000
329.264000
337.269000
335.722000
343.523000
338.165000
363.775000
352.713000
356.566000
349.752000
354.082000
350.313000
359.681000
351.834000
360.467000
355.911000
371.475000
360.974000
367.907000
367.629000
375.358000
366.342000
374.519000
370.143000
383.952000
376.970000
381.247000
382.720000
390.630000
380.740000
393.756000
383.437000
399.769000
390.531000
398.688000
399.746000
403.720000
401.014000
405.364000
398.343000
417.889000
403.875000
413.529000
410.449000
422.091000
413.615000
419.873000
419.179000
431.474000
421.675000
430.513000
424.541000
438.156000
428.710000
439.536000
433.870000
450.643000
440.627000
446.551000
452.293000
452.811000
449.396000
449.047000
450.806000
458.584000
452.147000
461.926000
461.888000
477.841000
461.755000
468.086000
463.585000
480.836000
462.679000
478.221000
470.902000
489.352000
474.174000
486.550000
474.931000
498.126000
483.753000
500.346000
491.643000
511.699000
490.404000
504.025000
496.928000
519.065000
498.875000
515.241000
513.540000
529.431000
509.599000
520.700000
516.782000
542.008000
529.140000
532.730000
528.118000
542.865000
528.074000
537.794000
532.170000
549.753000
534.194000
554.571000
563.237000
709.986000
674.159000
573.169000
544.349000
608.625000
560.585000
587.655000
597.076000
576.175000
591.323000
616.977000
571.389000
589.615000
562.197000
576.712000
571.290000
591.090000
577.065000
584.549000
590.494000
596.808000
580.194000
590.437000
593.096000
609.072000
587.521000
611.890000
595.779000
626.174000
612.799000
610.197000
614.513000
628.484000
609.505000
623.876000
13.341000
14.142000
14.624000
14.984000
16.212000
17.039000
17.673000
18.182000
18.562000
19.399000
21.074000
21.975000
24.143000
24.516000
25.504000
25.618000
25.981000
28.447000
28.304000
28.717000
31.667000
31.601000
31.938000
31.156000
32.786000
34.348000
35.902000
36.850000
37.425000
38.853000
38.251000
40.422000
40.580000
41.914000
41.185000
42.678000
46.999000
51.090000
47.741000
66.019000
58.937000
58.810000
50.885000
53.525000
53.270000
54.631000
60.949000
56.619000
60.809000
61.738000
59.631000
61.099000
66.496000
66.615000
67.907000
76.943000
64.681000
65.663000
65.266000
69.992000
69.998000
69.954000
70.332000
71.506000
72.160000
72.614000
76.268000
73.755000
74.936000
76.824000
78.989000
80.302000
79.927000
79.303000
82.165000
87.819000
83.505000
85.410000
85.516000
86.383000
87.467000
88.869000
89.002000
95.659000
94.398000
96.184000
100.760000
95.781000
96.323000
101.703000
102.388000
101.868000
101.652000
107.071000
108.528000
110.535000
109.077000
111.073000
110.562000
108.709000
111.141000
110.746000
116.305000
114.562000
114.841000
117.615000
117.079000
120.802000
118.101000
132.279000
129.646000
129.066000
126.153000
140.215000
127.231000
131.127000
127.548000
133.134000
130.674000
135.657000
138.552000
140.148000
137.641000
141.547000
139.139000
142.342000
140.597000
148.477000
143.995000
149.193000
149.873000
152.356000
148.194000
153.985000
155.488000
159.903000
157.238000
163.544000
158.086000
162.593000
162.495000
165.618000
162.260000
171.201000
165.779000
170.698000
170.473000
175.315000
169.736000
173.737000
171.657000
180.000000
177.965000
181.615000
178.435000
185.726000
179.256000
191.048000
197.846000
191.073000
186.835000
189.915000
191.984000
195.902000
197.198000
195.955000
202.428000
206.794000
200.359000
203.541000
201.869000
206.885000
206.390000
210.269000
207.811000
215.120000
209.904000
217.591000
214.027000
221.069000
215.808000
219.260000
223.127000
227.576000
224.174000
225.769000
227.848000
233.686000
227.680000
231.352000
231.564000
238.743000
236.660000
240.301000
239.114000
245.183000
244.395000
245.250000
242.568000
254.531000
247.078000
251.971000
249.483000
261.761000
253.481000
259.191000
255.444000
273.745000
263.498000
266.884000
263.781000
271.808000
266.203000
269.231000
269.682000
282.660000
276.092000
282.263000
277.982000
283.322000
277.481000
285.868000
285.695000
291.678000
290.915000
294.920000
293.152000
299.614000
290.833000
301.645000
331.652000
318.055000
347.688000
319.737000
305.884000
313.759000
321.062000
328.584000
321.556000
329.798000
319.314000
324.192000
319.910000
332.810000
323.130000
329.968000
323.206000
335.495000
347.604000
339.756000
337.783000
343.052000
342.617000
349.375000
340.770000
354.576000
349.717000
365.639000
356.032000
371.516000
384.793000
393.022000
419.040000
373.745000
366.449000
365.996000
372.779000
382.180000
364.978000
374.740000
366.455000
413.367000
409.076000
403.060000
377.375000
401.326000
382.558000
404.226000
386.559000
399.534000
383.596000
394.828000
391.374000
423.850000
421.947000
428.612000
424.948000
427.758000
409.252000
435.700000
427.084000
422.794000
409.326000
416.257000
415.066000
424.692000
418.914000
423.318000
422.252000
432.676000
426.242000
447.984000
441.793000
462.868000
448.628000
464.561000
490.597000
491.141000
438.654000
445.769000
442.108000
458.353000
449.785000
453.727000
470.884000
492.990000
478.564000
476.633000
488.182000
491.187000
470.718000
489.400000
479.778000
493.494000
489.659000
483.211000
523.863000
547.039000
503.299000
510.780000
495.598000
504.469000
493.864000
496.497000
506.888000
513.753000
500.819000
514.933000
512.191000
532.806000
516.483000
543.338000
534.227000
538.069000
514.578000
538.634000
522.504000
538.317000
523.731000
537.513000
538.668000
564.830000
530.385000
548.980000
534.935000
559.148000
551.324000
558.629000
548.357000
583.253000
560.778000
637.931000
596.838000
596.484000
565.290000
586.104000
563.747000
587.067000
562.246000
582.196000
591.490000
624.972000
585.290000
580.874000
584.131000
607.710000
589.903000
606.906000
612.283000
619.008000
674.283000
661.333000
616.907000
619.922000
638.097000
652.561000
629.139000
641.612000
672.097000
644.027000
13.642000
13.763000
14.887000
15.944000
16.533000
16.746000
17.940000
17.897000
18.864000
20.660000
21.108000
22.900000
24.466000
24.094000
24.802000
25.866000
25.014000
26.559000
27.637000
28.638000
30.175000
31.176000
32.236000
31.947000
32.870000
33.641000
34.984000
36.122000
36.305000
36.293000
37.514000
39.180000
39.364000
41.801000
41.857000
46.334000
44.610000
44.755000
46.476000
46.585000
46.829000
49.598000
50.252000
51.540000
50.937000
53.840000
55.857000
56.196000
57.087000
58.167000
58.716000
59.544000
60.007000
62.717000
62.178000
62.730000
62.020000
67.018000
65.402000
64.851000
64.459000
73.766000
69.315000
68.586000
69.046000
72.520000
72.634000
73.738000
77.814000
77.628000
83.159000
80.073000
76.879000
79.635000
81.515000
81.113000
83.981000
89.506000
83.828000
86.980000
90.834000
91.910000
115.849000
102.966000
109.654000
98.302000
101.902000
106.197000
115.690000
111.682000
113.162000
113.967000
117.197000
113.691000
115.949000
114.619000
128.118000
121.063000
137.748000
164.165000
145.363000
128.987000
144.125000
170.780000
135.453000
128.986000
123.839000
125.857000
126.382000
129.845000
131.728000
132.545000
134.076000
137.331000
138.833000
139.558000
137.946000
138.278000
138.907000
138.860000
138.148000
141.291000
140.692000
143.122000
144.461000
151.943000
153.902000
158.765000
164.085000
156.562000
155.867000
159.251000
152.829000
167.483000
162.779000
164.149000
165.153000
173.414000
169.983000
165.898000
163.894000
163.319000
166.578000
172.479000
170.940000
170.298000
174.133000
171.258000
171.586000
173.107000
182.079000
181.686000
178.137000
180.536000
184.270000
182.392000
182.903000
185.138000
186.607000
190.197000
188.834000
190.323000
192.680000
196.452000
194.596000
195.922000
198.168000
203.896000
200.817000
205.840000
202.090000
214.349000
216.171000
226.217000
223.373000
226.683000
211.276000
217.654000
213.537000
219.261000
215.798000
221.405000
219.868000
224.811000
224.894000
250.930000
247.938000
254.078000
231.491000
237.800000
233.463000
238.416000
234.772000
240.030000
240.483000
243.228000
239.903000
243.610000
247.280000
251.613000
245.284000
253.171000
253.489000
259.587000
254.537000
257.377000
259.141000
263.755000
258.632000
267.794000
269.586000
268.958000
266.526000
281.106000
271.950000
278.341000
274.536000
283.206000
282.414000
284.075000
281.933000
287.352000
281.740000
291.736000
290.928000
292.106000
291.516000
301.577000
294.422000
299.150000
308.707000
310.774000
314.695000
317.733000
309.117000
312.825000
305.421000
316.158000
311.242000
321.850000
320.267000
320.320000
317.495000
329.632000
324.694000
354.197000
352.192000
351.600000
359.613000
367.944000
347.747000
372.914000
362.481000
362.318000
356.341000
377.831000
371.240000
373.153000
371.893000
379.306000
367.307000
387.598000
381.312000
384.602000
384.390000
403.530000
393.750000
409.013000
409.238000
398.523000
413.316000
437.768000
416.155000
409.653000
419.638000
419.606000
394.807000
437.172000
422.343000
434.736000
412.917000
432.024000
427.879000
443.949000
429.608000
447.968000
437.389000
452.068000
454.626000
461.701000
446.285000
459.186000
411.409000
452.375000
449.283000
466.315000
469.073000
468.269000
459.509000
468.838000
455.672000
465.543000
463.632000
472.327000
482.317000
487.919000
483.389000
496.653000
459.691000
470.198000
456.323000
469.615000
463.318000
472.545000
464.550000
510.521000
504.207000
513.254000
491.492000
514.101000
476.525000
499.197000
474.748000
488.582000
474.863000
485.665000
504.236000
542.043000
530.116000
503.847000
486.611000
507.397000
491.009000
502.984000
497.125000
515.365000
501.828000
511.377000
543.111000
528.393000
513.913000
521.668000
515.454000
559.177000
524.946000
579.760000
565.870000
542.931000
539.481000
535.065000
532.460000
546.155000
537.948000
561.402000
552.536000
599.228000
602.891000
617.616000
665.929000
763.458000
605.184000
594.540000
595.499000
700.889000
622.221000
603.680000
613.374000
607.271000
617.244000
614.581000
590.838000
638.653000
604.091000
586.202000
587.094000
650.336000
586.980000
599.876000
598.159000
619.241000
596.054000
606.587000
631.897000
625.792000
605.981000
611.406000
610.660000
628.876000
609.391000
626.715000
12.907000
13.687000
14.763000
15.215000
15.738000
17.324000
17.242000
17.974000
18.884000
19.989000
20.061000
22.572000
23.173000
24.075000
24.955000
25.667000
25.058000
27.016000
27.232000
29.162000
30.779000
31.197000
31.558000
31.175000
32.882000
33.659000
35.531000
36.392000
36.942000
37.718000
37.726000
38.964000
39.900000
41.304000
43.229000
42.019000
42.723000
44.973000
45.501000
46.804000
46.403000
47.438000
50.310000
51.411000
50.663000
51.983000
52.676000
55.395000
55.395000
56.024000
56.586000
59.167000
58.339000
58.757000
62.036000
63.674000
61.087000
61.823000
65.213000
67.982000
65.272000
69.070000
71.565000
74.346000
76.670000
75.166000
77.539000
77.709000
77.173000
80.086000
79.807000
79.910000
77.901000
80.401000
81.464000
83.066000
83.827000
85.549000
84.325000
88.491000
86.525000
89.388000
90.711000
96.265000
95.010000
97.794000
97.682000
101.284000
100.496000
100.796000
97.524000
101.913000
99.481000
100.736000
105.700000
103.607000
104.252000
109.571000
116.224000
116.623000
115.540000
118.703000
122.208000
118.529000
113.965000
117.785000
117.357000
120.537000
119.798000
120.577000
120.302000
123.469000
132.704000
138.071000
136.262000
140.229000
135.876000
138.003000
139.875000
141.989000
147.125000
152.952000
145.588000
144.670000
143.783000
146.419000
143.511000
155.565000
154.876000
152.394000
150.192000
151.889000
156.882000
153.966000
153.222000
157.418000
156.176000
160.246000
156.787000
161.485000
164.195000
168.392000
168.046000
170.118000
168.019000
168.714000
171.011000
171.562000
176.408000
176.602000
174.792000
178.157000
185.886000
184.417000
182.802000
186.483000
182.264000
185.375000
197.496000
220.193000
196.387000
213.581000
223.534000
207.293000
192.984000
200.986000
206.811000
210.499000
201.582000
204.973000
208.130000
209.751000
209.806000
217.382000
207.359000
220.940000
226.758000
230.977000
228.728000
227.870000
224.274000
235.426000
229.044000
229.252000
225.322000
230.342000
240.232000
233.130000
245.542000
236.906000
234.852000
237.846000
235.075000
241.149000
240.447000
245.285000
239.896000
248.412000
252.307000
254.333000
247.610000
255.051000
252.785000
263.667000
252.833000
260.030000
261.992000
268.511000
265.912000
267.551000
270.767000
270.417000
270.264000
276.605000
271.849000
277.696000
278.797000
281.031000
281.309000
284.042000
283.140000
287.322000
284.594000
293.775000
290.102000
299.813000
293.524000
305.561000
294.867000
299.673000
298.960000
307.191000
300.418000
306.673000
306.321000
312.502000
306.198000
313.536000
313.506000
319.277000
337.033000
343.852000
323.102000
331.646000
324.729000
327.521000
333.343000
338.801000
351.082000
404.723000
348.153000
390.094000
337.141000
349.096000
398.276000
391.155000
343.406000
398.238000
361.437000
372.330000
376.316000
367.650000
373.465000
379.978000
390.442000
432.763000
404.567000
452.149000
448.264000
459.678000
454.084000
484.406000
509.464000
438.105000
471.408000
479.664000
444.429000
388.073000
397.895000
411.714000
399.355000
412.810000
422.092000
438.317000
452.785000
457.314000
450.732000
473.041000
426.119000
440.846000
514.637000
470.490000
499.578000
497.664000
499.068000
563.516000
463.038000
506.068000
429.162000
432.181000
443.909000
454.934000
462.040000
474.155000
446.508000
444.974000
442.463000
462.800000
461.848000
475.434000
455.316000
467.910000
456.702000
465.997000
455.377000
483.876000
484.085000
508.716000
480.234000
509.297000
491.664000
489.798000
494.587000
513.353000
508.463000
511.361000
518.972000
524.024000
498.691000
514.270000
528.613000
524.292000
514.427000
520.874000
509.702000
532.737000
518.194000
518.987000
519.624000
534.955000
522.191000
529.749000
529.338000
539.428000
526.114000
536.415000
535.870000
548.040000
534.809000
539.103000
539.767000
551.551000
545.638000
552.825000
550.016000
588.024000
568.395000
572.403000
561.033000
600.287000
567.307000
592.529000
569.439000
574.891000
581.883000
583.814000
574.657000
590.693000
582.563000
596.622000
588.616000
606.459000
593.103000
607.293000
599.021000
636.527000
597.588000
607.318000
609.047000
637.172000
607.318000
627.612000
613.136000
637.602000
641.424000
630.059000
625.152000
658.104000
626.902000
652.727000
14.293000
13.787000
14.681000
15.279000
16.097000
17.444000
18.159000
21.345000
19.503000
21.218000
21.588000
23.028000
22.873000
24.790000
24.620000
25.350000
26.995000
26.916000
28.917000
30.991000
35.284000
33.571000
32.024000
32.088000
32.051000
34.579000
35.467000
36.164000
36.092000
36.994000
38.404000
40.632000
40.353000
41.783000
41.442000
43.363000
43.491000
45.163000
46.201000
46.391000
46.402000
49.514000
51.068000
52.592000
53.728000
54.600000
55.996000
56.653000
56.156000
56.899000
58.688000
61.375000
60.674000
62.958000
64.244000
64.455000
61.601000
66.374000
67.041000
68.114000
69.263000
71.908000
71.341000
73.117000
72.644000
73.856000
73.235000
77.414000
74.269000
79.836000
80.051000
81.357000
78.383000
81.527000
80.552000
83.766000
83.629000
82.372000
85.181000
86.820000
86.056000
88.952000
88.782000
90.041000
93.935000
97.447000
94.394000
100.296000
98.665000
99.273000
100.362000
102.652000
102.076000
104.468000
105.558000
107.811000
105.503000
107.813000
108.024000
108.100000
109.121000
109.852000
112.294000
114.087000
115.816000
116.518000
118.950000
123.217000
122.884000
127.468000
122.911000
125.928000
123.450000
128.741000
127.147000
134.924000
130.804000
131.547000
140.102000
140.604000
139.591000
138.116000
143.131000
140.591000
144.041000
146.145000
151.484000
150.318000
147.119000
152.898000
153.954000
153.075000
153.388000
156.751000
155.053000
156.200000
162.211000
166.124000
166.950000
179.383000
175.322000
173.607000
167.557000
171.884000
172.870000
169.156000
171.779000
170.610000
174.153000
180.627000
180.867000
185.589000
183.003000
185.202000
182.189000
184.789000
188.030000
189.535000
184.814000
190.308000
188.966000
198.319000
202.202000
200.854000
199.921000
210.318000
208.537000
209.139000
208.616000
206.335000
215.845000
219.996000
209.274000
222.658000
212.798000
230.646000
222.260000
217.093000
226.458000
226.135000
245.191000
221.119000
221.808000
228.620000
223.103000
227.942000
229.654000
231.366000
229.370000
244.217000
254.135000
269.122000
240.781000
280.759000
245.032000
289.353000
256.502000
253.779000
249.692000
259.701000
256.016000
261.853000
267.343000
304.194000
288.968000
260.048000
291.970000
279.930000
272.919000
287.105000
281.704000
292.164000
282.157000
278.085000
276.811000
287.253000
279.599000
285.017000
292.536000
317.474000
306.967000
306.697000
300.875000
299.591000
299.436000
304.757000
323.047000
336.736000
332.169000
327.682000
321.571000
376.301000
354.720000
340.112000
341.512000
335.621000
314.242000
323.000000
318.117000
330.640000
322.902000
354.109000
349.593000
344.680000
342.146000
351.991000
358.245000
348.875000
336.134000
351.844000
363.798000
373.893000
340.955000
350.238000
379.206000
395.562000
365.377000
379.046000
375.323000
370.831000
355.169000
368.430000
368.882000
370.074000
376.370000
397.871000
391.863000
407.796000
394.299000
390.983000
399.843000
407.332000
393.559000
417.518000
422.913000
405.279000
419.052000
425.057000
425.825000
440.146000
421.047000
435.982000
410.732000
405.763000
393.138000
400.425000
419.291000
431.776000
400.502000
413.864000
406.703000
434.086000
415.760000
434.160000
417.911000
429.531000
418.412000
424.838000
427.761000
450.184000
445.334000
447.133000
439.286000
474.533000
472.732000
508.397000
481.464000
494.213000
451.808000
469.642000
452.669000
475.806000
456.549000
474.900000
493.056000
517.226000
507.826000
509.140000
474.247000
490.171000
508.495000
506.249000
510.483000
527.315000
525.319000
529.843000
493.230000
527.297000
520.970000
542.649000
526.139000
553.810000
534.316000
525.575000
517.080000
553.690000
516.084000
553.685000
569.358000
533.741000
518.798000
563.913000
587.788000
538.373000
558.214000
544.489000
546.848000
594.712000
624.837000
653.071000
547.361000
584.231000
614.597000
642.926000
567.459000
593.539000
600.104000
589.313000
577.942000
606.995000
549.822000
618.281000
566.953000
602.370000
589.904000
575.155000
566.201000
586.589000
571.970000
581.060000
574.517000
588.964000
572.223000
589.310000
600.834000
604.416000
600.769000
594.922000
602.606000
612.012000
602.039000
634.340000
602.224000
654.878000
618.105000
679.434000
731.342000
765.748000
747.315000
706.101000
14.198000
14.738000
16.129000
19.096000
19.049000
19.672000
19.805000
19.957000
20.391000
22.401000
23.427000
24.024000
24.530000
24.693000
25.484000
27.352000
28.335000
29.562000
30.382000
31.562000
31.020000
32.632000
33.893000
34.090000
36.866000
35.856000
36.597000
38.105000
39.019000
40.672000
40.725000
40.270000
41.430000
42.036000
42.504000
45.834000
46.591000
46.968000
47.893000
48.334000
50.586000
51.593000
51.368000
52.685000
52.101000
55.076000
56.028000
57.097000
55.851000
59.513000
60.557000
62.264000
62.432000
64.547000
65.463000
67.064000
65.425000
67.228000
67.564000
72.905000
74.891000
74.444000
72.919000
74.567000
72.467000
74.725000
75.500000
75.040000
78.587000
78.219000
79.901000
82.232000
81.582000
82.548000
84.573000
85.176000
84.395000
88.059000
87.626000
89.301000
91.292000
94.380000
98.396000
99.718000
98.211000
99.599000
102.823000
105.613000
104.762000
105.084000
121.281000
108.181000
108.413000
110.763000
115.440000
114.169000
116.506000
111.807000
118.957000
123.162000
114.174000
119.759000
118.498000
122.056000
122.550000
123.428000
124.369000
125.008000
123.674000
126.529000
130.698000
131.463000
135.879000
127.417000
135.121000
135.724000
141.634000
142.966000
142.337000
145.695000
142.439000
143.825000
144.939000
159.687000
151.428000
148.313000
146.742000
150.451000
151.098000
150.880000
152.278000
152.450000
153.502000
153.587000
159.546000
163.572000
160.106000
160.646000
168.581000
173.573000
171.138000
171.971000
164.656000
168.465000
178.874000
177.797000
180.119000
182.162000
183.042000
181.004000
183.177000
193.381000
183.801000
210.342000
192.083000
197.722000
215.338000
195.795000
197.097000
191.141000
206.401000
210.490000
204.765000
206.616000
208.162000
208.156000
211.018000
217.875000
216.255000
210.100000
215.971000
221.904000
219.052000
222.269000
221.595000
225.587000
224.606000
228.147000
226.744000
235.599000
240.082000
245.828000
238.195000
242.795000
243.784000
245.485000
244.239000
246.972000
245.942000
247.348000
243.106000
237.971000
249.131000
263.172000
259.422000
264.845000
257.529000
261.013000
254.994000
273.370000
271.959000
278.117000
270.650000
276.612000
272.819000
285.590000
275.577000
288.214000
288.065000
294.341000
288.873000
298.041000
287.928000
292.579000
298.352000
308.456000
289.496000
284.466000
285.486000
305.817000
299.965000
306.442000
306.728000
307.157000
306.374000
310.684000
309.508000
302.735000
314.986000
296.657000
294.841000
306.346000
312.454000
324.087000
329.273000
336.767000
326.543000
323.114000
327.733000
337.030000
379.353000
341.951000
338.409000
349.956000
334.240000
335.819000
346.395000
352.343000
342.011000
371.464000
372.359000
389.321000
372.877000
369.364000
396.858000
379.473000
378.802000
378.241000
374.858000
378.269000
367.604000
389.374000
400.526000
403.673000
382.798000
399.759000
396.315000
421.105000
423.279000
410.363000
401.658000
418.445000
432.959000
433.223000
436.790000
422.397000
422.161000
421.886000
415.498000
438.436000
430.236000
460.326000
432.459000
442.635000
442.383000
446.047000
459.995000
482.375000
445.294000
449.793000
458.195000
447.769000
448.815000
453.698000
442.690000
485.806000
462.049000
472.377000
460.135000
487.342000
462.435000
501.277000
486.206000
479.768000
484.371000
507.428000
483.518000
482.636000
502.041000
551.248000
508.139000
512.743000
505.688000
503.002000
509.689000
505.355000
517.064000
513.978000
487.124000
532.923000
517.110000
531.153000
522.566000
540.333000
536.007000
532.265000
532.080000
547.523000
538.019000
523.923000
549.315000
555.361000
518.471000
555.858000
557.091000
581.207000
559.058000
571.889000
563.048000
582.718000
539.527000
528.217000
539.184000
544.265000
578.680000
589.616000
590.282000
587.067000
575.817000
570.871000
591.869000
633.374000
559.475000
589.394000
584.128000
582.794000
567.656000
583.012000
571.165000
573.030000
562.033000
592.389000
589.565000
620.860000
608.396000
627.581000
615.692000
626.153000
607.671000
623.719000
636.024000
644.311000
594.506000
629.428000
608.190000
606.582000
584.399000
616.965000
609.022000
731.401000
716.632000
636.113000
641.569000
647.345000
651.060000
670.984000
610.428000
632.694000
614.053000
623.099000
12.983000
14.076000
14.230000
14.993000
15.505000
17.389000
17.397000
18.520000
18.773000
19.417000
21.123000
22.078000
23.120000
24.130000
24.494000
25.722000
26.491000
26.966000
28.065000
28.995000
30.335000
30.822000
32.377000
33.049000
31.781000
34.616000
34.594000
36.541000
36.020000
37.178000
38.515000
38.941000
40.243000
42.135000
43.433000
43.964000
44.995000
45.544000
46.345000
45.668000
46.547000
49.056000
52.847000
55.406000
55.041000
57.875000
56.488000
57.519000
58.364000
57.973000
58.866000
60.839000
64.313000
63.207000
62.581000
64.830000
66.245000
66.518000
70.049000
75.498000
71.523000
69.520000
69.326000
70.024000
71.221000
72.342000
72.610000
76.228000
74.240000
75.377000
77.212000
78.184000
79.907000
82.721000
83.394000
90.824000
88.360000
89.415000
89.838000
92.105000
94.961000
94.864000
94.009000
99.937000
96.237000
101.503000
99.163000
100.737000
97.898000
101.408000
98.015000
100.023000
102.114000
104.229000
107.797000
109.480000
107.079000
112.719000
115.637000
118.365000
120.023000
121.640000
142.302000
121.769000
116.556000
119.983000
116.982000
120.414000
119.288000
121.188000
124.235000
127.593000
124.620000
125.460000
126.137000
128.606000
128.165000
130.888000
133.743000
136.122000
134.627000
134.955000
140.816000
143.576000
140.939000
149.122000
149.246000
149.016000
150.253000
150.176000
146.854000
149.901000
153.785000
183.126000
155.905000
155.497000
158.804000
171.831000
172.978000
166.191000
207.402000
180.019000
166.907000
172.040000
177.044000
177.637000
168.615000
178.613000
171.292000
177.638000
191.212000
184.367000
188.070000
192.913000
194.380000
201.700000
196.876000
206.837000
208.283000
212.722000
205.602000
212.997000
211.372000
213.814000
214.287000
213.924000
213.167000
217.605000
218.021000
221.086000
219.640000
225.310000
221.933000
224.525000
226.019000
230.139000
224.689000
230.749000
236.507000
241.867000
237.879000
238.083000
242.944000
248.571000
242.554000
250.983000
249.317000
251.236000
252.882000
251.829000
254.636000
257.231000
255.049000
259.967000
257.531000
263.522000
258.525000
255.303000
247.641000
250.457000
246.217000
254.786000
252.683000
256.438000
251.313000
259.888000
262.709000
264.556000
258.287000
265.246000
266.278000
268.682000
266.471000
272.107000
269.741000
277.421000
277.823000
281.339000
276.535000
283.385000
278.650000
285.519000
281.623000
293.200000
288.148000
290.242000
291.688000
301.200000
292.097000
298.226000
296.181000
307.357000
296.791000
309.239000
305.022000
312.392000
304.946000
312.928000
309.396000
316.845000
320.649000
327.014000
330.638000
327.613000
348.190000
345.663000
339.601000
340.744000
330.506000
341.753000
338.743000
342.786000
347.848000
370.510000
348.281000
423.591000
394.158000
364.680000
359.909000
356.578000
367.739000
362.266000
357.336000
374.606000
362.738000
369.648000
364.943000
367.848000
362.901000
375.572000
397.180000
427.212000
400.805000
397.316000
374.371000
384.460000
396.162000
381.928000
404.049000
394.796000
416.302000
398.520000
402.454000
404.914000
394.836000
399.970000
400.762000
415.393000
439.394000
435.030000
436.353000
437.856000
423.736000
429.293000
499.933000
487.933000
416.681000
423.539000
422.399000
466.339000
438.616000
459.030000
429.048000
441.472000
433.224000
444.053000
448.218000
484.580000
454.805000
450.179000
443.674000
461.615000
447.098000
470.903000
454.027000
498.724000
467.313000
471.710000
465.425000
481.009000
507.158000
517.246000
506.271000
500.534000
518.524000
516.344000
501.245000
531.322000
527.254000
515.428000
520.294000
521.805000
496.779000
533.906000
562.835000
593.971000
509.161000
533.948000
532.187000
524.367000
550.809000
569.554000
581.572000
599.021000
618.286000
571.210000
577.266000
588.959000
576.029000
575.044000
587.834000
602.504000
565.601000
594.113000
591.324000
574.834000
581.354000
599.570000
588.004000
610.470000
565.508000
604.700000
594.825000
597.460000
575.283000
594.545000
639.278000
669.570000
586.375000
609.126000
606.847000
634.718000
616.998000
628.075000
635.743000
628.924000
589.489000
606.130000
652.227000
655.877000
650.178000
610.833000
616.018000
630.855000
609.102000
629.255000
624.918000
645.326000
611.754000
628.530000
