0.161517
0.019032
0.002292
0.214069
0.269354
0.666600
0.001111
0.000334
0.277292
0.149124
0.740199
0.754566
0.793194
0.721134
0.719208
0.675089
0.601675
0.687053
0.784101
0.942092
1.010390
1.115274
1.204784
1.273966
1.353082
1.376390
1.444884
1.428376
1.680602
1.708486
1.766660
1.784838
1.796087
1.808551
1.794806
1.910077
1.968545
1.948425
1.963264
1.964160
1.919285
2.039881
2.089051
2.084334
2.163794
2.139622
2.195109
2.229864
2.259722
2.316982
2.368854
2.441669
2.469402
2.486135
2.430846
2.468437
2.491714
2.506314
2.572332
2.585366
2.589208
2.610651
2.665123
2.697363
2.679959
1.476081
0.001337
2.713268
2.727058
2.718547
2.435807
1.193950
0.003218
2.741993
0.085143
2.760562
2.728451
2.707740
0.033976
0.002001
2.726567
0.000003
2.787987
2.472894
0.009739
2.733753
2.797128
2.467153
2.420689
2.440167
0.462620
0.000157
0.001998
2.790171
2.828024
0.350017
2.304057
2.402856
2.405222
0.000955
2.445769
2.842750
0.028895
0.727883
2.410355
2.410976
2.777688
0.001006
2.841152
2.483162
2.833506
2.488264
2.830831
2.851480
0.001088
2.855762
2.893647
0.008372
2.916559
2.459089
0.088736
2.932588
0.000953
0.000074
2.944489
0.001293
2.468200
2.950170
2.960742
2.943468
2.469001
0.000177
2.972519
0.025410
2.967989
0.007016
0.000041
2.570106
0.009515
2.973001
0.002651
2.539570
2.971535
2.957846
0.002148
0.001226
0.005136
2.968672
2.969817
2.482780
1.376313
0.002308
0.001759
2.963885
2.107349
3.003379
2.977390
2.499308
3.016983
2.061191
2.276576
0.797229
3.020798
3.025487
3.021201
2.481114
0.027115
3.001382
3.025547
3.028817
3.006674
3.041213
3.022187
3.030442
2.505991
2.479109
3.051506
3.070669
3.072297
3.088749
2.457472
0.020267
3.089988
0.008012
2.514692
3.092825
2.414551
0.028760
2.539963
3.095489
3.105656
3.097128
2.434353
2.633403
0.000011
2.387252
3.089958
0.015005
0.027674
3.118944
2.534246
2.574927
3.127595
3.131055
3.144317
2.629880
3.143101
3.129594
2.489111
3.145382
2.615130
2.578959
2.514990
2.465083
0.183959
3.153642
3.161663
0.681692
2.635337
2.438866
0.000620
3.166557
3.169269
0.160798
0.052285
3.144248
2.676084
2.566772
2.522170
3.147411
0.000824
3.174030
2.591355
2.644913
2.678280
3.176314
2.667844
0.045216
2.640193
3.171404
2.694810
3.173391
3.181991
2.669912
2.709232
2.620630
2.688046
2.702000
2.750637
2.736049
2.737752
2.690263
2.679713
0.006647
2.759824
2.832422
0.869771
2.873978
2.917880
2.828251
2.836241
0.000144
2.564749
0.003823
2.663936
2.696809
2.831296
2.655057
2.694408
0.000323
3.169998
2.945917
0.002837
2.928031
2.819094
0.157244
2.673667
3.190487
0.000112
2.778872
2.706656
0.074688
2.664561
2.652639
2.829442
2.933995
2.812010
2.837746
0.005594
2.838166
2.786987
2.837801
3.176010
2.621673
2.823911
2.769463
2.709269
2.752647
2.854768
2.838111
2.836176
3.197130
2.801484
2.813596
2.693702
2.755255
2.767545
0.081649
2.854544
2.960511
2.662516
2.641195
0.002548
2.813495
2.695751
3.208101
2.957930
2.838177
2.761023
0.006545
0.045566
2.713169
2.811364
2.826792
0.043490
2.833634
3.020334
2.789508
0.000503
2.743998
2.612599
2.670803
1.069537
2.824140
2.994215
0.097323
2.920096
2.636247
2.702065
2.892106
2.760560
2.983707
2.905241
3.198384
2.895617
0.111373
2.875645
1.246930
2.990826
2.902126
3.179659
2.681126
3.005581
2.632267
2.657581
3.039627
2.992314
0.121049
2.987916
0.231787
3.008845
2.816546
0.000026
2.991813
3.076951
2.474433
3.193667
3.138687
2.908146
2.725032
2.883929
2.632346
0.328015
2.380405
2.720771
2.726312
3.108088
0.004115
3.113311
2.496447
2.708433
3.107359
2.571201
2.465167
3.127230
3.148038
0.028643
3.036314
2.358410
2.902367
3.131375
3.187808
2.930337
3.216883
3.142792
2.758339
2.597600
2.499294
2.964770
2.537220
0.177098
0.238114
0.463522
0.190318
0.344509
0.077657
0.318864
0.639565
0.112785
0.408441
0.578179
0.391891
0.649953
0.758935
0.659641
0.823411
0.879504
0.947306
0.970132
1.019024
1.157369
1.209320
1.222386
1.283135
1.360346
1.417860
1.488574
1.196486
1.239033
1.341211
1.548282
1.442460
1.444186
1.578041
1.635062
1.489635
1.644211
1.617902
1.545809
1.767466
1.864782
1.856345
1.930465
1.695557
1.704637
1.993817
1.781862
1.765838
1.745376
1.989118
2.042627
2.086565
2.084943
2.149979
1.900509
2.156622
2.224116
2.207873
2.239313
2.216987
2.254980
1.923567
1.993663
2.216987
1.938635
2.171998
2.161420
2.222345
2.303622
2.300569
2.056192
1.996192
1.956614
2.075044
2.215208
2.084347
2.372103
2.120124
2.444747
2.457698
2.088388
2.405253
2.245936
2.012694
2.281565
2.292644
2.013555
2.248424
2.252608
1.982702
2.134361
2.123418
2.096927
2.381841
2.455586
2.492581
2.178838
2.511664
2.454025
2.226030
2.548127
2.347589
2.297971
2.441333
2.324327
2.561925
2.449111
2.010356
2.537850
0.538357
2.554643
0.826795
0.058824
0.721495
0.000656
2.644852
0.894452
2.671449
0.049920
0.000121
0.000115
2.651849
0.855019
0.296367
2.188612
2.563663
0.000297
0.025829
2.650671
0.000100
0.003452
2.706388
0.142632
2.699356
0.772620
2.678404
0.000012
0.000022
0.000021
0.000228
0.000022
1.667496
2.538120
1.220635
0.000717
0.080694
0.000058
0.000667
2.434863
0.005878
0.000296
0.028950
0.001078
0.041190
0.817808
0.298699
0.456386
0.041420
0.376076
0.820869
0.000020
0.000426
0.071656
2.642970
0.000753
0.010108
0.001358
0.005116
2.678972
0.006524
0.033175
2.608365
0.003327
2.268918
2.581240
0.027077
1.794795
0.364898
2.676657
2.662236
0.059847
0.306282
0.004445
0.055371
2.358814
1.838059
2.137694
0.001296
0.055825
2.553228
0.009120
2.533589
0.121720
1.790520
1.649557
2.535089
0.004145
1.354018
0.004257
1.888086
0.333032
2.690365
0.000939
2.633057
0.151794
0.544719
2.596365
2.180870
0.454353
0.327930
1.845929
2.691996
0.024480
1.332723
0.007684
0.107285
0.910129
2.657244
0.001857
2.571070
0.040086
2.675206
0.341872
0.006352
1.894051
0.421279
2.002388
1.787615
2.654235
2.671573
2.746129
2.645814
2.811794
2.847511
2.885210
2.712393
0.017899
0.003762
0.118339
1.849059
2.442712
0.014338
2.727691
2.700700
2.452718
0.048266
2.409071
2.782227
1.853508
0.152036
1.787699
0.687729
1.804544
2.499856
2.568629
2.537069
0.192197
1.995704
0.708985
2.717517
2.758750
0.001547
0.093364
0.016425
2.373911
2.009480
2.005902
1.864627
2.546085
0.010486
1.867967
2.738039
1.856619
1.827765
2.718953
0.129921
0.001312
2.730537
0.102828
0.000097
2.005740
2.489215
1.824445
1.855308
0.029962
2.700795
0.742719
2.775588
2.167624
1.853049
2.513979
2.683259
2.855819
0.123877
0.001195
0.002446
2.703109
2.163858
2.685927
0.105736
2.748329
1.960839
0.028792
0.134467
0.010796
1.825928
0.001362
2.833499
0.012789
2.488561
2.793573
2.726238
2.486988
2.788604
2.776189
2.768947
2.786920
2.119875
1.665335
2.614434
2.762322
2.790187
2.585827
2.813616
2.701849
2.796961
2.748196
2.714108
2.021254
2.799677
2.599602
0.018656
2.676187
2.796877
2.604826
2.615926
2.803549
0.001817
2.729202
2.843891
2.205099
2.018945
2.184014
2.888687
2.028461
0.290596
2.827926
2.772931
2.809505
0.019388
2.653417
2.030118
0.001463
0.019641
0.000553
2.889236
0.056010
2.726258
2.829351
2.871752
2.854579
2.842989
0.000851
2.658925
2.195261
2.724340
0.008626
2.914322
0.047149
2.886167
2.649814
2.905792
2.653705
2.733636
2.624651
1.938891
2.029352
0.006773
2.727957
2.803626
2.910448
2.662278
2.458447
2.655959
2.920668
2.808028
1.940097
1.925219
2.457217
2.632251
2.837960
0.103137
2.804896
2.918091
0.113433
2.706734
2.846406
0.000014
0.000036
2.858676
0.048736
0.181185
0.316541
0.779181
0.551368
0.035423
0.233574
0.135476
0.734002
0.569994
0.748715
0.638972
0.837190
0.822195
0.992884
1.014407
1.091271
1.081848
0.733049
1.137365
0.861332
1.361579
0.796294
1.333993
0.857771
0.674516
0.956171
0.656481
0.079411
0.962962
0.570142
1.346417
0.004488
0.983415
1.069078
1.246620
0.817516
1.008642
1.483603
1.501351
0.076515
0.093284
0.010247
0.000700
1.601011
0.002064
0.690175
1.587518
1.081415
1.590827
1.043755
0.532811
1.147180
0.713312
1.246715
1.581238
1.268843
1.613340
1.240287
1.161948
1.255468
1.579853
1.585995
1.512374
0.000103
0.000054
1.724947
1.790330
0.022497
0.008437
1.813756
1.785617
0.120802
1.836014
0.012160
1.820748
1.277361
1.839612
1.873931
0.194119
0.352477
1.834103
1.885112
0.290779
1.169835
0.000333
0.000019
1.932490
1.291309
0.007144
1.965038
2.018579
0.005586
0.231389
0.000023
1.418068
2.041561
0.000816
0.003291
2.075624
0.001191
2.087435
0.000277
0.028286
1.277166
1.352896
0.036464
0.000637
1.314632
1.050984
2.115629
2.129055
0.009603
2.158657
0.001306
2.189109
1.527684
1.543890
1.385478
0.995932
1.225223
1.524850
0.000009
1.479675
1.561726
1.925120
2.226876
1.915431
1.475078
1.483867
2.375591
1.506665
2.255624
1.730094
1.875515
2.390137
2.283445
1.871568
1.673430
1.290397
1.703919
1.819732
1.773085
1.900459
1.992896
1.792045
1.441527
1.834484
1.940497
2.294628
1.995785
2.305659
1.829212
2.290678
1.483954
2.321371
2.309978
1.885986
1.539405
2.025798
2.387061
1.915950
2.354953
1.949537
1.656943
2.367913
2.033958
2.373488
1.953894
2.136891
2.125548
2.390334
1.955692
2.118476
2.080262
1.576392
1.949974
2.116060
1.961234
0.519593
1.094965
2.157027
2.040279
1.602848
1.589470
2.426620
2.215175
2.464084
2.091588
2.310652
1.743544
2.235785
2.046191
0.000258
2.399805
2.466051
2.174302
2.408896
2.385132
2.351584
1.491924
2.485948
2.462907
2.337327
1.819164
2.248646
1.439781
2.453310
2.392121
2.445437
2.459110
2.276431
2.314422
1.826330
2.475190
0.000814
2.461428
2.300787
2.547568
0.975699
0.000021
2.502123
2.528449
2.510057
2.286656
2.526642
2.492402
0.014309
2.181519
2.442078
2.538147
1.926589
2.069639
2.497985
0.000001
2.223153
2.556237
0.719964
2.572476
1.873898
2.343432
2.559911
2.283188
2.539494
1.996671
2.523714
2.343495
2.546444
2.603604
2.609587
2.600315
2.469605
2.601532
0.000003
2.544151
0.012951
0.008465
2.424803
2.527816
0.001116
2.635351
2.559663
2.622676
0.000482
2.546862
2.357206
0.000615
2.569392
1.949287
2.210542
2.072032
2.250797
2.643224
2.324305
2.439449
2.478618
2.641131
2.456006
0.009774
2.147782
0.055584
2.616362
2.458614
2.531804
0.717835
2.572758
2.123985
2.475965
2.606281
2.335610
0.001198
2.584869
0.743883
2.612439
2.627385
2.650600
0.000992
2.413993
2.626316
2.435977
2.539363
2.511336
2.682537
2.610635
1.855027
2.183585
2.619885
0.002768
2.562623
2.619542
2.648438
2.258568
2.640625
2.262623
2.631143
0.000270
2.357595
0.052446
2.629234
2.668762
2.475418
2.493682
2.649572
0.001480
1.800022
2.671460
0.000148
2.365234
0.000048
2.678008
2.709058
2.657527
2.705138
2.326402
0.035796
0.198184
2.329483
2.600493
2.598757
2.685207
2.382072
0.005730
2.723865
2.732790
2.676690
2.719806
2.685826
2.631305
2.479994
0.005161
2.502994
2.761415
2.444906
2.701811
0.301255
2.644822
2.496085
2.741883
2.507444
2.659864
2.531746
2.733280
0.579130
2.392991
2.655103
2.628031
2.656668
1.646855
2.504392
2.721225
2.645747
2.653572
2.670591
0.094488
2.730815
2.659187
0.054844
2.519391
0.634272
2.630900
0.001072
2.716346
0.030385
2.454056
2.663591
1.172274
2.444591
2.504562
2.421281
0.002927
2.638654
2.761899
2.663591
2.688659
2.663591
2.615537
2.427314
0.000016
2.492202
2.692843
0.037452
0.004084
0.018543
0.296909
0.739730
0.009276
1.376145
0.207102
0.306870
0.305747
1.327792
1.353055
1.410928
1.378115
1.446328
1.414666
1.490019
1.542796
1.623545
1.580707
1.681718
1.658735
1.763345
1.784049
1.765089
1.811711
1.792020
1.854678
1.939737
1.992303
2.038869
2.021146
2.047080
2.236297
2.113806
2.238896
2.263272
2.157639
2.189489
2.226524
2.353599
2.339948
2.360141
2.390917
2.404502
2.435230
2.419405
2.490833
2.509320
2.514403
2.542528
2.529315
2.512145
2.519007
2.495135
2.566902
2.587250
2.597227
2.566584
2.604688
2.626584
2.646678
2.563315
2.619028
2.597137
2.615853
2.606937
2.630325
2.609975
2.719826
2.649409
2.757030
2.741286
2.742408
2.772529
2.792487
2.723108
2.817506
2.831395
2.872252
2.858125
2.830106
2.865860
2.859833
2.853682
2.835317
2.778711
2.853900
2.875274
2.925965
2.783917
2.919586
2.974798
2.971199
2.991457
2.992860
2.972923
3.027602
3.028651
3.011897
3.026614
3.043177
3.061545
3.043209
3.039953
3.055115
3.071699
3.050846
3.116972
3.105540
3.080605
3.059585
3.093476
3.125262
3.078525
2.832711
2.810238
3.102352
2.884134
3.127307
2.901148
3.058730
2.860471
3.095220
2.893645
3.150104
3.169498
3.159339
2.894024
3.148200
2.944713
3.186913
2.945244
3.187690
3.156363
3.175723
3.130026
2.983075
2.888337
2.944101
3.163542
3.132806
3.148375
3.151071
3.172362
2.908523
3.142761
3.161067
2.967881
3.105358
2.941565
3.163065
3.165234
3.122225
2.964310
3.188776
3.186720
3.173897
3.176777
3.158594
3.138048
3.002616
3.166441
3.180000
3.186203
3.228077
3.204590
3.008312
3.207208
3.193203
3.206398
3.181776
3.214163
3.155027
3.180167
3.211260
3.207970
3.181088
3.018964
3.182851
3.223253
3.182984
3.205715
3.222675
3.253317
3.271478
3.240791
3.209237
3.249626
3.230314
3.054139
3.261011
3.248332
3.064707
3.072066
3.280758
3.090161
3.271723
3.032106
3.258792
3.252676
3.282796
3.279932
3.276939
3.255569
3.286328
3.246981
3.255630
3.302980
3.077359
3.278837
3.268927
3.300002
3.046737
3.119510
3.259389
3.273585
3.300905
3.104097
3.094791
3.299152
3.118519
3.067634
1.590239
1.355638
0.390707
0.058915
1.202065
0.075568
0.001627
0.004418
0.005903
0.000052
0.002792
0.001056
0.007218
0.578809
0.000002
0.108898
0.003413
0.000832
1.452781
0.001353
0.000398
2.070811
0.043992
0.004053
2.408913
0.000045
0.000735
0.022895
0.042004
0.020778
1.196632
0.000572
0.003660
0.012539
2.350832
2.009477
0.005298
0.056798
0.904713
0.003750
0.013926
2.630459
2.656117
2.552366
2.540384
2.673986
2.703543
2.603930
2.631236
2.565633
2.674602
2.706594
2.623035
2.607576
2.543834
2.671265
2.548501
2.657568
2.597049
2.529089
2.571297
2.483970
2.547303
2.474354
2.481817
2.618401
2.675044
2.215890
0.055938
0.648867
0.005655
0.000697
2.566680
2.658804
0.026708
3.200161
0.015349
2.721213
0.017863
2.555259
2.610131
3.105379
2.681227
0.000725
2.313031
2.604448
2.196542
3.279655
0.155225
3.101179
0.001044
0.001133
0.006784
2.769119
2.366972
2.718489
0.005252
2.604049
0.000706
3.286670
1.272819
0.023415
0.213036
2.967515
2.543761
0.001497
0.000070
0.017592
2.911157
3.038311
2.639660
3.113389
2.640610
0.304549
0.239872
2.810741
2.964805
2.621246
2.552672
2.780098
2.770963
0.055026
0.000008
2.609034
2.936620
2.669690
3.293130
0.011124
2.963183
3.115635
2.477585
0.067514
2.911490
1.401945
3.143052
2.650161
3.096610
3.075764
2.763489
2.466471
2.798673
1.249808
2.572136
0.018092
2.733696
0.154669
0.000364
2.441165
0.000122
2.413338
0.027740
0.069464
0.002140
2.431662
2.364708
2.443336
0.051013
0.024942
0.093788
0.019054
0.038792
2.692986
0.000723
2.681494
2.686983
2.576254
2.633782
2.370291
2.622214
2.580330
2.182496
0.218707
0.930403
2.629265
2.247727
2.648849
2.571847
0.068118
0.001849
0.000875
0.590331
0.039737
0.144212
0.276966
0.025738
0.105642
0.812253
0.361371
0.323760
0.804452
0.831663
0.810344
0.742982
0.798642
0.823046
0.676214
1.043096
1.175731
1.234717
1.311598
1.366556
1.406127
1.530859
1.571839
1.819851
1.807798
1.840614
1.905716
2.111215
1.954403
0.714450
2.156672
0.695344
2.030659
2.521577
2.511050
1.451549
2.552054
0.532683
1.493903
2.127622
1.378865
2.549857
2.568336
1.427956
2.222458
1.456179
1.234153
2.263225
2.318071
2.377109
2.429027
2.447976
2.511926
2.588184
2.575754
2.497440
2.669422
2.711145
2.717511
2.623554
2.574157
2.762183
1.449413
0.713063
2.788441
2.802319
0.004098
2.808165
0.002337
0.952646
2.812279
2.789711
1.972498
2.779661
2.837732
2.862031
2.784917
2.902197
2.885012
2.846839
0.680549
0.156680
0.908780
0.028754
2.005461
2.845709
2.876135
0.047453
2.920644
0.005804
0.012362
2.917938
2.935496
0.064944
2.008006
0.000159
0.014327
1.891448
0.003069
0.046569
2.922459
0.251564
0.006293
2.937805
0.030373
0.004128
2.913067
0.008918
2.956105
0.001554
0.003375
1.092703
0.000040
1.166851
0.001859
2.969739
2.982536
0.207082
0.000021
2.941614
0.310875
2.872471
2.790210
2.824820
2.790210
2.838189
2.840314
2.600128
0.000001
0.594666
0.093151
0.186048
0.004393
1.528632
0.009955
2.673180
2.608093
0.040109
2.839893
2.682447
0.000106
2.751657
1.981016
0.009752
2.052080
2.380513
2.720499
2.047825
2.711491
2.084200
2.106224
2.680069
2.746653
2.814436
0.004144
2.726906
2.691484
1.963107
0.022919
0.040175
0.000671
2.835088
1.901578
2.753990
0.011868
0.159454
2.083931
0.099349
2.055816
0.003880
2.809879
2.848103
2.439520
0.003779
2.855118
0.106340
2.836496
0.021501
0.432785
2.136059
0.025192
2.852816
0.200665
2.848152
0.175102
2.819716
2.843899
0.014285
1.820782
0.161829
2.869375
2.146580
1.883645
2.850647
2.123052
2.865702
2.448120
2.848067
2.857264
2.851687
2.851524
0.010503
1.970733
1.982422
2.098314
2.830633
1.970024
2.713467
2.790210
2.713930
2.892879
0.244753
2.911030
2.929877
2.902826
0.598666
2.887984
0.068885
2.917357
2.897302
2.924544
2.954269
1.950389
2.893414
2.941173
1.091083
0.001728
2.937904
2.943143
2.731078
2.000589
2.291965
2.958891
2.955536
0.239463
2.984135
2.152350
2.638406
2.625254
0.029899
2.560405
2.525006
3.000622
2.148605
2.959838
2.306154
0.001132
2.179405
2.145259
2.991189
3.006321
3.014594
2.507991
0.003701
0.000027
0.230239
0.017256
2.955381
3.002836
2.343585
2.772221
3.021989
3.032532
2.151664
2.158984
2.132295
3.044651
3.057241
2.161192
3.064899
2.648663
2.135168
2.121791
2.521850
2.155784
1.939675
3.062498
0.358511
0.003037
2.173842
0.083270
3.070072
0.320677
3.076004
3.069906
2.171223
2.158302
1.685538
2.567020
3.064663
3.078314
3.084264
2.181247
3.081742
0.000904
2.784750
3.081576
2.164013
2.527435
2.693261
2.725226
0.414312
3.099269
0.002804
2.162734
2.157076
3.103907
2.163334
0.000804
3.107918
3.074463
2.509611
2.189842
2.175874
1.996155
0.000612
2.826539
2.142951
3.105732
3.077474
2.855041
2.364708
2.134521
2.523609
3.105328
0.005714
0.358402
3.099763
2.836678
3.097976
3.102862
3.057682
3.097458
2.274631
0.001468
3.099985
2.601587
2.070824
2.145609
3.096513
3.106214
2.187105
2.780169
2.172137
2.153433
2.148706
3.098732
3.102863
3.103700
2.161709
3.110675
2.817411
2.759873
3.099151
2.172422
2.753144
3.001258
3.108260
0.314868
0.746281
2.441820
1.946476
0.226195
2.417020
3.041791
3.099350
3.077466
0.021228
0.056496
0.339935
2.984282
0.091552
3.050661
0.029333
2.635324
0.074451
0.000133
2.807682
0.000798
2.635944
1.767817
2.979048
2.797672
2.967485
3.042290
0.203555
3.009601
0.003151
2.662576
0.000003
2.763910
0.039165
0.633882
0.002197
0.004234
3.021495
0.119495
0.484005
0.090960
0.005886
0.006657
0.053845
0.114501
0.010518
0.243076
0.541468
0.247515
0.583907
0.393027
0.484224
0.539413
0.576776
0.565154
0.560845
0.610653
0.655020
0.556367
0.754289
0.779665
0.822616
0.843498
1.094669
1.144117
1.163349
1.147067
1.208159
1.261087
1.284186
1.279396
1.341928
1.343038
1.332264
1.320675
1.329599
1.414552
1.401792
1.482680
1.536833
1.571184
1.600044
1.787847
1.764398
1.756437
1.760892
1.723331
1.767171
1.817819
1.787770
1.856098
1.840717
1.880675
1.881792
1.896774
1.860009
1.904114
1.927093
1.961485
1.924246
1.964084
1.973880
1.979874
1.965202
1.971829
1.965316
1.939682
1.952135
2.073531
2.115280
2.127089
2.144089
2.145526
2.119076
2.154286
2.176472
2.189663
2.221758
2.264858
2.304751
2.319507
2.333947
2.340112
2.330559
2.385585
2.408663
2.410686
2.429417
2.427603
2.440797
2.438490
2.888386
2.865250
2.884906
2.858877
2.889569
2.889740
2.885596
2.879148
2.913323
2.903586
2.890289
2.905878
2.933687
2.902350
2.941733
2.905359
2.936817
2.936221
1.206704
0.000045
2.885916
2.807464
2.841160
2.938383
2.907858
0.583582
2.930772
2.917737
2.293376
2.925811
2.844474
2.959506
2.308377
2.246191
0.346794
2.654105
2.732134
2.734012
0.000900
2.681330
2.885146
2.679759
0.001315
0.000354
2.618435
2.299091
0.022058
2.889761
2.890215
2.919371
2.854347
2.297252
2.543939
2.763394
2.565980
2.226928
0.000026
0.053076
2.347969
2.324976
2.856179
0.004787
2.309956
2.392124
0.000071
2.742826
2.428419
2.378175
2.652283
0.164539
2.692165
2.350081
2.441235
2.762300
0.006047
0.045417
2.420476
2.409450
2.399167
2.681648
2.750036
2.736940
2.477929
2.972727
2.827252
2.984759
2.891580
2.826459
0.000730
2.984437
2.740232
1.329170
2.986098
2.987815
0.021820
3.007289
3.028566
0.000244
2.738358
2.876375
0.000022
0.000000
3.031398
2.943087
3.022851
2.813442
0.197979
2.459326
2.457376
2.756106
0.006290
2.524167
2.429615
2.972483
2.926759
0.001050
2.285929
2.717201
0.079682
3.049156
2.794603
3.034106
3.008494
3.059731
3.042145
3.022646
2.781800
3.080585
3.014087
0.014720
3.085784
0.004470
0.004590
2.538228
3.085962
3.073978
0.032137
0.000025
3.007441
3.093952
0.208516
2.541929
0.000001
2.781058
2.793282
2.555790
3.091346
0.000518
3.077748
3.082200
3.043102
3.090591
3.093252
3.086494
2.452215
3.054614
3.038185
0.051763
2.790978
0.006183
3.002831
0.004504
3.088266
2.561223
0.004066
2.854211
2.563677
2.794562
2.606239
0.053412
3.080281
3.069058
3.020290
2.489933
3.046669
3.067896
2.589388
3.112495
0.004148
3.108545
2.550891
2.553293
2.538433
0.000628
2.466405
2.752235
3.137858
2.556904
2.528681
3.133785
0.609300
3.155864
3.157399
1.991459
3.150723
2.456985
3.155294
2.545280
0.002997
3.159053
3.130599
0.806390
2.446561
2.633284
2.648726
0.003565
3.129236
3.065289
3.166725
3.172114
3.182882
3.169117
2.593253
2.623917
1.937848
2.488129
2.616095
2.925918
2.930133
2.566193
3.176456
2.413808
0.010004
0.002336
2.459769
2.480648
0.000031
2.612697
2.583398
0.089945
3.027431
2.626469
2.651307
3.185297
0.148904
2.684019
3.051495
0.011235
3.194399
2.444676
3.009857
3.149048
2.611892
3.099117
3.086725
3.149570
2.590925
2.540704
3.117144
3.122041
2.982643
3.081040
3.145438
0.319963
2.673532
0.097310
3.054208
2.567077
2.555459
2.999952
3.053230
2.507721
3.107989
2.644519
2.477019
3.193836
1.023646
2.982607
3.175946
2.090754
2.574215
2.693903
3.137849
2.475088
0.019929
2.495588
0.018909
0.001782
2.708293
3.230973
0.057319
3.189275
3.207114
3.180875
2.718266
3.092164
2.495207
2.619112
3.168446
3.227707
0.013902
2.722141
0.005634
2.689839
2.665752
2.662715
3.218346
2.613784
2.723322
3.036947
2.614801
2.597659
3.220427
2.640304
3.158239
2.825362
2.706411
0.414359
0.000220
0.202692
0.004873
0.196114
1.096621
0.049527
0.245046
0.118663
0.093720
1.006812
1.080774
0.963727
1.039438
1.150757
0.234657
0.084657
0.003548
0.318940
0.654056
1.163689
0.523825
1.114044
1.115455
0.723821
0.731530
0.761870
0.740593
1.086931
1.066928
1.343641
0.931915
0.761568
0.065772
0.110513
0.603666
1.324779
1.481873
1.444450
0.109321
0.788730
1.468498
0.054808
0.000100
0.060242
1.502406
1.506369
0.000277
0.184473
0.809422
0.023173
1.434723
1.489951
1.215866
0.012205
1.224391
1.529472
1.510375
1.489427
1.359300
1.118834
1.644987
1.471444
1.749303
1.284550
1.329407
1.313543
0.000001
0.551465
1.570447
1.341537
0.038263
0.424908
1.256872
1.766324
1.349897
0.009648
1.765523
0.001743
0.418433
0.000619
1.457490
1.474683
1.559603
0.281153
1.556473
1.081064
0.689009
0.000053
1.507691
1.452693
1.212864
1.611017
1.398193
1.408070
1.854042
1.605024
1.144512
1.594810
0.101849
1.715964
0.029323
1.027021
1.823195
1.026610
0.819857
0.000299
1.887100
1.876395
1.761668
1.659335
1.697571
1.904339
1.632008
1.447275
1.550320
1.741242
1.596529
0.003685
1.733184
2.009759
1.647127
2.130670
0.464452
1.604015
0.000110
2.184150
1.771377
2.220441
2.234796
2.242926
2.229095
0.858240
2.306866
1.686666
0.007622
0.020349
2.389820
2.461642
0.068308
0.000038
2.306097
1.748209
0.261944
1.715826
1.768640
1.777619
0.000007
2.456546
1.846544
0.091609
0.056356
2.489779
2.504230
1.760168
2.489997
1.705692
1.674543
1.783179
1.712540
0.721258
1.840240
2.515214
1.861948
1.800125
1.713715
1.699716
0.009203
2.553324
1.912000
1.768607
0.573227
0.000051
1.948951
0.001133
0.120975
1.741985
2.532982
2.538225
0.009741
0.094758
2.541038
1.847159
1.969495
0.000735
2.613115
0.374337
2.336637
2.640537
2.000271
1.974831
0.000004
1.983194
1.988289
0.000641
0.009481
2.682509
0.005629
2.685982
1.726997
2.025097
2.678338
1.963019
0.000340
2.704044
1.856463
0.065429
1.744938
2.688677
1.918894
1.646947
2.717147
0.002129
1.300681
1.870312
1.966783
0.098680
2.008736
0.002006
1.795426
0.163779
1.204969
0.977024
1.933271
2.077897
2.053356
0.247217
1.889978
1.578125
2.059336
1.585001
1.581902
2.721076
1.675457
1.605839
0.009514
0.222141
2.299863
2.133672
1.560195
0.000341
2.350255
2.087659
1.704676
1.726781
0.706684
1.622488
1.690633
1.666154
0.027637
1.855244
0.028732
2.702634
2.747570
2.019730
0.004210
0.189116
2.339119
2.058896
1.834609
1.802217
1.685950
1.859077
2.074556
2.756000
0.009213
1.695966
0.001075
2.192137
0.408408
1.786325
1.811871
0.078130
1.919036
1.848792
2.756085
2.072948
2.634898
2.108895
1.648419
2.001061
1.885465
2.230569
2.040182
0.000297
2.174964
2.219921
1.935095
2.181323
1.864163
0.114800
2.285731
2.230291
1.156748
2.068141
1.939855
2.220837
0.028756
2.277524
2.082089
2.110491
2.382635
2.696498
1.094218
2.062870
2.114443
2.081672
2.757518
2.208638
2.598283
2.392378
1.960982
2.231549
2.766260
2.341839
2.007898
0.312359
2.644669
2.202555
2.247799
0.000143
2.096469
0.001410
2.006596
2.069168
2.139861
2.069013
2.380590
1.827178
2.345137
2.275710
2.285765
2.281833
2.351929
1.816272
2.374392
2.308788
0.000244
0.740903
2.385400
2.424352
1.969698
1.821163
2.055718
2.083101
1.945870
2.436288
1.409121
0.416106
2.442649
0.618096
0.027825
0.680549
1.959412
2.320910
1.949718
2.119587
2.390478
0.406201
2.410157
1.911463
2.512643
0.007687
0.177850
2.514756
2.380895
0.038581
1.806886
2.004086
1.510239
1.925055
1.922440
1.948710
1.936715
2.297846
0.050746
0.611324
2.564747
0.037562
0.023143
1.312161
2.104991
0.378634
2.113296
2.070231
2.387238
1.962634
2.304790
2.270195
0.008688
0.000533
2.381627
2.044431
1.041879
2.548028
0.016025
2.415462
2.417642
2.156694
0.081373
0.113934
0.122335
0.039851
0.001305
0.085716
0.000984
0.036838
0.881042
0.638959
0.091170
0.842235
1.005031
1.015780
0.623371
1.028866
1.001119
1.024820
1.052068
1.043236
1.106150
1.154275
0.976154
1.095529
0.889507
1.467542
1.487898
1.520870
1.499900
1.492076
1.867641
1.579981
0.908026
1.608515
1.639819
1.646476
1.858483
1.709085
1.888393
1.860641
1.846040
1.852165
1.898435
1.911425
1.867263
1.948178
1.944435
1.939561
1.949504
1.874239
2.176615
2.197301
1.931158
2.235160
2.199380
2.212264
2.174185
2.195105
2.236986
2.243872
2.248638
2.259584
2.035629
2.312533
2.068824
2.054400
2.285793
2.376696
2.396399
2.406556
2.097218
2.407697
2.398717
2.128171
2.608763
2.578911
2.581024
2.561851
2.616880
2.593165
2.113482
2.630602
2.625117
2.644710
2.562288
2.635538
2.653851
2.622046
2.649471
2.656997
2.662984
2.689221
2.670034
2.665740
2.701500
2.602333
2.670587
2.560456
2.694660
2.697345
2.727590
2.262549
2.755761
2.771098
2.770959
2.734541
2.768063
2.726563
2.741636
2.664701
2.763936
2.751816
2.756513
2.730746
2.352609
2.786292
2.785475
2.646554
2.643939
2.790768
2.784093
2.777715
2.737773
2.820234
2.610150
2.812080
2.810042
2.638843
2.657406
2.768684
2.837078
2.887199
2.653940
2.732506
2.885589
2.888739
2.839349
2.821375
2.732319
2.900927
2.613723
2.796804
2.732123
2.865770
2.893354
2.938351
2.941329
2.836101
2.772439
2.523566
2.792345
2.606997
2.842838
2.845288
2.814875
2.868636
2.738868
2.930553
2.613259
2.864013
2.993123
2.995888
3.015911
3.036482
3.050026
3.082314
2.739859
2.808386
3.116444
2.807090
3.151369
3.146214
3.155627
3.163429
2.839606
3.176934
3.157700
3.182787
3.169839
3.186856
3.189330
3.180666
2.817215
3.194436
3.177096
3.204811
3.196866
3.210724
3.203369
3.204719
2.789618
3.181620
2.904494
3.176975
2.827495
2.887136
3.214984
3.209041
3.189258
2.897360
3.211761
2.908392
3.260166
3.194839
3.252014
3.251904
3.254304
2.910895
2.853441
2.886827
3.261623
3.270561
3.286937
2.911301
3.286304
2.880302
3.226742
3.214842
3.283174
2.888867
3.226164
3.282958
3.197098
3.273886
2.865290
2.924947
3.216062
3.287993
3.287729
3.278026
2.847095
3.298689
3.278095
3.280226
3.281738
3.291504
2.935653
3.284274
3.274443
3.268538
3.267002
2.923818
3.296592
3.276721
2.927135
2.955442
2.949591
3.295602
3.253799
3.258143
3.282199
3.286473
3.264009
3.280830
2.901089
3.305346
3.289145
3.264490
3.269533
3.302406
2.930956
2.941855
3.309900
3.279023
2.854308
3.260510
3.304458
3.246639
3.279105
2.915567
3.272006
2.886842
3.253654
3.307342
2.895873
3.310203
3.310753
3.303113
3.302618
3.291420
3.269786
2.877161
3.304437
2.925761
3.286052
3.293146
3.302752
3.296897
2.774386
3.305217
3.288466
2.876876
3.286570
3.300370
2.938765
3.295081
2.924662
3.281706
3.281796
2.816889
3.301008
2.892566
2.897969
3.310051
2.859152
2.858532
3.290291
3.285660
2.734598
2.755691
3.260381
3.296955
3.298575
3.289229
3.290181
2.776918
3.270670
3.283039
3.211918
3.291000
3.271940
3.300017
3.269922
2.881344
3.197742
3.273031
3.274226
3.284297
3.293961
3.279394
3.302967
3.264639
3.253549
3.276944
3.315072
3.257139
2.732977
3.273646
3.269313
3.265311
3.292981
3.256819
3.251829
3.238107
3.237207
3.251553
3.191316
2.416061
3.265149
3.030814
3.250778
3.300081
3.094803
3.278704
3.219971
3.308027
3.284425
3.159086
3.272611
3.265306
2.905208
3.007046
3.116460
3.251878
3.292941
3.281472
3.276273
3.287896
3.271197
3.011709
3.182350
3.261772
3.255571
3.270300
3.259360
3.157359
3.192757
3.165534
3.306048
3.252883
3.269877
3.230792
3.252152
3.273901
3.296110
3.015614
3.281036
3.098332
3.247124
3.256346
3.300037
3.092901
2.990113
3.280223
3.050543
3.105355
3.041859
3.049190
3.274850
3.262729
3.074440
0.527499
0.141710
0.003183
0.015626
0.215720
0.344973
0.002247
0.194306
0.002640
0.566221
0.534506
0.481472
0.628362
0.646176
0.629818
0.705893
0.688437
0.636763
0.637042
0.563005
0.851434
0.901229
0.950522
0.975550
0.964153
1.038826
1.102090
1.152534
1.191201
1.159292
1.232244
1.182669
1.306221
1.334065
1.397672
1.408998
1.391367
1.416237
1.394832
1.449232
1.534118
1.622333
1.649901
1.701656
1.711911
1.739017
1.745650
1.802023
1.830770
1.824713
2.608914
2.579300
2.612332
2.619682
2.643384
2.604604
2.944858
2.945713
2.945090
2.676806
2.704502
2.971665
0.872830
2.437673
2.942043
1.085282
2.471632
2.950175
2.959474
2.418907
2.971402
0.093898
0.727137
2.972135
0.000064
2.953847
2.979193
0.022453
2.447409
0.002598
2.463066
0.000017
1.146147
0.018584
2.978042
0.052950
2.496935
0.000408
2.980122
0.009181
0.102014
2.982361
0.006256
0.006204
2.980397
2.980726
2.989772
0.000183
2.981445
2.427428
0.038022
0.001026
2.999184
3.020522
2.488596
0.018666
2.498332
2.481000
3.041398
2.501245
0.116834
2.479901
3.053257
3.061277
3.069966
0.017716
3.072816
0.004694
0.023857
3.032676
0.024865
0.000749
0.000030
0.111764
3.029209
0.006937
0.027070
0.005562
0.002784
3.034224
3.029340
2.477970
3.026433
3.068093
0.013892
0.042834
3.035741
3.073568
1.419941
3.031010
3.039670
0.023205
2.490086
0.008500
3.039293
0.006740
3.072074
3.065277
0.920761
0.022221
2.711774
3.075866
1.569506
2.662486
3.084397
2.565528
2.507084
2.590642
2.622431
2.522172
3.095355
3.103710
3.042798
3.115102
3.124752
3.123035
2.653132
3.137144
3.142606
3.138265
2.720191
3.136721
2.462980
2.686734
3.151813
3.156089
3.160568
2.761397
2.737838
3.158093
1.808109
2.455521
2.819556
3.162285
1.672165
2.542043
0.003824
3.160497
2.547736
2.584389
0.044625
3.159384
3.158715
2.864496
3.155594
2.869714
3.154536
2.583979
2.909778
3.105548
2.876925
2.559558
2.567200
3.160793
3.152648
3.152133
2.642336
2.591056
2.814815
3.163689
2.620568
2.788424
0.014259
2.512740
2.843518
3.156609
2.632911
2.572142
2.605680
3.146204
3.139475
3.168851
3.163338
2.168565
2.672508
2.650163
2.654613
2.525230
2.614061
2.955818
2.709497
3.168864
3.171351
2.959603
2.999941
2.898437
2.698697
3.052418
2.862299
3.166757
2.731169
2.808034
2.612386
3.158997
2.806920
2.737748
2.715278
3.021500
3.140736
2.558959
2.738608
3.025285
2.601525
2.634540
2.740765
2.806055
2.311337
3.040158
0.001893
2.637992
3.159624
3.152156
3.058855
2.642264
2.707682
1.845693
3.132598
2.751456
2.683872
3.152477
2.827321
0.191642
2.925206
2.786516
0.013256
2.659247
3.036585
2.767306
3.064129
3.158131
3.147689
2.580149
2.830869
2.604437
0.380359
2.770680
3.197596
3.206373
3.161270
0.000227
3.077726
3.210858
3.051443
3.065547
2.574354
3.208767
2.611415
2.665473
2.682238
3.205461
2.838814
3.218936
2.918641
3.213396
3.225331
3.174986
3.213920
2.574312
2.626804
2.612611
2.444710
2.641182
2.802747
3.221278
3.214663
2.567304
2.957694
1.759218
2.841781
3.094099
3.230585
3.222260
3.189332
3.117674
3.240211
2.596360
2.652954
2.955625
2.558387
1.900570
3.107509
3.248774
2.953047
2.648919
3.105213
2.998423
2.727699
3.252251
2.968193
0.009898
0.020052
3.239278
3.242880
2.739499
2.943874
2.825852
3.246078
3.117072
3.118586
3.253526
3.125090
3.104532
2.700014
2.711060
2.948178
3.132392
2.774911
0.088516
2.713565
2.798271
3.021664
0.000278
2.713236
3.138557
2.837965
2.974167
3.142850
3.243944
0.000012
0.000023
2.874909
2.977615
3.231452
2.695519
3.246432
2.967197
3.010119
3.152113
2.918633
2.795552
2.982964
3.145088
3.235825
2.514215
3.043177
3.245250
2.724368
2.740657
3.224011
3.062843
3.010951
3.145515
2.875187
3.235850
3.241878
3.145880
2.750830
0.016008
3.263211
2.660199
0.185003
0.000117
0.093630
0.077221
1.306804
0.049112
0.426792
0.010554
0.090634
0.115396
0.373133
0.356737
0.534344
0.621744
0.600736
0.614394
0.594133
0.629897
0.680440
0.549634
0.815019
0.849976
0.888962
0.898823
0.885791
0.925522
0.877819
0.910575
0.999979
1.079504
1.122686
1.112345
1.148490
1.230976
1.216875
1.305542
1.314825
1.314938
1.324075
1.309310
1.345409
1.337799
1.403778
1.478416
1.511766
1.522750
1.513792
1.549599
1.517039
1.593257
1.651427
1.686804
1.705661
1.748447
1.762575
1.768785
1.799170
1.794316
1.794728
1.798570
1.758156
1.844675
1.863624
1.872030
1.860509
1.856426
1.930387
1.879889
1.957247
2.012564
2.040754
2.062608
1.014435
2.336112
2.321650
2.270361
2.174686
2.655180
2.644272
1.172424
2.691536
2.651578
2.205641
2.636087
2.754232
2.715684
2.530515
1.550257
2.229762
0.691360
2.723847
0.285002
0.000068
2.738081
2.758461
0.072660
2.232718
2.754001
2.596451
0.000436
2.276076
0.287165
0.001054
0.233723
2.199571
2.517585
2.229508
2.729259
2.719423
2.777730
0.051645
2.823345
2.259925
2.687295
0.967788
0.017319
2.372016
2.843821
2.695167
2.684847
2.819495
2.758165
2.731052
2.817490
2.826332
2.809513
2.834614
2.761446
0.000293
0.000103
0.003770
2.823577
0.000193
2.347586
0.044927
0.201346
0.002755
2.821808
0.000007
0.551634
2.867751
2.784749
2.930361
0.000079
0.017693
2.409077
2.879705
0.001464
0.192520
2.941638
2.820535
2.922061
2.947734
2.917180
2.935647
2.912636
0.254226
2.364072
2.925741
2.898474
2.961364
1.686927
2.348472
1.880486
2.938268
0.000217
0.000978
0.862339
0.031107
2.359464
1.901475
2.938905
0.047782
2.239567
1.803358
2.463578
1.586018
2.450308
2.986234
2.501135
2.963283
2.989328
2.937762
2.705480
2.935726
2.764216
2.514542
2.956664
0.001725
3.017798
2.541920
2.540857
2.212544
2.484910
2.757969
2.992015
2.511942
2.318148
3.028510
3.027065
2.743657
2.960791
2.564801
2.939827
2.909191
3.025923
2.585419
2.481469
2.948360
2.491821
2.484965
2.538244
2.754065
2.949722
2.581444
2.578314
2.651379
2.626578
2.625403
2.951082
1.814829
2.081134
2.951772
0.084779
2.543733
2.708857
2.520434
2.979150
2.531241
2.495310
2.910661
2.981889
0.001167
2.967569
3.053982
3.051451
2.504145
2.937338
2.625056
0.031642
1.904721
2.658677
2.970280
2.694269
3.007298
2.536953
0.000052
0.000302
2.706321
2.706557
0.659587
2.425399
2.660684
2.996293
0.000544
0.002104
2.522812
0.001003
3.028758
3.087094
1.227636
2.973081
3.089959
0.007161
2.788602
3.086173
2.539431
2.959778
2.646756
2.953030
2.983787
2.657202
0.016481
0.019012
0.076624
0.024970
2.580242
2.776425
2.766924
2.760482
2.731281
2.707402
3.100459
2.810935
2.728346
2.975671
0.000013
0.312920
2.630278
2.993081
0.005226
2.959832
3.096009
2.944067
2.732256
0.000283
2.681788
2.679789
2.698237
2.817189
2.651142
2.649200
2.732927
3.106824
0.147831
0.000022
2.754057
0.150832
0.003000
0.020650
2.729899
3.088676
1.935543
1.426980
3.102831
2.629162
2.735862
3.087086
2.736281
0.008858
2.839877
3.044564
0.840298
3.012000
3.049175
0.247057
2.704996
0.061678
0.165522
3.204707
2.831245
2.789507
2.808368
3.189833
2.793071
0.207104
3.117549
2.786786
0.000037
3.141672
0.017477
0.003124
2.897196
3.217294
0.003976
0.835516
0.000911
0.000383
3.198851
3.159649
0.015491
0.001993
2.846593
3.194523
0.008250
0.001306
3.127024
0.044823
3.108165
2.866873
0.001718
3.151753
2.913500
2.788205
2.872536
0.000005
0.127549
2.791533
2.550670
2.601662
2.922917
2.915575
0.000394
2.656681
3.146196
2.852639
0.091575
2.835816
0.072348
3.213281
0.034615
3.104899
0.000154
2.919271
2.826095
2.687856
3.127339
0.006056
3.170577
0.001617
2.589225
2.948000
3.146063
2.660559
2.633959
2.578668
2.920416
0.110317
3.100180
2.872544
