16.151000
15.642000
15.686000
18.189000
19.479000
19.575000
21.729000
20.040000
20.427000
23.861000
22.271000
23.812000
24.783000
25.747000
25.667000
26.958000
29.271000
30.046000
29.896000
30.583000
32.861000
31.542000
33.576000
35.298000
35.478000
35.585000
36.063000
37.812000
38.755000
39.531000
39.998000
41.922000
43.266000
43.912000
44.577000
46.305000
47.711000
46.373000
48.396000
49.806000
50.105000
51.244000
52.687000
53.426000
54.128000
56.441000
56.661000
56.751000
57.144000
58.574000
62.090000
62.056000
63.620000
66.008000
67.647000
66.747000
68.060000
67.852000
70.177000
70.613000
71.594000
73.681000
72.568000
76.653000
74.399000
77.836000
77.839000
80.164000
80.148000
81.486000
82.781000
82.681000
85.141000
86.134000
86.316000
88.501000
87.066000
90.751000
91.357000
99.398000
95.747000
93.787000
95.245000
97.725000
96.033000
100.638000
100.944000
102.730000
103.279000
104.290000
106.182000
109.529000
113.156000
110.930000
108.969000
111.471000
125.933000
115.150000
114.131000
117.077000
116.127000
119.869000
118.151000
119.190000
121.552000
125.516000
125.830000
126.967000
128.751000
129.224000
128.589000
132.197000
131.519000
136.971000
135.757000
138.013000
136.616000
140.789000
138.580000
142.037000
143.687000
146.065000
147.136000
147.339000
147.881000
151.302000
151.208000
157.769000
158.525000
157.533000
158.349000
159.065000
162.783000
164.644000
163.727000
165.562000
164.003000
166.642000
168.629000
173.348000
170.855000
173.008000
181.060000
184.224000
184.641000
189.164000
181.914000
193.757000
187.270000
186.096000
199.191000
192.409000
188.956000
191.124000
192.741000
201.523000
210.604000
210.800000
209.033000
207.100000
210.099000
210.023000
217.087000
211.866000
215.687000
215.201000
212.994000
214.329000
217.823000
220.610000
217.940000
221.778000
221.819000
224.977000
226.166000
228.841000
229.645000
233.621000
230.315000
236.744000
234.057000
235.762000
236.899000
242.706000
241.690000
247.283000
240.433000
259.919000
242.925000
248.167000
247.092000
255.558000
253.419000
256.028000
255.323000
261.013000
258.285000
259.804000
262.015000
267.680000
265.159000
273.713000
286.022000
282.821000
269.888000
277.215000
276.396000
280.272000
282.742000
283.786000
283.570000
286.679000
285.577000
289.771000
286.415000
304.311000
302.923000
313.776000
299.836000
310.953000
312.179000
312.410000
306.938000
310.814000
308.235000
315.438000
315.136000
322.131000
315.676000
322.873000
326.297000
328.182000
328.707000
330.093000
330.596000
338.880000
336.452000
336.457000
336.032000
344.520000
348.866000
366.297000
370.089000
357.672000
347.435000
348.672000
349.789000
353.727000
348.809000
358.253000
361.765000
365.453000
364.890000
362.825000
361.002000
370.782000
366.918000
375.509000
374.173000
379.972000
378.749000
379.097000
385.566000
389.581000
439.555000
418.836000
394.333000
401.435000
397.648000
399.983000
399.234000
405.151000
404.775000
409.805000
411.131000
424.559000
414.566000
417.597000
415.453000
421.475000
430.318000
455.372000
456.138000
449.106000
436.271000
457.538000
446.164000
460.681000
441.893000
446.216000
440.378000
449.065000
442.098000
447.732000
447.415000
456.167000
453.075000
454.960000
455.826000
461.056000
479.943000
483.503000
469.298000
466.389000
471.386000
475.425000
476.389000
484.448000
482.430000
485.417000
484.286000
501.483000
501.806000
496.568000
499.381000
505.554000
508.470000
512.721000
509.935000
510.961000
523.395000
526.905000
523.985000
537.089000
536.966000
517.308000
513.151000
521.279000
515.817000
523.590000
525.319000
542.903000
544.723000
558.755000
532.971000
543.754000
546.648000
553.089000
547.932000
564.154000
558.752000
565.376000
565.898000
574.167000
569.995000
574.864000
595.728000
586.474000
580.337000
591.758000
579.963000
591.966000
590.120000
595.317000
611.343000
595.242000
591.066000
593.392000
594.695000
610.185000
604.542000
621.411000
604.161000
613.743000
605.003000
612.122000
630.398000
660.714000
627.273000
628.592000
623.948000
633.219000
634.480000
641.189000
650.523000
646.650000
639.442000
666.298000
655.659000
662.370000
650.579000
655.718000
649.667000
668.258000
664.129000
665.528000
672.440000
665.769000
670.381000
677.331000
14.525000
14.879000
14.878000
16.588000
16.944000
18.852000
18.398000
19.286000
20.678000
21.339000
21.838000
22.739000
24.431000
24.836000
25.048000
25.525000
27.091000
27.875000
27.984000
33.186000
31.751000
31.908000
32.804000
34.550000
35.568000
38.855000
37.726000
37.276000
38.427000
40.141000
40.027000
43.963000
42.728000
44.200000
44.781000
44.716000
48.496000
48.760000
47.931000
49.681000
51.314000
53.660000
52.137000
52.689000
54.790000
56.124000
57.805000
58.905000
57.921000
58.939000
59.478000
61.654000
60.435000
64.255000
63.004000
66.053000
66.816000
66.624000
68.143000
68.873000
71.129000
80.217000
78.685000
76.241000
74.230000
78.012000
77.389000
78.138000
79.980000
80.857000
80.411000
87.657000
83.478000
86.828000
87.771000
87.499000
88.789000
93.696000
89.600000
93.512000
92.502000
94.144000
94.285000
96.853000
98.167000
101.411000
101.524000
105.058000
101.443000
108.147000
110.320000
108.843000
107.070000
110.754000
110.575000
113.868000
115.201000
122.325000
118.875000
121.312000
116.540000
121.907000
117.889000
124.325000
122.689000
126.186000
124.564000
130.032000
125.972000
131.346000
129.219000
135.713000
133.079000
136.335000
135.884000
140.310000
137.838000
142.321000
143.697000
146.284000
146.286000
149.527000
147.698000
151.435000
153.305000
157.709000
153.480000
153.724000
156.322000
157.752000
157.818000
162.030000
158.823000
162.726000
162.927000
165.246000
169.155000
169.871000
168.328000
171.752000
171.921000
170.978000
175.881000
179.773000
175.791000
181.612000
184.717000
183.083000
183.600000
184.639000
183.931000
198.804000
186.686000
193.319000
192.711000
196.639000
193.562000
194.415000
196.409000
201.118000
198.959000
205.240000
208.068000
208.886000
209.869000
210.612000
210.362000
212.822000
215.129000
229.981000
222.090000
228.252000
219.476000
226.357000
221.768000
223.454000
225.993000
233.755000
232.508000
235.186000
233.194000
237.055000
241.913000
240.431000
246.644000
247.456000
247.660000
252.145000
262.184000
252.232000
254.313000
254.173000
252.417000
261.275000
257.383000
262.327000
260.843000
269.227000
264.288000
267.273000
269.645000
275.383000
272.261000
277.036000
275.141000
283.102000
275.663000
281.607000
284.134000
285.559000
283.772000
288.677000
287.120000
287.503000
293.018000
294.237000
292.714000
307.035000
302.105000
300.793000
298.587000
301.407000
315.070000
309.888000
311.408000
362.156000
317.515000
315.745000
314.029000
316.824000
316.639000
332.447000
339.045000
339.954000
331.377000
331.797000
329.567000
336.135000
335.687000
352.657000
348.360000
348.317000
354.971000
351.129000
343.562000
355.803000
354.035000
356.692000
355.905000
364.174000
361.607000
371.873000
366.144000
370.458000
368.959000
375.865000
393.807000
397.260000
378.522000
390.030000
379.318000
390.823000
383.649000
384.029000
402.275000
388.595000
389.233000
402.600000
403.273000
396.840000
392.028000
404.971000
401.900000
406.354000
402.947000
411.291000
407.047000
414.795000
410.517000
426.860000
425.921000
446.414000
427.184000
435.917000
448.253000
430.924000
430.737000
440.507000
433.898000
446.800000
447.924000
452.622000
443.603000
450.275000
448.264000
467.823000
457.303000
475.909000
461.216000
468.950000
463.791000
474.323000
493.638000
481.254000
475.058000
475.811000
487.843000
476.188000
478.425000
479.767000
482.972000
484.703000
487.060000
496.785000
501.000000
510.509000
503.319000
503.396000
509.164000
517.974000
517.402000
521.520000
518.019000
548.157000
532.270000
517.993000
522.679000
534.377000
531.266000
545.877000
537.424000
544.100000
539.989000
562.279000
556.561000
547.890000
546.035000
551.025000
544.309000
553.046000
549.602000
554.101000
562.895000
580.479000
584.293000
576.047000
567.340000
573.902000
576.841000
598.731000
584.591000
591.086000
586.490000
596.188000
608.648000
610.781000
591.126000
627.324000
600.595000
618.891000
603.608000
613.788000
625.820000
613.591000
607.200000
618.597000
605.203000
621.249000
622.474000
657.962000
631.054000
627.303000
627.078000
625.364000
628.040000
660.230000
637.544000
664.587000
654.502000
659.285000
653.079000
663.677000
685.447000
673.273000
678.472000
682.491000
677.495000
698.683000
672.613000
671.869000
14.201000
14.541000
15.312000
16.396000
17.796000
19.073000
19.205000
18.930000
20.631000
21.999000
22.468000
23.398000
24.710000
25.457000
27.023000
27.057000
27.089000
28.312000
31.879000
30.566000
30.574000
33.083000
32.344000
33.442000
34.144000
36.382000
36.123000
38.035000
37.913000
40.397000
41.464000
40.915000
42.201000
42.558000
43.129000
45.071000
47.138000
47.269000
47.877000
49.253000
49.929000
53.605000
53.560000
53.116000
53.766000
54.973000
56.611000
56.876000
58.156000
59.292000
60.160000
62.084000
63.110000
63.457000
65.202000
65.219000
66.415000
68.224000
68.377000
69.462000
70.857000
73.255000
72.330000
73.588000
75.182000
76.018000
76.241000
78.626000
78.803000
81.491000
81.272000
81.736000
83.780000
85.829000
83.822000
88.277000
88.372000
88.542000
88.953000
91.537000
92.522000
96.451000
99.118000
101.196000
99.853000
103.405000
103.533000
116.699000
103.742000
104.514000
105.451000
107.239000
110.619000
107.495000
106.779000
111.538000
110.114000
113.865000
112.969000
118.197000
126.078000
123.621000
117.984000
123.663000
121.243000
126.930000
124.905000
129.406000
130.614000
132.140000
129.392000
134.540000
133.686000
135.423000
134.013000
138.492000
140.744000
148.368000
143.526000
147.777000
150.247000
148.665000
152.754000
157.015000
147.536000
152.866000
150.854000
156.186000
154.740000
158.523000
156.843000
160.890000
157.848000
164.815000
164.920000
168.240000
171.513000
170.096000
168.273000
171.458000
175.219000
174.549000
177.604000
177.154000
178.034000
186.487000
181.624000
187.812000
183.766000
185.834000
188.091000
192.907000
198.693000
198.370000
192.011000
201.367000
198.246000
199.642000
199.964000
204.897000
203.635000
205.713000
206.938000
210.532000
218.816000
209.850000
210.448000
216.087000
220.457000
227.956000
227.907000
227.755000
221.350000
223.227000
222.662000
227.791000
226.242000
226.436000
226.042000
231.440000
232.320000
231.778000
232.577000
245.226000
241.951000
243.131000
240.438000
245.680000
249.097000
263.760000
254.887000
268.613000
273.452000
258.670000
255.686000
259.286000
259.957000
268.383000
260.933000
272.531000
266.771000
270.155000
274.985000
280.528000
274.968000
278.112000
275.902000
286.289000
282.310000
286.829000
291.931000
288.433000
290.788000
298.612000
297.696000
297.523000
298.564000
306.755000
305.758000
311.164000
309.691000
308.400000
306.258000
318.509000
312.961000
319.493000
314.826000
323.689000
319.896000
320.996000
323.033000
322.575000
322.779000
329.071000
326.342000
329.234000
331.652000
332.812000
335.243000
340.871000
332.799000
341.651000
343.825000
363.866000
355.115000
356.687000
342.232000
354.987000
358.517000
368.347000
363.304000
365.593000
362.811000
369.941000
362.227000
372.002000
379.109000
381.762000
380.011000
377.943000
381.332000
393.293000
380.132000
389.790000
385.274000
404.152000
399.706000
402.036000
404.183000
406.561000
398.334000
428.863000
421.790000
418.457000
413.386000
414.719000
410.676000
412.804000
427.263000
431.032000
428.804000
428.359000
427.144000
436.270000
428.136000
439.094000
424.696000
434.991000
434.310000
444.066000
439.150000
446.632000
447.655000
445.663000
460.679000
466.222000
456.081000
467.041000
468.410000
494.024000
482.394000
479.866000
482.784000
477.451000
477.017000
484.532000
481.905000
480.032000
482.165000
496.365000
487.074000
497.819000
498.109000
512.359000
492.984000
526.108000
499.755000
500.187000
492.679000
527.908000
504.931000
512.929000
514.464000
515.807000
510.360000
527.498000
527.033000
529.191000
525.225000
534.819000
528.435000
546.206000
537.511000
541.424000
547.016000
550.520000
549.983000
557.628000
569.532000
569.312000
561.704000
569.006000
563.301000
569.031000
561.978000
603.788000
590.368000
568.475000
583.764000
601.872000
576.657000
581.688000
573.539000
597.798000
586.879000
599.111000
584.383000
590.775000
593.360000
606.268000
603.974000
614.970000
622.011000
624.928000
619.281000
625.489000
621.386000
634.452000
649.702000
648.710000
634.039000
636.269000
632.498000
631.808000
633.166000
652.120000
638.053000
646.546000
642.667000
663.338000
645.992000
649.799000
648.141000
660.200000
663.592000
668.942000
683.705000
713.138000
672.455000
675.610000
14.010000
15.994000
15.053000
16.615000
17.857000
18.577000
18.624000
20.198000
19.916000
22.017000
21.642000
23.371000
23.826000
25.149000
25.922000
28.674000
26.188000
29.041000
30.265000
31.500000
30.938000
31.853000
32.780000
34.373000
34.263000
36.098000
36.351000
37.455000
38.986000
39.268000
42.278000
41.748000
41.948000
43.975000
44.022000
45.260000
47.133000
49.981000
53.518000
49.634000
50.649000
54.540000
51.395000
53.236000
53.589000
56.042000
55.344000
57.096000
58.853000
59.587000
61.071000
61.030000
64.990000
63.802000
64.570000
67.502000
65.099000
68.301000
71.190000
70.016000
73.157000
73.035000
73.420000
74.088000
77.015000
76.639000
76.745000
79.575000
80.002000
81.619000
82.446000
84.473000
83.554000
84.327000
85.998000
88.832000
91.485000
89.952000
91.405000
93.136000
92.400000
94.872000
95.167000
96.272000
100.634000
101.960000
100.294000
103.007000
103.422000
104.439000
104.508000
106.065000
106.199000
108.943000
111.653000
110.846000
111.929000
115.754000
114.328000
116.702000
115.231000
118.354000
121.346000
129.029000
120.832000
126.713000
123.140000
127.027000
126.349000
129.179000
127.977000
132.995000
132.187000
134.803000
136.070000
140.809000
137.535000
141.335000
140.504000
144.866000
153.029000
151.047000
149.830000
154.005000
153.751000
152.213000
151.879000
156.602000
153.194000
156.716000
158.034000
160.731000
158.330000
162.770000
163.762000
164.627000
163.376000
166.834000
167.753000
173.652000
171.238000
172.966000
172.234000
182.033000
175.590000
182.971000
180.390000
189.161000
194.649000
200.239000
200.812000
197.015000
188.631000
194.055000
226.023000
205.762000
204.487000
199.957000
198.375000
208.131000
212.918000
207.215000
204.892000
208.694000
209.362000
213.370000
212.599000
213.251000
217.810000
221.668000
221.676000
233.053000
231.138000
234.586000
223.921000
229.468000
230.158000
234.141000
236.087000
239.563000
235.932000
243.528000
240.754000
241.675000
243.038000
246.388000
244.057000
248.447000
244.881000
247.248000
262.491000
252.967000
253.105000
257.466000
259.410000
263.073000
260.902000
263.289000
263.928000
264.512000
264.166000
270.190000
270.986000
272.411000
270.945000
275.250000
275.035000
280.486000
282.280000
296.616000
300.284000
290.263000
296.035000
294.127000
292.120000
302.347000
300.966000
299.216000
297.875000
321.608000
303.623000
307.628000
307.402000
307.899000
310.531000
317.656000
314.395000
321.941000
324.154000
328.667000
322.683000
347.490000
338.458000
332.711000
334.817000
356.878000
343.297000
344.371000
337.089000
346.283000
350.710000
351.727000
351.258000
388.371000
369.678000
354.800000
352.760000
352.932000
354.041000
361.132000
358.213000
363.723000
358.411000
364.009000
366.969000
371.712000
368.368000
376.621000
374.114000
387.574000
397.912000
383.531000
390.061000
384.826000
389.422000
404.897000
389.310000
410.710000
414.148000
408.782000
404.945000
408.827000
414.312000
416.644000
415.129000
414.659000
419.124000
422.980000
419.529000
431.190000
431.077000
440.531000
433.194000
439.920000
438.930000
447.961000
440.114000
440.041000
445.388000
446.334000
442.651000
451.588000
446.731000
450.683000
445.856000
458.454000
479.775000
490.414000
481.612000
472.601000
459.206000
469.320000
472.168000
476.371000
489.368000
489.929000
478.688000
499.425000
488.035000
499.171000
518.571000
494.982000
494.211000
500.288000
505.935000
510.172000
502.209000
525.345000
523.473000
524.242000
515.734000
521.197000
517.968000
537.309000
524.140000
520.684000
513.623000
544.841000
521.565000
530.915000
534.707000
535.703000
531.904000
540.877000
555.534000
566.789000
548.055000
561.987000
559.078000
557.140000
552.188000
559.563000
559.703000
572.069000
581.766000
606.337000
593.701000
586.549000
587.971000
585.245000
586.818000
589.795000
591.198000
592.273000
585.599000
600.954000
613.989000
597.192000
598.310000
601.048000
604.965000
623.987000
655.290000
644.745000
615.664000
618.989000
617.586000
624.209000
630.046000
632.448000
629.760000
645.023000
631.800000
635.511000
643.440000
650.250000
649.406000
686.915000
698.586000
687.544000
655.030000
652.030000
649.474000
666.532000
658.581000
667.180000
665.212000
723.426000
672.282000
669.242000
14.445000
14.771000
14.891000
16.476000
16.710000
17.874000
18.787000
19.846000
20.465000
21.465000
23.614000
23.927000
23.845000
24.906000
25.977000
26.752000
25.843000
28.222000
30.324000
30.090000
31.824000
32.438000
32.214000
33.681000
34.623000
35.897000
37.551000
38.854000
37.556000
40.226000
39.359000
42.149000
42.944000
44.801000
45.162000
45.662000
45.757000
47.706000
49.308000
48.464000
50.015000
50.868000
52.955000
53.247000
53.174000
55.809000
55.890000
57.729000
59.465000
60.769000
61.208000
60.631000
62.473000
65.328000
64.379000
66.179000
69.918000
68.253000
68.065000
75.602000
69.755000
73.971000
73.823000
80.057000
74.947000
79.406000
81.977000
81.139000
79.912000
82.562000
83.138000
82.918000
89.898000
86.510000
88.459000
97.714000
90.130000
92.422000
92.137000
92.377000
94.209000
97.316000
94.597000
98.721000
97.772000
102.112000
101.448000
106.330000
102.919000
104.307000
106.657000
109.494000
107.788000
109.887000
110.193000
113.754000
113.343000
115.617000
120.710000
122.713000
116.180000
118.917000
119.978000
122.983000
126.979000
125.062000
126.442000
126.082000
127.963000
131.572000
128.827000
133.936000
134.010000
138.602000
135.232000
141.778000
141.485000
142.563000
142.421000
145.503000
148.073000
145.747000
148.704000
151.474000
148.397000
153.897000
153.069000
155.103000
155.289000
157.261000
159.225000
163.005000
162.373000
163.585000
161.420000
165.813000
165.587000
172.065000
179.950000
173.340000
172.292000
173.049000
173.077000
176.788000
178.698000
181.396000
178.687000
183.719000
184.592000
190.003000
185.708000
198.501000
195.435000
195.101000
193.748000
195.207000
194.494000
196.375000
196.718000
203.828000
203.028000
204.309000
206.145000
206.974000
209.302000
210.921000
210.547000
216.584000
218.154000
230.629000
225.618000
229.519000
219.010000
224.321000
228.403000
238.356000
229.316000
236.810000
240.557000
234.822000
232.326000
236.765000
236.926000
241.567000
241.164000
252.666000
262.162000
260.323000
254.687000
250.543000
251.638000
257.414000
254.896000
259.645000
262.756000
270.891000
276.634000
267.407000
266.081000
269.115000
273.036000
279.693000
273.179000
277.629000
279.243000
281.753000
277.562000
282.372000
283.815000
291.863000
281.431000
289.809000
289.174000
288.972000
292.244000
300.531000
299.243000
306.488000
304.744000
305.203000
300.434000
302.854000
303.055000
309.098000
310.489000
315.145000
310.786000
315.777000
316.442000
317.806000
318.234000
333.565000
327.341000
337.265000
331.280000
343.788000
333.986000
343.170000
341.264000
342.905000
345.701000
350.586000
352.150000
364.685000
351.424000
348.167000
364.374000
369.780000
364.437000
367.381000
362.754000
372.825000
365.152000
373.240000
375.197000
380.043000
378.747000
391.005000
376.334000
391.878000
381.280000
388.925000
383.536000
385.939000
396.407000
397.997000
385.878000
400.798000
390.908000
398.612000
397.480000
403.960000
406.544000
413.093000
416.880000
419.508000
418.379000
465.904000
417.611000
431.143000
422.024000
431.352000
428.970000
432.834000
445.097000
457.147000
446.182000
446.367000
445.846000
447.167000
448.503000
454.158000
454.832000
460.289000
454.449000
463.900000
463.096000
469.017000
481.009000
487.631000
476.010000
496.323000
468.106000
473.857000
465.999000
484.797000
472.104000
486.706000
479.938000
491.913000
494.655000
508.562000
516.996000
503.468000
491.055000
505.876000
497.526000
503.416000
521.634000
525.533000
509.873000
530.515000
515.452000
532.241000
524.659000
527.223000
523.219000
541.704000
535.061000
541.052000
539.871000
545.186000
535.319000
562.792000
539.868000
546.123000
542.353000
554.766000
572.983000
557.402000
551.207000
554.619000
552.281000
583.147000
560.683000
567.435000
570.095000
589.076000
593.567000
574.598000
580.531000
587.392000
587.274000
591.777000
596.484000
601.606000
593.412000
604.874000
599.641000
613.814000
635.103000
630.104000
614.740000
615.986000
615.657000
614.624000
608.593000
621.687000
620.817000
638.239000
662.431000
637.559000
629.925000
646.039000
642.998000
648.954000
650.321000
653.194000
645.620000
685.532000
655.169000
676.214000
683.834000
679.088000
679.779000
686.687000
693.988000
723.209000
706.271000
722.754000
14.851000
20.178000
18.126000
18.196000
17.791000
17.240000
19.667000
20.416000
19.673000
21.351000
22.210000
23.545000
23.637000
26.690000
24.917000
26.517000
26.561000
28.978000
29.345000
30.156000
31.785000
31.591000
33.223000
34.159000
35.425000
36.997000
35.785000
37.987000
39.830000
41.714000
40.820000
42.071000
42.780000
43.310000
43.110000
45.437000
48.676000
47.069000
47.195000
49.787000
52.708000
52.232000
51.279000
53.423000
53.762000
56.871000
56.942000
56.217000
58.494000
59.258000
59.334000
62.119000
62.042000
63.826000
63.685000
66.095000
66.694000
69.017000
66.812000
69.533000
69.810000
71.671000
72.702000
74.129000
81.865000
76.790000
75.969000
79.225000
78.779000
80.997000
80.555000
84.020000
86.668000
89.779000
87.881000
87.194000
90.792000
91.041000
91.970000
94.401000
92.642000
94.945000
98.200000
98.752000
99.070000
101.350000
101.581000
100.639000
104.867000
104.392000
106.481000
110.878000
109.444000
111.931000
113.311000
117.397000
140.290000
132.739000
120.080000
121.585000
119.291000
118.348000
119.540000
122.746000
123.158000
126.508000
123.648000
129.554000
126.676000
129.771000
129.777000
134.041000
134.314000
136.594000
135.882000
137.540000
137.691000
142.507000
140.828000
146.265000
145.516000
147.609000
149.459000
153.070000
152.347000
153.142000
152.054000
154.096000
154.799000
158.200000
157.903000
163.515000
167.403000
163.485000
163.294000
165.614000
164.457000
171.299000
172.465000
175.095000
172.609000
174.740000
175.237000
183.693000
180.131000
187.610000
179.191000
186.484000
186.139000
189.028000
200.458000
190.788000
190.682000
193.301000
193.709000
197.442000
195.125000
201.402000
198.676000
203.452000
202.701000
205.313000
203.567000
213.917000
208.240000
209.533000
208.428000
213.477000
213.642000
219.880000
216.091000
221.221000
217.418000
222.186000
227.786000
225.804000
227.840000
234.411000
238.190000
239.426000
233.645000
233.510000
237.779000
239.499000
238.612000
243.237000
255.065000
281.197000
250.377000
245.266000
247.992000
252.167000
256.591000
258.047000
259.921000
263.225000
263.217000
270.413000
271.557000
271.313000
277.405000
277.642000
282.343000
292.592000
284.026000
289.434000
278.638000
284.892000
305.887000
290.415000
283.334000
290.003000
292.759000
296.422000
291.924000
302.762000
305.732000
301.364000
302.304000
307.436000
306.996000
308.037000
311.129000
315.452000
312.558000
323.979000
314.551000
317.030000
329.781000
329.500000
329.255000
341.603000
338.951000
329.752000
330.697000
339.669000
327.907000
335.295000
330.729000
340.450000
338.445000
351.397000
345.067000
348.787000
346.503000
348.581000
351.988000
356.853000
362.887000
371.530000
360.455000
367.975000
365.788000
369.939000
367.915000
380.840000
372.498000
385.489000
393.598000
407.184000
378.686000
381.784000
389.106000
396.858000
394.767000
402.961000
396.646000
407.420000
395.519000
402.684000
402.461000
403.023000
406.805000
408.188000
411.563000
417.791000
409.405000
415.595000
412.254000
418.808000
414.674000
429.669000
420.290000
438.406000
425.527000
429.505000
434.066000
445.410000
445.201000
442.166000
438.489000
467.716000
445.810000
454.248000
457.322000
464.021000
458.186000
476.771000
465.454000
470.089000
463.781000
482.950000
464.781000
482.359000
486.160000
492.097000
487.773000
487.831000
487.540000
492.508000
487.003000
499.412000
489.354000
494.147000
494.140000
509.122000
499.293000
501.508000
514.505000
511.956000
519.030000
514.822000
504.868000
517.697000
509.111000
521.693000
519.733000
536.152000
528.857000
544.340000
539.357000
547.174000
536.778000
571.624000
561.742000
556.893000
555.782000
562.787000
560.405000
559.569000
558.409000
566.934000
564.501000
566.139000
560.446000
594.451000
584.418000
595.314000
600.658000
592.970000
587.021000
601.603000
578.985000
586.439000
588.605000
605.459000
598.565000
611.851000
599.840000
612.550000
601.842000
640.420000
631.292000
626.853000
618.057000
626.156000
623.218000
660.200000
636.242000
633.773000
627.129000
632.656000
635.723000
640.570000
649.107000
642.326000
641.488000
644.466000
645.143000
650.246000
647.528000
671.984000
665.357000
671.373000
679.930000
692.970000
676.459000
688.296000
695.947000
681.138000
14.397000
14.294000
15.803000
16.781000
16.696000
17.906000
19.054000
19.626000
20.892000
21.412000
22.856000
24.013000
24.282000
26.371000
27.928000
28.039000
28.014000
30.920000
30.256000
32.507000
34.436000
32.344000
33.101000
34.743000
34.865000
35.863000
37.285000
38.569000
38.373000
40.120000
41.353000
41.959000
42.722000
43.200000
45.174000
46.614000
48.495000
46.996000
50.879000
49.463000
53.840000
52.256000
51.460000
53.561000
53.382000
56.262000
57.727000
56.701000
58.582000
62.543000
59.096000
62.539000
64.049000
67.464000
68.771000
65.631000
66.341000
67.268000
69.433000
69.716000
69.033000
74.388000
73.731000
72.597000
77.013000
77.676000
76.533000
80.202000
80.967000
79.791000
81.518000
84.170000
83.602000
84.861000
86.466000
87.695000
88.030000
92.895000
105.639000
100.730000
101.356000
94.193000
95.861000
96.324000
97.285000
101.130000
98.981000
102.808000
106.015000
107.040000
105.940000
105.246000
107.631000
106.112000
114.871000
118.685000
112.404000
115.268000
113.865000
115.700000
114.659000
118.031000
117.721000
122.181000
121.608000
125.723000
127.450000
136.322000
129.384000
139.638000
132.964000
135.465000
131.416000
134.612000
135.402000
137.246000
135.197000
140.516000
140.216000
144.881000
143.677000
146.057000
144.957000
148.621000
149.057000
154.644000
154.392000
155.519000
163.189000
156.132000
159.416000
161.846000
158.018000
164.088000
161.223000
165.397000
165.612000
167.789000
170.582000
172.730000
173.576000
172.516000
174.157000
178.491000
180.596000
184.711000
180.801000
184.736000
184.069000
198.134000
188.315000
192.783000
192.250000
193.773000
193.966000
200.216000
196.500000
200.071000
202.506000
204.043000
205.517000
208.173000
205.089000
210.704000
207.827000
213.349000
214.228000
213.947000
213.883000
220.757000
220.223000
229.033000
221.622000
221.435000
228.239000
239.808000
232.014000
240.967000
247.011000
247.893000
244.754000
240.479000
242.797000
242.803000
237.430000
242.506000
258.367000
251.536000
245.006000
248.092000
249.534000
253.890000
252.962000
256.192000
258.983000
256.878000
257.882000
258.744000
263.103000
272.372000
283.119000
288.037000
277.386000
279.860000
271.565000
279.860000
289.433000
290.309000
285.083000
284.865000
281.982000
287.236000
288.848000
290.608000
289.284000
296.934000
309.677000
298.721000
302.902000
311.418000
310.335000
305.910000
309.877000
314.569000
315.622000
320.185000
317.231000
327.146000
323.082000
334.599000
325.276000
330.814000
335.787000
331.407000
332.353000
339.084000
332.472000
338.107000
340.975000
341.031000
337.427000
357.766000
342.768000
348.737000
348.124000
348.497000
348.913000
351.636000
351.709000
363.908000
362.707000
364.059000
371.246000
388.196000
369.183000
375.069000
368.215000
377.735000
373.234000
380.397000
377.064000
383.171000
379.916000
406.930000
400.084000
405.965000
394.679000
403.973000
398.291000
404.842000
402.571000
407.798000
410.743000
417.502000
418.640000
421.729000
411.467000
422.767000
425.536000
450.907000
430.410000
440.600000
471.335000
449.660000
435.852000
432.717000
437.175000
439.074000
442.584000
447.686000
441.666000
445.614000
448.979000
450.749000
443.486000
457.970000
471.105000
467.978000
457.047000
472.502000
475.452000
483.941000
488.479000
482.000000
552.075000
534.923000
478.022000
490.545000
489.167000
497.823000
491.739000
494.160000
496.464000
506.910000
503.379000
512.415000
500.096000
519.930000
508.629000
529.121000
527.920000
521.916000
512.755000
519.567000
512.785000
523.068000
514.893000
523.787000
520.059000
532.650000
538.472000
553.148000
545.256000
540.783000
541.624000
553.012000
561.151000
552.279000
552.108000
554.470000
570.832000
566.140000
565.025000
578.110000
567.562000
584.864000
576.262000
591.879000
579.408000
588.672000
580.724000
582.275000
581.176000
586.247000
592.613000
594.943000
584.519000
593.468000
598.406000
613.536000
612.294000
603.845000
606.043000
612.897000
618.178000
626.639000
626.235000
639.817000
621.151000
630.776000
635.868000
640.611000
637.174000
652.132000
637.101000
649.084000
652.247000
652.740000
656.089000
656.088000
652.324000
651.797000
658.172000
666.271000
679.332000
669.083000
700.946000
681.252000
686.315000
687.161000
15.134000
15.256000
15.442000
16.579000
16.614000
20.451000
20.197000
21.446000
21.194000
23.327000
22.066000
25.615000
26.624000
27.490000
26.045000
31.364000
27.583000
33.983000
32.225000
33.648000
33.527000
33.373000
35.563000
36.899000
36.781000
41.481000
38.106000
40.142000
38.804000
43.736000
41.162000
41.739000
41.120000
43.970000
44.444000
47.917000
46.415000
48.084000
49.571000
52.497000
53.992000
55.460000
51.606000
53.269000
53.121000
58.459000
55.724000
57.681000
59.389000
59.831000
61.599000
65.080000
61.913000
65.160000
65.946000
68.420000
66.119000
69.380000
68.278000
70.237000
70.886000
71.379000
72.749000
74.941000
76.944000
76.295000
76.705000
79.044000
80.185000
81.520000
82.851000
83.918000
82.886000
86.792000
89.014000
86.726000
90.474000
93.170000
91.355000
95.091000
94.568000
95.603000
97.556000
97.249000
99.830000
100.445000
100.809000
105.238000
103.320000
111.694000
108.634000
127.939000
131.611000
114.181000
114.085000
115.797000
114.435000
115.235000
117.262000
118.284000
119.868000
120.659000
118.306000
120.064000
122.804000
126.344000
126.745000
127.683000
128.469000
131.721000
129.842000
133.447000
135.462000
137.114000
137.082000
139.454000
138.512000
141.421000
140.276000
143.930000
143.730000
149.615000
164.431000
158.909000
152.618000
155.722000
157.214000
158.941000
168.050000
160.039000
157.167000
159.918000
161.638000
164.610000
163.267000
167.045000
163.815000
169.607000
168.978000
170.151000
176.215000
173.662000
170.484000
176.570000
178.344000
180.521000
179.405000
197.141000
184.758000
195.203000
193.241000
198.170000
194.556000
191.009000
191.363000
196.691000
196.064000
197.901000
199.428000
203.358000
208.243000
208.095000
207.537000
205.584000
205.458000
209.755000
209.961000
220.974000
213.888000
220.847000
219.236000
222.072000
219.525000
221.644000
226.053000
225.923000
229.208000
231.418000
233.360000
237.026000
232.503000
236.878000
242.697000
242.790000
244.703000
251.997000
248.134000
249.922000
250.014000
248.590000
249.738000
257.372000
256.333000
257.884000
259.218000
265.006000
265.574000
271.751000
280.963000
273.850000
273.689000
273.275000
285.916000
289.474000
281.117000
281.243000
275.074000
278.712000
279.627000
292.889000
293.269000
296.095000
288.010000
296.614000
289.697000
302.069000
297.280000
302.895000
309.287000
319.010000
304.817000
306.083000
311.640000
308.509000
307.211000
314.881000
315.846000
324.639000
314.366000
318.612000
317.667000
326.321000
327.136000
329.156000
326.396000
348.849000
347.872000
344.906000
339.172000
349.844000
386.233000
360.005000
356.506000
365.015000
355.076000
350.887000
370.697000
369.572000
360.181000
365.687000
369.559000
370.721000
367.603000
369.085000
364.965000
372.408000
372.172000
384.795000
374.196000
381.960000
379.196000
378.471000
390.796000
384.983000
389.748000
403.246000
397.558000
399.059000
392.624000
400.735000
398.858000
429.640000
412.793000
408.778000
408.652000
414.494000
410.283000
426.822000
428.078000
433.641000
424.855000
435.472000
439.861000
440.599000
434.093000
439.580000
437.407000
443.506000
438.870000
446.199000
453.528000
482.792000
454.951000
460.877000
451.683000
464.782000
454.667000
465.732000
457.021000
479.893000
513.635000
475.928000
458.798000
477.382000
470.447000
477.467000
475.600000
490.299000
479.610000
482.066000
486.140000
502.166000
514.889000
516.315000
499.454000
505.133000
541.146000
520.866000
504.985000
510.355000
514.144000
521.346000
517.455000
533.749000
529.426000
531.448000
520.020000
540.545000
524.127000
536.213000
531.679000
560.677000
538.376000
539.723000
536.521000
547.385000
538.037000
545.945000
552.716000
553.974000
555.014000
566.469000
559.196000
566.729000
570.288000
574.790000
578.198000
582.546000
576.381000
580.836000
584.793000
597.826000
591.323000
584.107000
597.397000
609.835000
601.502000
621.401000
614.722000
612.412000
613.374000
616.900000
605.073000
607.384000
606.187000
612.942000
619.297000
634.267000
618.766000
639.082000
627.389000
630.942000
635.275000
663.603000
667.738000
665.724000
656.340000
659.152000
664.378000
660.425000
658.569000
669.535000
667.938000
671.799000
662.648000
687.783000
670.521000
672.906000
671.274000
685.565000
14.232000
14.428000
15.098000
16.520000
17.129000
19.084000
18.920000
19.972000
20.129000
21.241000
24.634000
23.203000
25.795000
26.617000
25.391000
26.369000
27.790000
27.479000
31.819000
36.628000
38.983000
32.863000
32.338000
33.951000
36.209000
35.581000
36.427000
38.718000
38.142000
39.361000
41.688000
40.819000
44.161000
43.020000
46.395000
48.633000
49.767000
49.616000
48.966000
56.443000
52.373000
53.868000
55.989000
55.896000
57.757000
56.031000
57.983000
58.760000
61.646000
58.902000
58.992000
62.818000
63.662000
62.531000
64.667000
65.152000
69.302000
66.844000
68.602000
72.009000
70.921000
71.417000
73.827000
74.547000
73.781000
75.904000
76.512000
79.516000
79.474000
81.887000
80.967000
81.974000
84.164000
84.917000
85.781000
88.050000
86.772000
88.683000
91.250000
92.939000
95.286000
96.959000
94.944000
97.132000
96.639000
99.831000
99.269000
99.814000
116.740000
110.484000
107.148000
112.247000
112.573000
113.863000
116.278000
118.079000
114.959000
117.441000
118.836000
120.047000
117.448000
120.865000
121.655000
121.753000
120.799000
127.341000
130.496000
134.551000
133.062000
134.757000
136.945000
137.480000
133.790000
137.780000
137.400000
139.409000
140.915000
141.967000
140.841000
144.230000
146.626000
148.712000
150.314000
150.197000
149.428000
152.233000
155.915000
156.802000
154.436000
161.123000
157.058000
161.624000
162.578000
163.865000
163.981000
165.300000
167.903000
167.510000
171.229000
175.715000
178.589000
183.405000
181.761000
185.946000
182.680000
193.164000
183.115000
186.807000
182.039000
187.824000
186.909000
191.408000
189.217000
194.086000
200.492000
196.433000
195.824000
197.768000
195.168000
201.297000
215.337000
214.752000
203.977000
213.349000
207.852000
208.801000
208.729000
213.283000
213.534000
217.628000
217.524000
222.060000
217.692000
221.993000
223.744000
227.327000
224.077000
230.108000
232.447000
232.933000
230.648000
233.503000
233.752000
246.681000
250.402000
247.699000
247.163000
252.316000
246.199000
249.864000
249.009000
255.401000
260.544000
258.981000
256.993000
263.856000
260.409000
264.573000
264.179000
269.827000
270.930000
271.379000
275.479000
280.256000
276.474000
284.484000
291.565000
296.700000
286.199000
293.313000
286.458000
294.508000
291.889000
303.394000
295.016000
299.777000
303.232000
303.958000
302.464000
309.220000
301.543000
310.643000
308.085000
310.580000
313.828000
317.475000
314.338000
314.240000
316.072000
318.436000
318.348000
322.638000
328.500000
327.948000
323.841000
333.331000
330.818000
333.226000
340.879000
357.448000
342.713000
355.570000
355.286000
351.046000
348.292000
347.916000
350.065000
357.237000
356.028000
365.458000
358.014000
364.742000
367.716000
389.798000
382.826000
387.483000
389.236000
381.661000
379.183000
380.438000
384.210000
418.085000
402.611000
420.190000
392.517000
402.867000
397.383000
399.136000
406.485000
403.326000
399.566000
403.886000
405.399000
407.431000
406.745000
415.253000
404.726000
415.440000
415.351000
429.193000
429.431000
434.277000
423.043000
431.237000
426.275000
432.369000
429.868000
440.752000
442.062000
452.753000
450.430000
463.399000
453.631000
448.712000
450.280000
462.888000
463.262000
466.540000
461.453000
480.433000
467.619000
478.162000
475.614000
475.037000
488.357000
479.215000
508.707000
505.694000
479.172000
485.596000
486.733000
503.933000
500.221000
498.092000
497.673000
498.766000
521.072000
517.718000
501.519000
507.233000
503.164000
513.607000
521.707000
533.704000
526.037000
525.126000
520.474000
534.628000
544.001000
531.407000
531.019000
579.884000
548.683000
545.451000
545.169000
564.460000
549.416000
578.954000
556.604000
558.860000
558.033000
557.073000
562.650000
570.361000
560.371000
572.125000
577.848000
574.543000
567.025000
579.366000
572.241000
599.401000
613.323000
596.709000
597.314000
603.474000
594.777000
607.488000
630.917000
629.891000
603.888000
617.229000
618.760000
632.174000
624.820000
622.545000
627.421000
635.667000
631.449000
631.626000
626.474000
630.170000
636.743000
625.095000
621.857000
638.860000
661.906000
675.427000
665.052000
656.811000
673.796000
661.648000
655.579000
664.691000
672.194000
691.796000
671.409000
688.135000
672.841000
684.902000
15.529000
14.912000
16.226000
16.596000
17.370000
18.210000
19.406000
21.439000
21.377000
20.874000
23.114000
24.226000
25.841000
25.747000
28.531000
26.405000
27.931000
29.814000
29.855000
30.789000
31.309000
32.304000
33.975000
34.546000
34.314000
36.168000
38.035000
37.423000
47.136000
41.710000
41.505000
41.237000
41.835000
43.316000
42.953000
47.158000
47.076000
49.875000
47.419000
52.031000
51.235000
52.041000
52.007000
55.011000
53.940000
56.578000
55.324000
57.501000
58.690000
59.606000
59.609000
61.737000
64.311000
65.592000
64.619000
67.092000
66.638000
69.024000
68.764000
70.489000
73.669000
72.100000
74.843000
74.495000
74.977000
75.912000
76.444000
78.497000
80.424000
81.283000
82.237000
82.296000
82.411000
85.600000
85.528000
86.806000
87.602000
88.408000
90.761000
93.188000
92.773000
94.367000
93.907000
98.864000
98.392000
98.261000
107.455000
106.023000
100.533000
105.357000
104.413000
109.704000
106.862000
108.330000
108.203000
110.948000
111.679000
112.121000
114.376000
116.861000
118.579000
120.989000
118.808000
123.063000
134.844000
130.498000
131.210000
134.780000
136.139000
130.045000
129.143000
132.885000
139.395000
134.187000
136.962000
139.459000
141.316000
139.372000
141.098000
142.915000
142.131000
148.663000
146.896000
151.424000
146.514000
154.685000
157.356000
159.168000
163.783000
168.286000
157.520000
163.665000
166.308000
164.670000
172.060000
167.930000
167.013000
173.083000
172.043000
171.148000
175.232000
176.833000
174.639000
176.485000
190.110000
181.148000
181.796000
185.103000
192.876000
193.549000
196.078000
198.285000
191.548000
193.861000
193.347000
195.895000
195.499000
201.526000
199.640000
206.071000
203.988000
208.331000
208.874000
210.937000
210.791000
211.049000
213.414000
217.057000
214.888000
221.102000
223.331000
223.591000
224.586000
224.759000
223.672000
229.430000
228.747000
230.865000
228.622000
235.576000
232.736000
231.889000
239.213000
249.365000
242.971000
242.303000
243.033000
252.559000
307.185000
265.258000
258.886000
266.242000
251.250000
258.567000
263.446000
260.881000
257.985000
261.776000
271.156000
280.830000
274.166000
269.229000
270.800000
277.918000
273.069000
278.492000
281.401000
287.088000
285.871000
291.087000
291.378000
289.948000
294.033000
304.696000
317.977000
306.949000
297.312000
312.727000
313.258000
313.660000
302.992000
304.889000
312.193000
317.222000
314.930000
317.045000
322.806000
331.403000
341.923000
330.004000
326.692000
334.896000
332.288000
331.840000
332.154000
338.778000
336.853000
339.448000
349.700000
346.993000
345.185000
358.051000
358.399000
352.691000
344.906000
351.885000
355.584000
354.485000
351.309000
359.356000
361.029000
365.394000
359.376000
367.694000
368.990000
381.091000
372.556000
378.742000
375.923000
384.382000
384.304000
393.908000
383.881000
399.488000
388.799000
398.998000
391.094000
414.483000
401.827000
399.028000
417.133000
420.602000
409.301000
415.251000
416.211000
425.801000
414.090000
429.520000
429.049000
429.026000
430.337000
434.896000
425.451000
431.500000
426.925000
432.874000
431.501000
452.184000
448.403000
445.446000
435.166000
453.878000
449.021000
454.095000
443.262000
453.560000
452.927000
464.830000
461.261000
478.744000
470.020000
472.420000
468.390000
479.718000
487.137000
475.499000
485.672000
482.176000
487.066000
490.017000
492.758000
488.507000
496.246000
510.395000
502.721000
511.307000
511.520000
502.701000
506.227000
512.048000
516.722000
511.243000
508.956000
513.069000
526.230000
518.546000
518.552000
538.003000
550.014000
539.524000
529.727000
554.439000
536.666000
548.512000
544.456000
557.476000
552.252000
561.506000
557.125000
582.922000
575.668000
574.545000
585.709000
584.431000
594.362000
602.832000
589.774000
599.409000
576.312000
581.395000
574.152000
591.808000
591.911000
584.178000
582.702000
590.826000
586.811000
590.150000
591.663000
612.860000
602.326000
623.302000
606.935000
624.505000
613.189000
624.938000
615.604000
631.275000
645.060000
635.627000
633.147000
635.933000
644.610000
641.261000
639.960000
663.237000
687.905000
647.535000
648.763000
650.973000
644.220000
656.019000
646.664000
665.183000
666.787000
689.198000
692.589000
696.665000
676.236000
678.332000
