0.485866
0.529280
0.202301
0.051702
0.075727
0.166837
3.576604
0.024215
0.007196
0.005546
3.569478
3.584167
3.619565
3.590232
3.523849
3.593364
3.592976
3.551428
3.594174
3.516653
3.405603
3.488201
3.660286
3.592082
3.536190
3.468035
3.679832
3.382783
3.600354
3.605248
3.710572
3.539350
3.630412
3.460437
3.643147
3.751229
3.560101
3.659566
3.770454
3.642128
3.560634
3.606238
3.313991
3.284709
3.268350
2.926236
2.338553
3.767099
3.511697
3.507408
3.782665
3.787473
3.847031
3.754397
3.738035
3.637058
3.849339
3.701319
3.718942
3.801357
3.651751
3.450134
3.438706
2.972265
2.197752
3.856483
3.786307
3.700491
3.585023
2.463814
2.472533
1.139346
3.795320
1.616586
3.514961
3.594644
3.072303
2.746165
3.549527
0.068073
0.099630
0.107922
3.718509
2.090628
3.726399
1.849681
3.580470
3.458593
3.086989
2.160343
3.678427
2.450701
3.720018
0.018910
3.576808
3.796794
3.861439
0.007088
3.718220
3.785446
0.659952
1.991104
0.000038
0.091619
0.512862
2.095340
0.539043
0.283883
1.774951
0.056374
2.533053
0.248095
0.917724
0.035194
0.479195
2.678615
0.640063
0.331764
1.903573
3.696043
0.002199
3.631126
3.572266
3.573054
2.993567
3.054784
3.052158
2.076100
0.460511
3.728442
2.981119
0.333328
3.658675
3.625496
3.659558
0.000274
3.516976
3.446338
3.394448
3.193747
1.370963
3.823446
0.342241
3.533768
3.402688
3.197220
1.570995
3.401103
3.144952
0.089462
3.327312
3.147620
3.405499
3.640474
0.000999
3.697166
3.483869
3.290474
0.243335
3.810700
3.104242
2.695953
0.137102
3.610616
2.930108
0.370815
3.645071
3.297076
3.577070
2.675842
0.548736
3.024807
3.375432
3.755237
2.983878
0.008173
3.405379
3.687716
2.611588
0.746484
3.453470
3.816547
0.218873
3.090193
3.809367
0.125726
3.424974
3.660209
3.746662
1.668640
3.679708
3.260306
3.671886
1.200194
3.444800
3.012333
2.773062
2.554919
0.234603
3.683000
3.116017
2.866871
2.489382
3.725906
3.377446
0.054539
2.917249
0.031830
3.801143
3.683244
0.665858
0.677002
2.391076
3.855188
0.646603
3.707055
0.111991
3.771892
3.762250
0.233601
3.613582
2.099691
0.071467
3.823605
3.603852
0.478786
3.850460
3.804386
0.840045
3.343675
3.551450
0.089384
3.791905
3.685274
0.052726
3.800879
3.298147
3.649934
1.521144
3.819977
0.302838
3.681996
2.537382
0.459263
3.790002
3.385626
0.567786
3.682609
2.915361
3.717263
1.051400
3.405451
3.738358
0.805106
3.584362
0.250467
0.004548
3.728571
0.313201
3.602051
3.341708
3.465050
2.718167
3.692765
3.155728
2.934689
2.861471
3.117408
2.652973
1.913411
0.652995
3.423278
3.653407
2.154725
0.667389
3.520114
3.418724
3.509738
3.482417
2.702061
0.464117
3.580000
3.514189
3.433318
3.498212
3.689839
0.212969
0.547205
3.438588
1.596384
3.568406
0.194159
3.471849
3.567111
3.212633
3.641655
3.292430
3.625584
3.140188
3.105709
3.101100
3.186757
3.048562
3.185662
2.943209
3.116020
2.895294
1.817287
2.255728
3.451633
3.244498
2.434489
0.237431
3.609530
3.207394
0.331917
3.796900
3.285033
0.335743
3.799349
0.371680
3.761988
3.666164
3.275911
1.001704
3.058046
2.731969
2.928658
3.078164
2.551606
1.241804
2.289375
3.031098
2.464372
0.621339
3.679937
1.465914
3.606817
3.780600
3.324115
0.326917
3.409301
3.223012
2.046501
2.024732
3.155256
3.043278
1.859623
1.136118
3.356497
0.000278
3.777130
2.883575
0.977794
3.856984
3.807919
3.764996
3.519872
3.182798
0.066234
0.575050
3.779701
0.987162
3.711927
3.534346
3.496365
3.407040
3.607471
3.321494
2.521923
3.340105
3.091782
3.084044
2.785402
3.777676
2.961184
3.767015
3.153486
3.058042
3.730794
2.637335
3.585939
3.675132
0.085190
3.333749
0.629868
3.126858
0.023951
3.665409
1.405805
3.818610
3.235088
3.358750
3.449269
3.357358
3.855048
3.514660
1.177094
3.499505
3.649453
0.146025
3.637237
0.269232
0.488455
0.081308
3.291955
0.380696
0.489832
0.042731
1.739416
3.444572
3.589281
3.457492
3.766721
3.796927
3.856779
3.819863
3.753514
3.787874
3.842685
3.785377
3.738384
3.580432
3.862466
3.754728
3.755430
3.815901
3.628574
3.800166
3.755323
3.548680
3.622550
3.704157
3.756569
3.548414
3.446237
3.799184
3.780697
3.699133
3.562323
3.559199
3.379424
3.269611
2.818261
3.674407
3.310856
3.545041
3.587672
3.136512
3.507124
3.625796
3.461887
3.266968
3.223552
3.392901
3.181932
3.085625
1.876962
2.379579
2.307412
1.584906
1.769942
0.101691
2.455559
2.438372
0.000274
2.692829
0.024587
0.089562
0.532948
3.250943
3.378412
2.910949
1.380774
2.361441
0.462066
3.574732
3.720897
2.255697
0.000063
3.677436
3.676746
3.654254
3.546567
3.589495
0.091620
3.549531
3.560870
0.277943
3.507411
3.613953
0.005210
3.132491
3.475558
3.151569
3.568555
3.433731
3.538302
0.121024
3.826671
3.499075
3.090781
0.058821
3.637005
2.874095
3.787097
3.370984
3.818193
0.052289
3.651931
3.474369
3.723416
0.020077
3.538083
1.828244
0.332352
2.110311
0.290558
3.769332
3.171597
3.089301
2.615116
1.588049
3.713408
1.201175
0.073162
3.621120
3.554272
3.530906
0.154038
3.218647
3.587095
3.527762
0.207897
3.403033
3.530199
0.191069
3.476748
3.471980
0.986593
1.932751
3.467196
3.448365
3.412587
3.352313
3.440733
3.224120
2.963029
0.272195
2.979903
2.485881
1.578569
3.249990
0.000222
3.366058
3.646352
3.512661
2.352319
1.253732
3.177783
2.964318
3.530496
3.275958
0.001017
3.335929
3.273137
2.948141
3.593020
0.251485
2.990664
2.806570
3.326817
3.223738
0.471006
0.769674
3.172189
3.467551
2.960490
3.060169
2.125514
0.011988
2.763150
3.432868
2.908947
0.196093
3.409256
3.479095
2.851376
0.024163
1.387744
0.300866
3.846236
3.811176
3.787742
2.133809
0.454315
3.740835
3.751899
2.946998
3.622948
0.675351
3.574028
1.799653
3.646172
3.496206
0.560048
3.649839
3.552048
2.226775
0.312019
3.566724
3.677579
3.708923
3.719021
0.674484
3.545900
3.639352
3.802909
3.625689
0.611419
3.525910
3.516579
3.525107
0.374800
3.383420
3.733537
0.217279
3.513188
3.438074
3.142183
3.452881
3.443094
0.028449
3.328841
3.601926
3.505059
0.383322
3.082089
3.234150
2.937244
0.100885
2.992955
3.615743
2.791478
3.722801
3.713005
0.538194
3.241119
0.840925
3.366898
3.206831
2.970517
3.456428
3.760817
2.580230
0.310625
0.152244
0.334878
3.774375
3.224628
3.216034
2.738644
2.489118
0.331530
3.431423
2.895294
2.821458
2.584789
3.058530
2.935267
1.099979
3.220483
3.432826
0.022372
3.650540
2.625408
0.989947
1.024950
3.306292
3.737177
3.717879
2.974120
3.191546
3.065294
3.083735
3.002834
2.970777
2.916000
2.778306
2.626162
0.525979
3.208362
2.396434
0.081455
3.420438
3.109901
0.866266
3.149559
3.442916
1.059743
3.473771
3.231414
3.683934
0.083129
3.722957
3.841265
2.541368
0.553488
3.840550
0.724311
3.665704
3.656314
3.762892
3.152294
0.531401
3.698662
3.461645
3.312157
3.834339
2.465756
0.159297
3.345799
3.478211
3.712360
0.001856
3.314872
0.635518
1.354510
3.708272
3.815813
3.697538
3.672966
2.829728
0.472378
3.776182
3.730873
0.154960
3.646892
3.232592
3.292541
0.049714
3.211644
3.304135
3.131355
2.585597
3.439885
3.125464
3.233084
2.664482
0.055137
3.723075
1.249302
2.549127
2.406734
2.712040
3.288448
3.715772
0.162822
3.645913
0.488626
0.322381
2.979418
3.631430
3.224020
3.534754
3.091626
3.344952
3.407581
2.984455
3.545047
2.512569
2.273699
1.134426
0.297030
3.563418
3.353633
3.435484
1.127535
3.632125
0.645895
2.985406
3.428443
3.531579
2.523024
3.617156
2.719002
0.777751
3.345630
2.924925
3.090477
0.186736
2.028646
3.339506
3.298306
2.691180
2.574043
2.635465
3.756142
3.055043
2.406183
1.403561
1.540773
0.153047
0.332774
2.264364
1.123924
0.002096
0.289535
0.243021
2.592113
2.972329
2.778246
2.685578
3.269908
3.493381
3.523330
3.649093
3.724881
3.755989
3.778002
3.794859
3.818776
3.670329
3.738499
3.720060
3.760431
3.728562
3.745927
3.515267
3.773565
3.704606
3.703786
3.585988
3.561930
3.589296
3.623404
3.358420
3.651222
3.445658
3.407352
3.497522
3.604321
3.438482
3.375571
3.239460
3.171752
2.537767
2.489835
2.397393
0.000038
0.242664
0.148319
3.132299
2.519793
2.730751
2.191499
0.048597
3.401124
3.551824
0.091479
3.481472
3.458916
3.270593
1.539835
3.323885
3.489653
2.454383
3.502552
0.095178
3.533337
3.129105
2.262312
3.456385
0.032636
3.530792
3.457476
2.311447
0.028518
3.400393
2.952509
3.242620
3.781100
3.786125
3.708083
3.828563
3.778525
3.790811
3.680801
3.677433
3.467131
3.602519
3.468189
3.544006
3.834997
3.691625
3.808343
3.800433
3.750299
3.674623
3.310280
3.439489
3.169806
2.938301
3.448601
2.899696
2.470662
0.302111
0.004391
0.722325
1.472666
0.090377
0.125991
0.943606
0.857272
0.158206
3.278766
2.871350
0.452129
3.170047
3.146650
3.588888
0.061547
1.005765
0.008247
0.534098
3.731469
3.616777
3.726103
3.654022
3.579686
3.693537
0.251334
3.604949
3.502048
0.116026
3.619480
3.555957
0.009693
3.498044
0.656245
3.417021
2.471451
0.038555
3.510508
3.510049
3.549445
3.471180
3.470523
3.315161
0.647803
3.502618
3.386472
3.209491
3.109850
1.921675
3.093664
3.392472
3.319566
3.247709
3.126618
3.276654
3.072433
3.114224
2.621221
2.910019
2.974869
2.938563
2.871091
1.866351
0.052670
0.232115
3.314032
3.268720
1.374832
0.164479
3.115820
3.249555
3.317954
1.275962
0.148960
3.585791
3.150206
3.256610
3.400507
2.843428
3.118598
3.161915
3.105688
3.435369
3.348708
0.432384
2.923299
2.789443
2.660203
3.571490
1.762265
0.000899
3.241694
2.361547
3.677277
2.854792
0.543528
3.684511
3.471634
0.612800
3.277742
0.042271
3.710228
0.106221
3.116910
2.981784
2.877832
2.383620
2.974430
2.651444
3.079123
2.700433
2.941369
2.836751
2.898344
1.097755
0.117174
3.654905
0.331914
0.000623
3.644112
0.596000
3.569463
1.023456
1.120909
3.595855
1.827815
2.260698
3.693354
1.715617
3.297381
0.148715
3.819166
3.480311
3.569904
3.560711
3.293953
2.866118
3.374846
0.112728
3.379589
3.034410
3.321030
2.370087
2.850992
2.416851
2.822483
2.020544
0.052771
2.899000
3.558917
3.671960
3.119496
0.901913
0.583545
3.119143
3.520104
2.909946
1.244612
3.142973
3.536429
0.363724
3.462505
3.309015
0.542169
3.573823
0.860601
0.163672
3.827831
3.673422
3.793562
3.757822
0.487430
3.526217
2.504617
1.869681
0.979996
3.628927
3.850287
3.792956
3.773213
3.814584
3.764317
0.680455
3.794471
3.760476
3.693773
3.639507
3.478570
0.646250
0.583048
3.581554
3.458524
3.175303
3.621698
3.493477
0.003599
0.194829
3.550138
2.739592
3.390281
3.664137
3.533696
3.759459
0.016413
3.702040
3.632304
3.519133
0.000120
3.395862
0.165593
3.300750
3.030204
3.296760
3.204995
3.679322
3.391367
3.386771
3.000690
3.754507
3.299746
3.342080
0.898290
3.743149
3.786489
0.004996
3.848414
3.252127
3.136714
3.788768
3.771324
1.130756
2.998176
2.874224
3.403009
3.658426
0.239815
0.117193
3.481158
3.321128
3.857221
3.663576
3.831557
1.235959
3.277070
3.792665
3.815288
2.887500
2.369168
3.090465
2.524371
0.345381
3.707993
2.890217
3.767652
2.577303
3.696768
3.670903
2.424056
2.011563
3.726030
3.672010
3.589581
3.776977
0.370635
3.642360
2.512120
0.332503
2.941667
3.668280
3.206209
3.841051
0.609008
0.324462
3.755838
2.428505
3.133410
2.660330
3.802377
0.630578
3.373238
3.758849
2.616302
3.805639
0.721934
3.442022
2.625303
3.621687
0.032696
3.570068
3.678229
3.355304
2.788007
3.149846
0.069399
2.175297
2.509247
1.147233
0.133512
0.000465
0.851816
1.622173
0.280016
0.542664
1.746938
2.586457
2.582989
2.568603
2.545745
2.543441
2.593144
2.627863
2.435569
2.873233
3.070495
3.115816
3.079330
3.478647
3.487281
3.606392
3.763760
3.789863
3.776899
3.784060
3.812839
3.847595
3.819665
3.781386
3.764570
3.673417
3.840669
3.626354
3.410199
3.438194
3.046602
2.378190
0.802565
0.067976
3.689547
3.782041
3.511712
3.811416
3.775734
3.668743
3.771143
3.699435
3.743017
3.796691
3.506732
3.696898
3.630551
3.706433
3.621334
3.747024
3.702462
3.508188
3.567499
3.665925
3.452623
3.635017
3.491757
3.461294
3.348783
3.361649
3.500014
3.074102
3.492799
1.597006
0.000274
0.025296
0.192505
2.375939
0.607699
0.598313
3.674147
0.303264
0.178031
3.737509
3.754879
3.628404
3.700590
0.527648
3.581831
3.557098
3.445427
3.513348
1.891955
3.583070
3.587443
3.291353
3.175850
3.498340
3.523670
1.388081
0.120329
3.440623
3.074115
3.508837
3.401424
3.123367
3.313122
2.390143
3.218078
0.056425
3.265274
3.691351
3.394912
3.074187
3.567231
0.000666
3.388325
0.165226
0.088618
0.371786
3.419773
0.586855
3.221555
3.189160
3.370984
1.044667
3.334915
3.430116
3.574475
1.780530
2.794338
3.224856
3.167173
1.940743
3.539861
0.089134
3.704531
2.634805
3.754502
0.204460
3.565486
3.615390
0.629794
0.018934
0.000841
0.228550
3.535110
3.438198
3.562117
1.298309
3.683103
1.489061
3.555494
3.731407
3.419781
3.548123
3.294478
3.851231
3.819940
3.763989
3.825705
0.241046
3.761468
3.758257
3.643043
3.573049
3.453305
0.360373
3.651152
3.443347
3.516180
3.450654
3.451925
3.225639
3.447467
3.155812
3.509572
2.162756
2.916794
2.889189
2.465097
3.787086
3.366808
0.002073
2.902108
3.593016
0.269355
3.832059
0.442862
3.585408
0.284679
3.478177
3.717291
3.517257
0.232757
3.667149
3.291004
3.075864
3.284305
0.612368
2.387677
0.342886
0.078576
0.066455
0.026778
3.561775
3.556882
3.175370
3.286943
3.225110
3.016563
2.964267
3.180021
3.386267
2.912449
1.492400
0.509697
0.002198
3.428433
2.766783
0.054183
3.482438
3.563129
3.284761
3.806378
2.914731
3.185747
0.195040
3.621358
3.210991
3.747529
1.077761
3.667565
3.218465
0.299879
3.680214
3.705041
3.692765
0.527710
3.210680
2.787627
2.672037
0.045714
3.570546
2.620361
2.839022
3.068419
0.219821
3.003968
3.706082
0.617013
2.528548
0.463422
3.382751
3.471456
3.346697
3.412580
1.130136
3.219884
0.931201
3.532881
3.251130
3.445940
3.235108
3.319620
0.512417
2.814509
3.240113
3.563874
3.130038
0.030745
3.063031
3.349091
3.128031
2.779357
0.263140
3.333741
3.554489
3.586495
0.449019
2.646937
2.271331
3.114503
3.149889
2.407987
2.845749
3.038726
3.000536
2.928837
0.031007
2.526931
2.457675
2.932646
2.733634
0.234913
0.071491
0.591617
2.925652
3.490236
2.287598
3.691887
3.327390
3.526564
3.306969
3.543719
3.135777
0.651930
2.888104
3.646774
3.546294
2.700256
2.496311
0.554050
0.229290
2.827357
0.192273
3.433226
3.218021
0.151165
3.826685
3.478976
3.550188
3.021420
3.677783
3.575621
3.754706
3.066098
0.056546
3.019491
2.740877
3.602852
3.852182
3.728437
2.606089
2.966261
2.292231
0.321197
2.917269
1.024325
3.356236
3.726611
3.598675
2.157688
3.847137
3.595074
3.795812
3.520609
2.997987
0.223617
3.821613
3.812201
2.937581
3.262085
3.596841
2.831502
2.271383
3.729478
0.397566
1.836668
2.914488
1.373493
2.773141
2.969625
3.192567
3.693157
2.342142
3.696493
3.354660
3.786880
0.322869
3.761831
3.718509
3.738799
1.119886
3.792636
2.380883
3.288564
3.411886
1.748153
3.032655
3.358790
3.038135
0.276034
2.789523
3.598452
2.984373
3.794290
3.807684
0.199802
3.468572
2.494716
2.843121
0.606821
2.796148
3.206097
1.260512
2.654352
2.001668
3.755019
3.614128
3.673026
0.441178
0.401272
0.671715
1.053752
0.299260
0.358661
0.819024
0.145083
0.058515
1.315741
1.311757
1.469097
1.707548
1.873388
1.828286
1.988912
1.669023
1.913452
1.792157
1.748334
2.022193
2.010851
2.110917
2.249618
2.376114
2.348086
2.279842
2.748133
2.877142
2.871381
3.186029
3.322595
3.305490
3.533355
3.609512
3.503811
3.697443
3.710860
3.781693
3.670006
3.772374
3.811649
3.787273
3.778836
3.642429
3.731785
3.658128
3.595516
3.802364
3.772391
3.646015
3.826630
3.796002
3.769531
3.579590
3.796429
3.648108
3.687616
3.497919
3.620212
3.745325
3.717383
3.654181
3.806871
3.567870
3.677386
3.823348
3.665533
3.693432
3.671567
3.855945
3.773154
3.727001
3.771188
3.360578
3.377856
3.245437
2.677957
3.379134
2.919992
2.134868
3.703490
3.581412
3.554760
3.603173
3.601228
3.212970
3.439593
3.563052
3.619451
3.580530
3.394269
3.370438
3.446643
3.205063
3.076227
3.121269
2.744992
0.067979
0.020997
1.588029
0.031873
0.263873
3.578341
0.095673
3.820223
0.707731
3.431588
3.146472
3.253064
0.000095
3.691973
3.815468
3.580886
0.038830
3.447518
3.456351
3.447507
3.462475
3.144679
0.198893
3.063263
3.249040
3.281548
2.455317
3.504627
2.454259
0.754829
1.875772
0.324731
3.759601
0.318705
3.797751
3.607634
2.452407
0.001002
3.762953
3.860517
3.681907
3.677915
3.804019
3.698064
0.102469
3.443523
3.684511
3.476859
0.177464
3.319948
3.671040
3.379412
3.703518
0.341867
3.536424
3.382135
3.336519
0.222976
3.330052
3.187334
3.605453
3.383504
3.369342
3.506660
0.090332
3.438601
3.270025
3.245683
3.361851
3.294319
2.962448
0.001815
2.981119
3.747606
3.060004
3.329386
1.538453
3.422848
0.638975
3.746297
3.674773
3.358505
2.034086
2.210618
0.231862
2.215481
0.004305
0.045270
0.001329
2.078425
0.418931
0.573517
0.409991
2.949259
2.431240
3.025339
2.685405
2.704244
0.438362
0.098583
3.762330
0.051607
3.584714
3.461850
3.813194
2.024781
3.459431
1.943310
3.423389
0.736278
3.770155
3.330236
3.057084
0.000297
3.841891
3.770053
0.048988
3.033785
3.784367
3.030163
2.574620
3.671861
2.536370
1.091244
3.293922
3.304079
3.816166
1.778545
3.114155
3.850661
0.165569
3.845331
2.104057
3.735492
0.365056
3.822826
3.260378
2.856212
2.889706
0.645931
3.575421
0.034419
0.399913
3.488304
2.705572
0.821316
3.843819
2.149111
3.578594
3.060817
3.014962
3.053539
3.038768
2.948126
0.971229
2.926770
3.737394
3.697408
3.592586
3.661946
3.633284
3.582510
3.595715
3.486580
3.255508
2.315906
3.496128
0.187034
3.600870
0.085048
3.385598
3.457982
0.344579
3.532623
3.300316
3.423587
3.417731
3.525771
2.898376
3.312492
3.380817
3.379657
3.169139
2.928689
2.995630
0.785186
3.125717
3.106003
2.923757
2.958323
3.661040
0.379192
0.014988
1.144320
3.523495
3.419064
3.584938
3.165806
0.000196
1.804469
0.183072
3.729445
0.059214
2.377587
0.122936
3.444195
3.325524
3.183262
3.163250
3.219687
0.658772
3.750297
3.238342
2.811515
2.901848
2.658667
3.798424
0.039421
2.748231
2.856455
3.267586
2.627819
0.328914
3.644649
2.674575
2.199134
3.024892
3.755069
2.897294
3.633622
3.021900
3.004707
2.762609
3.008631
3.175888
1.326644
0.240462
3.498353
2.391072
0.383035
0.338983
3.825085
3.723782
0.109613
3.834257
3.688615
0.654148
3.622426
0.599452
0.000972
0.761883
2.098237
2.532703
0.548257
0.035468
0.502135
3.628563
3.409497
2.904507
0.185153
3.564330
3.723148
3.047956
0.801222
3.570860
3.184680
0.366220
3.714853
3.828420
3.345197
3.690037
0.300244
2.665196
3.837376
0.859373
3.765318
3.600979
3.610638
3.543308
2.919905
3.715153
3.518389
3.664004
3.727453
2.228912
3.209160
3.823850
3.149802
3.846803
3.700954
0.109118
3.729059
2.007623
2.697606
0.848847
3.724429
3.732712
3.838677
0.227498
3.496833
3.313584
0.001406
1.934908
1.928185
0.081275
0.312400
0.551131
0.624230
0.952176
1.775687
0.009486
3.179003
3.269880
2.930830
2.976792
3.560017
3.665393
3.614411
3.780795
3.691203
3.729164
3.765083
3.550783
3.821887
3.832138
3.662858
3.674938
3.779088
3.581452
3.622321
3.770832
3.818208
3.757954
3.733848
3.781730
3.711774
3.496101
3.684723
3.722310
3.445445
3.400425
3.130445
2.804188
2.041620
0.000211
3.613406
3.669166
3.271555
3.358195
3.021321
2.358615
2.591908
0.084770
3.724741
0.068667
3.459432
3.421814
3.741658
0.300491
3.594044
3.545214
3.663884
3.730383
0.135711
3.608969
3.569697
3.407069
2.760837
2.249922
3.388169
1.322873
3.556642
3.329696
0.021334
2.989582
3.237883
3.573858
2.921559
3.058271
3.287920
0.031112
3.610375
3.130004
3.759854
3.356370
2.766450
3.629915
0.068247
0.200036
0.497714
0.000137
2.473101
3.199228
3.694674
3.565558
3.564809
3.566768
3.650890
3.636319
3.597605
3.425539
3.377072
3.511758
3.436718
3.443298
3.565286
3.590909
3.290595
3.193267
3.571459
3.200407
2.765382
3.150741
3.036450
2.281081
2.461186
2.279887
0.067774
3.482651
3.340091
3.509083
3.480513
3.314407
0.321531
0.118488
0.542045
3.336468
0.244949
0.074157
3.218248
1.399504
2.261436
3.399991
1.805424
3.348065
1.356642
3.322977
3.149900
0.094036
3.456086
3.209518
2.997339
3.131986
0.239226
3.182655
0.001044
3.574398
0.375259
3.565320
0.090276
3.023576
3.330888
3.581760
3.510878
0.263103
3.673744
3.509307
3.238043
3.075325
3.332471
2.492633
0.938657
3.054523
2.972311
2.997371
3.306918
2.676430
3.448078
3.325974
3.546611
3.005741
0.053069
0.458289
3.394304
2.239471
2.939666
3.487477
2.207371
0.462247
3.289498
3.587048
0.004173
3.603847
2.464742
3.763329
1.069930
3.769593
1.298343
3.539673
0.186035
3.710352
0.340271
3.516287
3.043536
0.974499
3.602554
0.297045
3.318926
2.857092
2.933263
3.390600
0.443727
3.359154
2.728587
1.520672
0.452861
3.407221
3.117548
3.103819
2.649163
3.502948
0.011120
2.970365
0.149724
2.054526
0.274235
3.825860
3.797516
0.501480
3.720858
0.218467
3.796054
0.725622
3.640763
3.710902
1.627092
2.982911
2.482968
2.967762
2.490903
0.370375
3.649834
3.861577
3.653385
3.795214
3.856840
3.692723
0.028206
3.691924
3.770048
0.565641
3.655463
3.628483
3.685106
3.184643
0.223256
3.593951
3.852712
3.776324
2.433509
0.408300
3.705803
1.099617
3.643560
3.577788
2.501045
0.817249
3.612730
3.702049
3.545948
0.329919
3.604363
0.101704
3.463203
3.834009
2.567688
0.854075
3.563935
0.183543
3.627337
3.153872
0.761689
3.264157
3.769306
3.565903
3.530653
3.294391
3.431689
3.735791
3.000589
0.067382
3.675875
3.334260
3.365328
0.002149
2.778616
0.607697
3.595746
3.657900
0.236747
0.025563
3.443371
1.714700
0.160866
3.770330
3.422156
0.757510
0.293632
3.285056
3.269112
3.578093
0.884857
3.247746
3.115650
3.842632
0.536172
0.271187
3.817399
3.398377
3.810444
3.363614
1.334098
3.738139
3.519611
3.176657
3.064408
3.185576
3.703018
3.310311
0.098074
0.447673
3.705774
3.215098
3.482692
3.325709
3.748423
3.228331
3.118479
3.424577
3.733378
3.143560
2.948864
3.099671
3.794817
3.822098
3.099210
3.836855
3.683894
2.205093
0.101153
3.253366
2.912580
3.028296
3.731646
3.844660
3.708577
2.957602
0.647532
3.040614
1.636669
3.718788
3.643256
2.627469
3.801304
0.687432
3.738058
0.234219
3.777560
2.715524
3.327571
1.217380
1.090164
3.703817
3.760895
3.717510
3.500860
1.069093
3.616244
0.814006
2.039685
0.188356
3.837263
3.523165
3.677680
0.000274
3.826221
3.676875
3.362601
2.162248
1.119729
3.761866
3.685418
0.160313
3.545569
2.961306
3.685899
3.109833
2.120076
1.087136
3.772136
3.016608
3.569843
2.272311
0.552989
2.980590
3.813066
3.146547
1.334795
1.973384
3.793987
1.739466
0.013946
0.006267
2.366719
0.267066
0.724285
0.678061
0.438714
3.234942
1.239963
0.367684
0.279869
3.279878
2.903497
3.304559
3.618771
3.663347
3.616796
3.774457
3.804583
3.829994
3.831114
3.649654
3.847303
3.690709
3.715057
3.482610
3.819336
3.782382
3.733650
3.791850
3.857748
3.665763
3.712562
3.751965
3.811239
3.775593
3.338751
3.850825
3.696690
3.605463
3.808437
3.275079
3.817365
3.627705
3.731379
3.752797
3.709825
3.559280
3.746885
3.637857
3.703204
3.317928
3.646002
3.301268
3.354153
3.348575
2.382483
3.569138
3.606639
3.635275
3.339245
3.535275
3.443140
3.584990
3.173288
2.385003
2.797005
3.363953
2.463370
2.734249
0.075390
3.552477
3.380430
3.007813
0.024226
3.414369
2.477791
3.173162
2.746292
1.614589
2.056601
3.529488
2.262312
0.009902
3.675381
3.370159
3.741312
3.546495
3.686249
3.512311
3.451803
3.398499
3.566852
0.120094
3.538651
3.164948
3.744228
0.223185
0.000213
3.526816
3.325977
3.523792
1.806005
3.291471
3.113518
3.217969
3.696134
0.084907
3.412274
3.741634
3.396699
3.666303
2.851999
1.795907
0.307144
3.804111
3.602925
2.693054
3.582633
3.488061
0.091620
2.135433
0.022153
3.399810
2.926537
0.244801
3.663237
0.098479
3.738388
3.734923
3.311281
0.054256
3.403841
3.759531
3.253335
2.974316
3.657170
3.779276
0.410352
2.169934
3.431171
2.023952
3.762362
0.354779
0.510183
0.235962
2.357034
0.357007
3.601754
3.440453
3.524668
0.437789
3.656831
0.042928
3.739709
3.326365
3.615049
3.338168
0.342526
3.414231
3.422508
2.970517
0.000614
3.693807
3.800404
1.189306
0.048188
2.204826
0.427828
3.586000
0.283957
3.574198
0.251204
3.308822
3.351451
2.921325
2.973411
2.409653
3.206810
2.603418
3.429836
3.202874
3.317453
2.536695
3.110467
2.904369
0.143762
3.361663
3.339624
3.473988
3.192803
2.434620
0.001782
3.610029
1.322007
3.546941
3.384118
2.860543
0.877547
3.318073
0.477290
0.887607
3.570623
3.436547
3.216570
3.300608
3.702151
0.283054
3.805902
3.129065
2.624174
3.590031
0.071172
3.407727
3.801305
3.247956
3.840395
0.750917
3.644102
3.666505
0.759348
0.047837
3.267959
1.710522
3.438540
3.008529
3.087342
2.952830
2.438510
0.519690
3.664926
0.070714
2.796439
0.004711
3.357557
3.751594
3.304354
3.182798
1.965701
3.053514
3.674841
0.383020
0.079862
3.601049
3.238377
0.445556
3.582136
0.355666
0.731212
3.330824
3.007843
3.682727
1.535475
3.483732
3.051590
0.718628
2.679828
2.700664
1.273176
0.650434
3.712258
3.595944
0.206991
3.263699
3.688452
2.296175
0.002774
3.390244
3.578661
3.347720
0.056466
3.363582
3.463129
2.930978
3.669264
2.669544
0.127841
3.574290
3.722150
3.658847
3.302731
2.744250
3.018874
3.336850
3.435951
3.502213
3.848878
3.753976
2.811296
3.029792
0.528993
3.285979
3.786721
3.355889
2.805914
3.343759
2.046351
3.155718
2.549001
0.664701
3.626286
2.446748
0.513626
3.776761
3.767617
0.143654
3.832925
2.911996
3.610912
3.406633
3.835125
3.393974
3.144781
0.414397
0.208958
3.006659
3.489553
3.516591
2.952694
3.556817
0.551111
3.625440
3.255575
3.726579
3.480043
3.709340
0.902357
0.246693
3.765437
3.334972
2.404765
3.503100
3.755077
2.422283
0.038759
3.700950
3.712385
3.506640
2.969868
3.777028
3.773458
1.162294
3.855914
3.670154
0.681227
3.771250
3.667119
3.824595
0.160573
2.772751
1.230765
3.702929
3.670227
3.605565
1.206856
3.785315
3.633779
0.636507
3.326566
0.001086
3.259150
3.274138
3.079784
0.574410
3.528901
0.180991
3.110422
3.599479
0.008247
3.652004
3.282239
3.440456
0.069819
3.537889
0.190111
3.423268
3.754007
2.806030
3.282971
3.300510
2.885454
2.276979
3.796410
2.838385
0.009758
0.575704
3.050205
1.557004
2.596814
3.430638
3.691978
3.590661
3.324188
0.744839
2.315984
3.680347
3.084949
1.307181
3.634735
3.036082
0.041779
0.954665
2.377765
0.026746
1.781611
1.097472
0.299811
0.860464
2.090180
0.006870
1.162967
2.227738
2.363523
2.191575
2.224863
2.254216
2.024443
2.339991
2.408950
2.756311
2.781368
2.762023
3.113723
3.259630
3.306975
3.492609
3.577856
3.641930
3.771522
3.597372
3.739386
3.765994
3.774957
3.842941
3.828082
3.756865
3.828641
3.682537
3.681453
3.757534
3.661758
3.750249
3.753354
3.691722
3.453387
3.709379
3.841865
3.745642
3.754687
3.771710
3.740480
3.841758
3.640376
3.507143
3.317401
3.359967
3.800098
3.577429
3.617935
3.761228
3.584005
3.302009
3.613116
3.711054
3.199227
2.876226
2.255871
2.194942
3.501193
0.030971
3.496625
3.465141
3.180890
3.632750
0.084770
3.862450
3.619486
3.709667
3.655700
3.352577
0.000274
3.473207
3.191782
3.214886
2.132846
2.348466
0.067974
3.764519
0.124695
3.341736
3.741733
3.642906
3.677214
3.718509
0.096922
3.109671
3.405683
3.131373
3.692238
3.674266
3.404951
0.129687
3.229859
3.684655
3.266657
3.272508
3.338478
2.573491
3.853410
3.859814
0.753498
3.298436
3.732767
0.334423
3.147661
3.717022
3.440605
3.690226
3.349520
3.469497
3.570543
3.627244
3.218727
3.592877
3.633805
3.506233
3.485238
3.425784
3.593040
3.359012
3.467162
0.473443
0.406391
3.107225
2.812082
0.469252
2.530993
3.560462
2.206237
3.419449
2.313017
0.418771
3.536021
0.091381
0.252683
3.761093
0.005024
2.488157
0.102154
3.227765
3.619912
3.117643
0.237009
2.464251
2.405914
0.616967
2.458402
0.524800
0.067075
0.312613
3.747562
3.431011
3.768219
0.326179
3.491549
3.028683
3.384819
0.498333
3.296847
3.294683
3.334513
0.784002
3.534390
0.639710
3.463955
3.629566
2.964759
3.317708
2.401114
2.967119
3.609713
0.008173
0.096228
3.653637
2.814139
3.689879
3.071029
2.581836
2.941691
0.374412
3.411827
3.702619
0.000557
3.449470
0.648193
0.640179
3.273219
3.594915
3.448203
3.330328
3.068951
2.221956
2.889923
0.750522
2.771261
3.477832
3.494869
3.206212
3.476290
3.368659
0.724933
2.900642
3.380464
2.936738
3.406957
0.012002
3.379625
2.932836
2.277085
0.284457
2.975781
2.918457
3.517045
0.259333
3.674868
3.612851
0.035187
3.349016
0.538712
3.415624
3.595861
0.143685
3.155751
2.998802
0.851616
3.091504
3.423140
2.973005
0.299977
3.628583
0.326989
0.438503
3.606763
0.202822
2.831878
0.072802
2.639002
0.347127
0.661909
2.223186
1.575046
0.012281
0.106032
3.372577
3.268256
0.180863
2.216564
0.146621
2.975145
3.225020
2.941226
3.552927
3.412363
2.422648
0.549203
0.026283
1.985421
0.410409
0.543198
3.571323
1.660935
3.591293
3.525550
3.550098
3.277428
0.095990
3.502095
3.500174
1.850300
3.241534
3.293183
3.283174
3.311946
3.210764
3.379375
1.419279
3.424079
3.675600
3.433604
3.319493
3.305760
3.050138
3.145483
0.155491
3.263358
2.418664
3.342391
0.335709
0.737940
3.304315
3.023753
0.941336
3.844727
3.530040
3.465955
2.791773
0.381158
3.768059
2.935765
3.267832
2.951809
3.376058
0.064553
3.667883
3.403984
3.833057
3.732080
3.003088
3.625360
3.238742
2.950599
2.937120
2.489308
0.239864
3.667435
3.025579
0.554107
3.701523
1.092046
3.298359
3.584525
2.367794
2.651066
3.583450
0.560809
3.768275
3.391958
2.516348
3.702533
3.724530
3.688594
3.078509
0.167638
3.573252
2.807586
3.752874
3.809163
3.757957
3.635017
2.717110
0.030122
0.600662
3.826048
3.824549
1.575258
2.248281
1.347082
2.649997
3.273604
2.738353
3.549383
2.662426
0.000183
0.378886
3.614375
3.521288
3.834158
0.181608
3.451576
3.715258
2.888769
2.764251
3.769387
3.523239
3.749786
0.283597
3.808189
0.011579
3.460842
3.645717
1.409885
3.806006
3.566218
0.058286
3.655890
3.824102
0.798772
1.759047
3.841128
3.809668
0.371375
3.314735
3.546109
0.947422
2.481124
3.713024
3.818199
0.329023
1.788770
1.170039
3.303655
0.003019
0.265852
0.944304
0.801675
0.199465
1.359798
0.672161
2.426685
0.168058
1.636893
2.084942
2.176755
2.125284
2.729600
2.969732
3.162365
3.099921
2.977645
3.398494
3.429479
3.498014
3.633482
3.645773
3.620533
3.730210
3.692995
3.623898
3.690190
3.756672
3.663261
3.656651
3.767398
3.633573
3.649677
3.664255
3.419936
3.694349
3.486436
3.634356
3.423312
3.565756
3.609707
3.627940
3.454610
3.423745
3.559871
3.488067
3.538795
3.509891
3.592349
3.547160
3.256246
3.419185
3.583973
3.739479
3.747498
3.835733
3.646205
3.696274
3.723518
3.855308
3.658578
3.677577
3.804162
3.769986
3.651493
3.450122
3.711440
3.672621
3.108939
3.457916
2.813009
2.196822
2.471240
0.000274
1.454261
0.030982
0.065052
3.830666
0.111092
3.494832
3.816753
2.204617
3.694915
0.020498
3.826329
3.603585
2.320427
3.572466
0.440609
3.744362
3.753228
3.341057
0.188984
3.206635
3.158599
3.612666
3.651304
3.587827
3.178009
3.165577
2.147857
3.531252
0.194170
3.345547
3.362538
2.891269
3.379365
3.428148
0.158527
3.654198
3.346505
3.798896
2.304323
3.017272
3.429019
3.508544
0.493467
3.502715
1.949495
0.099434
3.455183
3.350458
3.063815
0.380560
0.235221
0.001478
2.295397
2.160261
3.118718
2.444266
0.335702
3.208712
3.845067
3.849778
0.440572
3.624418
3.322679
3.265637
3.250982
3.433493
3.256727
0.063718
3.586765
3.534962
0.086364
3.658627
0.610999
3.789478
3.804225
3.729265
3.696565
3.723490
3.619668
0.254256
3.553955
3.436111
0.130150
3.384552
3.618998
3.382570
3.556971
2.986708
3.658164
0.751724
3.440229
3.290255
3.276924
0.483239
0.019278
3.118103
3.754824
3.372775
3.017905
2.443379
3.129766
3.310265
3.213984
3.299189
3.221828
3.177120
2.785763
0.073573
3.524621
3.732851
1.495173
0.174789
3.191519
3.799376
3.685053
2.189227
3.534859
3.457988
1.705241
3.119519
3.203483
3.769095
2.843541
0.729176
3.382865
3.830024
0.159744
3.722094
3.389649
3.799827
0.371748
3.570439
3.239808
3.645653
3.026633
3.016629
0.334083
3.022813
2.663356
2.032290
2.340886
0.363537
3.588586
0.136312
0.000110
2.301152
0.001307
3.731092
3.338904
0.718762
3.260026
3.454245
3.731391
0.632843
3.852651
3.402694
0.024641
3.197441
3.582938
3.586367
3.718509
0.011203
3.804662
3.188500
0.774534
3.411812
2.783902
0.654407
0.548592
2.374127
3.288385
2.908543
0.603546
3.782996
0.995902
3.391007
2.997003
3.724903
3.645219
2.983450
0.292507
3.855626
2.850992
2.420751
1.966911
0.507364
3.748670
0.065909
0.602888
3.543005
1.218859
3.202320
2.976225
0.532863
3.470612
2.329231
0.142606
3.314353
3.440246
0.268887
0.391224
2.766464
0.644047
0.044411
2.528125
2.491848
0.093444
1.399649
2.614402
2.845189
1.176352
0.631582
0.855345
0.014403
0.829310
0.290668
3.453871
3.739243
3.501318
3.752135
3.508948
3.486623
3.781382
1.373538
2.789683
3.088469
3.692765
3.140379
2.196001
2.842469
0.100793
3.664891
2.904283
2.619809
0.279665
0.324964
3.599236
2.863763
3.722600
3.473813
0.028136
3.304938
3.617653
0.667291
3.117905
3.605846
0.090314
3.111688
3.664974
3.535538
0.253172
2.234752
3.177078
2.577488
3.725644
3.226114
3.397737
0.865683
3.129368
3.117391
3.607370
2.955410
2.609568
3.151719
3.788613
3.033270
0.406790
2.920555
2.732216
0.469537
3.300626
3.825163
3.494437
3.827967
3.402324
3.089612
3.760374
0.242675
0.393820
3.801262
3.842276
3.843586
3.698655
2.310905
3.372799
2.993305
2.293647
3.748176
2.078425
3.679496
2.689500
2.990488
2.529972
0.313720
3.666074
3.802779
0.105110
1.709030
0.126047
3.742270
3.745928
3.576434
3.777795
3.614934
1.584772
3.493477
1.560151
3.732788
3.626576
3.477465
3.693556
2.812814
2.135305
1.860058
3.628657
2.939605
2.239711
0.473932
2.879220
0.384057
3.252535
3.728428
2.332136
2.518079
2.676792
0.439469
0.017056
0.257457
0.075520
1.782414
0.708201
0.595261
0.795978
0.147015
1.382872
1.721222
1.752557
2.268915
2.015912
2.356373
2.614778
2.815883
2.887298
3.079902
3.252214
3.442443
3.369139
3.296711
3.589740
3.672573
3.722499
3.808066
3.746602
3.819734
3.799878
3.770999
3.858563
3.849243
3.758710
3.813489
3.800850
3.750305
3.715704
3.535417
3.824249
3.724199
3.681777
3.814548
3.562983
3.759145
3.599028
3.842308
1.540844
3.585939
0.176029
3.750490
3.627881
3.336942
3.727849
3.816189
3.614367
3.677048
3.776753
3.705195
3.757830
3.433022
3.565228
3.800788
3.590835
3.546149
3.662303
3.383657
3.768055
3.688227
3.488576
3.587071
3.574570
3.371417
3.751229
3.561712
3.557887
3.554132
3.391348
2.231216
0.000274
3.690308
3.591803
3.572467
3.599124
3.670453
3.571213
3.277566
3.532634
3.476553
3.199949
3.511450
3.417954
2.816984
3.516363
0.084774
0.107010
3.140748
0.105437
2.755494
3.251335
3.354517
2.405133
1.800375
3.446730
3.468275
2.332070
3.409290
2.011449
3.644526
0.000135
1.103078
1.537376
2.012970
0.298412
3.535647
2.514848
3.549152
0.007157
0.001232
0.242730
3.459076
3.495927
0.014444
3.458738
1.747735
0.254372
3.223514
3.824122
3.583709
1.781369
3.507864
3.450278
3.026554
3.267880
0.231617
3.370793
0.093946
3.802560
3.534332
3.592325
0.103872
3.664521
0.513009
3.610437
3.681588
0.344406
3.431649
3.688764
3.444454
1.300251
3.392924
0.565012
3.503591
3.292023
3.327500
3.348535
2.102716
1.506604
3.769134
0.368595
3.245269
3.200770
3.282038
3.407283
3.347552
3.040338
1.535974
0.061907
3.513571
3.314949
3.714275
0.249094
3.716831
3.408566
3.135776
0.844482
3.044090
3.276898
3.390967
0.001654
3.278118
2.922934
0.218497
3.040251
3.662627
3.146498
2.315535
3.787546
3.657570
0.315934
0.074228
0.002292
3.816461
3.773715
0.463776
3.812543
3.433213
0.664112
3.086480
3.056661
3.724572
3.361659
0.625185
2.149252
0.229901
3.321030
2.854105
1.485093
2.519883
0.027640
3.418761
3.782646
0.550124
3.424638
3.746887
0.162858
0.091003
3.313665
3.420509
2.689304
3.680064
3.226302
0.179956
3.339492
3.664687
3.623799
3.000950
3.535301
3.439870
0.102286
0.380333
3.079056
0.685532
3.715072
3.604187
2.949402
2.738933
2.337751
0.416585
3.532581
0.266336
3.501863
3.461882
3.310396
2.153709
3.384738
3.645895
3.244293
0.742744
0.883666
3.559464
2.762916
3.074464
2.671321
3.500329
3.612478
0.563613
2.923803
3.116489
0.127114
3.536969
2.965608
3.158081
3.610612
0.007678
3.289623
3.347219
3.719321
3.732762
3.012222
2.990081
3.535640
3.589737
3.153219
3.063387
2.797256
3.793916
3.185808
2.935969
3.222890
2.648482
2.781621
2.907721
2.686862
3.036784
1.248565
3.564839
2.828371
2.403868
0.379886
3.286494
2.992025
2.385412
2.862284
0.331638
3.387106
0.884846
0.619078
2.547809
2.434514
3.030144
0.653652
3.672019
2.999836
3.170341
0.762638
2.073715
3.787569
3.398873
2.439906
3.246805
2.498401
2.748889
0.019350
0.056541
3.446556
3.620516
3.208088
0.599918
3.268559
3.452961
3.736226
2.928437
3.681833
3.277987
3.126686
2.232798
1.363418
3.825723
2.456958
2.043933
3.644297
0.140577
2.508506
0.067986
3.757134
3.657075
3.178959
3.023681
3.726491
2.840964
2.935744
3.040430
2.920117
0.101077
1.278062
3.348142
0.477130
0.005960
2.328791
0.413695
3.221842
3.605859
3.782756
0.701896
2.807519
3.208201
3.429442
0.163865
2.689014
2.191053
3.280383
2.839563
3.617372
3.176210
3.762782
3.555315
3.303495
3.737620
2.538251
2.536353
3.146898
2.777210
3.378836
0.204364
3.318381
3.576687
3.799623
0.127003
2.684885
3.694531
3.456282
2.852591
2.379281
3.626542
2.757429
3.788444
3.631289
0.765963
3.133116
3.526123
0.239481
3.671972
3.473895
0.105473
3.744000
3.234205
2.539990
1.091524
3.748103
